-151.560
-162.756
-149.476
-151.748
-148.375
-151.637
-151.964
-151.996
-152.000
-11.600
2.440
-10.556
2.544
0.254
0.025
0.003
0.000
3.600
-10.440
-1.044
3.496
0.350
3.635
3.963
3.996
-10.400
2.560
3.856
0.386
3.639
-10.436
-1.044
-10.904
2.510
3.851
0.385
0.039
3.604
3.960
0.396
3.640
0.364
3.636
0.364
0.036
3.604
-10.440
-1.044
3.496
0.350
0.035
-10.796
-11.879
2.412
0.241
-10.776
2.522
0.252
0.025
3.602
3.960
3.996
4.000
4.000
0.400
28.840
17.284
73.729
93.773
9.377
-96.262
-207.626
-222.363
-209.436
-204.544
-132.054
-13.205
-1.321
-0.132
3.587
-14.041
-30.204
-89.420
-138.542
-125.454
-95.345
-92.335
-106.433
-68.243
-21.224
-2.122
3.388
3.939
0.394
3.639
-14.036
185.797
151.780
-647.222
-795.522
-450.352
995.365
1903.137
1993.914
1538.592
272.659
30.866
6.687
0.669
3.667
14.767
15.877
19.588
-26.841
-89.084
-163.708
-232.371
-253.637
-241.364
-225.736
-224.174
-238.417
-236.242
-221.624
-220.162
-18.416
1.758
0.176
0.018
3.602
0.360
0.036
-10.796
-202.680
-265.068
-267.707
-271.571
-271.957
-271.996
-268.399
-253.640
-237.764
-250.576
-241.058
-236.506
-221.651
-238.165
-239.817
-225.582
-206.158
-35.016
0.098
3.610
0.361
3.636
3.964
-10.404
2.560
3.856
0.386
3.639
-24.836
-27.683
-218.768
-666.277
-642.628
-640.263
-478.026
-29.803
-2.980
3.302
3.930
3.993
0.399
0.040
0.004
3.600
0.360
0.036
3.604
3.960
0.396
14.440
1.444
3.744
0.374
0.037
0.004
3.600
3.960
0.396
3.640
0.364
0.036
3.604
3.960
3.996
0.400
0.040
3.604
