-101.805
-137.944
-166.930
-190.094
-208.650
-223.495
-235.596
-245.477
-253.381
-202.755
-162.179
-129.668
-103.260
-82.033
-65.101
-51.531
-40.725
-31.955
-25.039
-19.556
-15.195
-11.731
-8.910
-6.553
-4.742
-3.344
-2.500
-1.875
-1.500
-1.075
-0.860
-0.688
-0.500
-0.075
0.440
0.852
1.256
1.530
1.774
1.944
2.180
2.319
2.355
2.434
2.497
2.523
2.518
2.290
2.032
1.675
1.440
1.077
1.012
0.984
0.963
2.070
2.981
3.410
3.853
3.582
3.491
3.793
4.209
4.217
4.224
10.979
14.933
29.797
42.537
34.405
5.274
-38.781
-74.350
-100.605
-120.284
-120.527
-95.597
-75.777
-59.997
-47.348
-40.703
-36.812
-47.950
-65.235
-73.863
-74.515
-79.037
-85.380
-79.779
-63.248
-50.224
-39.929
-31.568
-24.554
-18.794
-16.410
32.522
47.043
-112.691
-253.278
-272.522
27.732
398.361
694.864
841.666
694.958
557.641
447.838
360.145
290.266
235.463
191.020
157.491
121.518
78.514
28.212
-23.656
-70.275
-100.320
-123.981
-142.710
-160.593
-173.174
-181.514
-188.836
-148.619
-116.670
-90.936
-70.474
-54.054
-40.943
-30.380
-28.454
-66.288
-106.680
-138.119
-161.946
-182.681
-201.070
-213.406
-219.950
-223.535
-226.978
-229.232
-229.211
-227.594
-226.775
-226.520
-225.041
-218.283
-175.001
-137.851
-108.031
-84.575
-65.860
-50.863
-39.190
-29.527
-22.597
-15.902
-10.372
-14.098
-16.403
-62.797
-194.438
-280.500
-350.775
-362.820
-288.156
-228.450
-177.210
-139.793
-110.034
-86.328
-67.112
-51.740
-39.717
-29.948
-21.434
-15.272
-9.968
-5.774
-2.369
0.305
2.469
4.125
5.475
6.630
7.504
8.203
8.713
8.920
8.911
8.879
8.803
8.742
8.694
8.780
9.049
9.489
