-114.000
-131.000
-141.500
-146.750
-149.375
-148.687
-150.344
-149.172
-150.586
-73.293
-36.646
-18.323
-7.162
-1.581
1.210
2.605
3.302
3.651
3.826
3.913
3.956
3.978
3.989
1.995
0.997
2.499
1.249
0.625
2.312
3.156
3.578
1.789
2.894
1.447
0.724
2.362
3.181
3.590
1.795
2.898
1.449
0.724
2.362
3.181
1.591
2.795
3.398
1.699
0.849
2.425
1.212
2.606
1.303
2.652
3.326
3.663
1.831
0.916
2.458
3.229
3.614
1.807
0.904
0.452
2.226
3.113
3.556
3.778
1.889
0.945
2.472
3.236
1.618
2.809
1.404
2.702
3.351
3.676
1.838
2.919
1.459
0.730
0.365
2.182
3.091
1.546
0.773
0.386
0.193
0.097
0.048
2.024
1.012
0.506
2.253
1.126
0.563
2.282
1.141
2.570
3.285
1.643
2.821
3.411
3.705
1.853
2.926
3.463
1.732
0.866
2.433
1.216
0.608
0.304
0.152
0.076
0.038
0.019
2.009
1.005
0.502
2.251
1.126
0.563
0.281
0.141
2.070
3.035
3.518
3.759
1.879
0.940
2.470
1.235
2.617
1.309
2.654
1.327
2.664
1.332
0.666
0.333
2.166
3.083
1.542
2.771
3.385
3.693
3.846
3.923
3.962
1.981
2.990
1.495
0.748
2.374
3.187
3.593
1.797
2.898
3.449
1.725
0.862
2.431
1.216
2.608
3.304
1.652
0.826
0.413
2.206
3.103
3.552
1.776
2.888
1.444
0.722
2.361
3.180
1.590
2.795
1.398
0.699
0.349
2.175
1.087
2.544
3.272
3.636
3.818
3.909
1.954
0.977
2.489
3.244
1.622
0.811
2.406
3.203
1.601
0.801
0.400
0.200
2.100
1.050
2.525
3.262
3.631
3.816
3.908
3.954
3.977
1.988
2.994
1.497
2.749
3.374
1.687
2.844
1.422
2.711
1.355
2.678
1.339
2.669
3.335
1.667
2.834
3.417
1.708
0.854
2.427
1.214
2.607
3.303
1.652
2.826
1.413
0.706
0.353
2.177
1.088
0.544
0.272
2.136
3.068
3.534
1.767
2.883
3.442
3.721
3.860
1.930
2.965
1.483
0.741
2.371
1.185
0.593
2.296
3.148
3.574
3.787
3.893
3.947
1.973
2.987
1.493
0.747
2.373
1.187
0.593
0.297
0.148
0.074
2.037
1.019
2.509
1.255
2.627
1.314
0.657
0.328
2.164
1.082
0.541
2.270
1.135
2.568
3.284
1.642
0.821
0.410
0.205
2.103
1.051
0.526
2.263
1.131
2.566
3.283
1.641
2.821
3.410
1.705
0.853
0.426
2.213
1.107
0.553
0.277
0.138
2.069
1.035
2.517
1.259
2.629
1.315
0.657
2.329
3.164
1.582
0.791
2.396
1.198
2.599
1.299
2.650
3.325
3.662
1.831
0.916
2.458
3.229
3.614
1.807
2.904
3.452
1.726
2.863
3.431
3.716
3.858
3.929
1.964
2.982
1.491
2.746
3.373
1.686
2.843
1.422
0.711
0.355
0.178
0.089
0.044
0.022
0.011
0.006
2.003
3.001
3.501
1.750
0.875
0.438
2.219
3.109
1.555
0.777
0.389
0.194
0.097
0.049
0.024
2.012
1.006
0.503
2.251
1.126
0.563
2.281
3.141
1.570
2.785
3.393
1.696
0.848
0.424
0.212
2.106
1.053
0.526
2.263
1.132
0.566
0.283
0.141
2.071
1.035
2.518
3.259
1.629
2.815
3.407
1.704
0.852
2.426
1.213
0.606
0.303
0.152
2.076
3.038
1.519
2.759
1.380
0.690
2.345
1.172
0.586
2.293
3.147
3.573
3.787
1.893
0.947
2.473
1.237
2.618
1.309
2.655
1.327
2.664
3.332
1.666
2.833
3.416
1.708
0.854
2.427
1.214
0.607
2.303
1.152
2.576
3.288
3.644
1.822
0.911
2.455
3.228
1.614
0.807
0.403
2.202
3.101
3.550
3.775
1.888
0.944
0.472
0.236
0.118
0.059
0.029
0.015
0.007
2.004
3.002
1.501
0.750
0.375
2.188
3.094
1.547
0.773
0.387
0.193
0.097
0.048
0.024
0.012
2.006
1.003
2.501
1.251
2.625
3.313
3.656
3.828
3.914
1.957
2.978
3.489
1.745
2.872
1.436
2.718
3.359
3.679
3.840
1.920
2.960
3.480
1.740
0.870
2.435
1.217
0.609
0.304
0.152
0.076
0.038
0.019
0.010
2.005
1.002
2.501
1.251
2.625
1.313
0.656
0.328
2.164
1.082
2.541
3.270
1.635
0.818
2.409
3.204
1.602
0.801
2.401
1.200
2.600
3.300
3.650
1.825
2.912
1.456
2.728
3.364
3.682
1.841
2.920
3.460
1.730
0.865
2.433
3.216
1.608
0.804
2.402
3.201
3.600
1.800
2.900
3.450
1.725
0.863
2.431
3.216
3.608
3.804
1.902
0.951
2.475
3.238
1.619
2.809
3.405
1.702
0.851
2.426
1.213
0.606
0.303
0.152
2.076
3.038
3.519
1.759
2.880
1.440
2.720
3.360
3.680
3.840
3.920
1.960
2.980
1.490
2.745
1.372
0.686
0.343
0.172
0.086
0.043
2.021
3.011
1.505
2.753
1.376
0.688
2.344
1.172
2.586
3.293
1.646
2.823
1.412
0.706
2.353
1.176
2.588
1.294
0.647
0.324
2.162
3.081
3.540
1.770
0.885
0.443
0.221
2.111
3.055
3.528
3.764
3.882
1.941
0.970
2.485
1.243
2.621
1.311
0.655
0.328
2.164
1.082
0.541
2.270
3.135
3.568
3.784
3.892
1.946
0.973
2.486
3.243
3.622
1.811
0.905
2.453
3.226
3.613
1.807
0.903
2.452
3.226
1.613
0.806
2.403
1.202
2.601
3.300
3.650
1.825
2.913
1.456
0.728
0.364
2.182
3.091
3.545
3.773
3.886
1.943
2.972
3.486
1.743
0.871
0.436
0.218
0.109
0.054
2.027
1.014
0.507
0.253
0.127
0.063
2.032
1.016
2.508
1.254
2.627
3.313
1.657
2.828
3.414
3.707
1.854
0.927
0.463
2.232
1.116
0.558
0.279
0.139
0.070
0.035
2.017
3.009
3.504
1.752
0.876
2.438
1.219
0.610
2.305
1.152
2.576
1.288
0.644
0.322
0.161
0.081
0.040
0.020
0.010
0.005
0.003
2.001
3.001
3.500
3.750
3.875
3.937
1.969
0.984
0.492
0.246
2.123
3.061
1.531
0.765
0.383
0.191
2.096
1.048
0.524
2.262
1.131
0.565
2.283
3.141
1.571
2.785
1.393
0.696
0.348
2.174
1.087
2.543
3.272
1.636
2.818
1.409
0.704
0.352
0.176
0.088
0.044
0.022
0.011
2.005
3.003
3.501
3.751
3.875
3.938
3.969
1.984
2.992
3.496
1.748
0.874
0.437
2.218
3.109
1.555
0.777
0.389
0.194
0.097
2.049
1.024
0.512
0.256
0.128
2.064
3.032
3.516
1.758
2.879
3.439
1.720
0.860
0.430
0.215
0.107
0.054
0.027
2.013
1.007
0.503
2.252
1.126
0.563
0.281
0.141
0.070
0.035
0.018
2.009
3.004
3.502
3.751
3.875
3.938
3.969
3.984
1.992
0.996
0.498
0.249
0.125
0.062
0.031
0.016
0.008
0.004
0.002
0.001
0.000
2.000
3.000
1.500
2.750
3.375
3.687
3.844
1.922
0.961
2.480
1.240
2.620
1.310
0.655
2.327
3.164
3.582
3.791
3.895
1.948
0.974
2.487
1.243
2.622
1.311
0.655
0.328
0.164
0.082
0.041
0.020
0.010
2.005
1.003
0.501
2.251
1.125
2.563
1.281
2.641
1.320
0.660
0.330
0.165
2.082
1.041
0.521
0.260
0.130
0.065
2.033
1.016
2.508
1.254
2.627
3.313
3.657
1.828
0.914
2.457
1.229
2.614
3.307
3.654
1.827
0.913
0.457
0.228
0.114
0.057
2.029
3.014
3.507
1.754
2.877
3.438
3.719
1.860
2.930
3.465
3.732
1.866
0.933
0.467
2.233
3.117
3.558
3.779
3.890
1.945
2.972
1.486
2.743
3.372
1.686
0.843
2.421
3.211
3.605
1.803
0.901
2.451
1.225
2.613
3.306
3.653
3.827
3.913
3.957
3.978
3.989
1.995
0.997
0.499
2.249
3.125
3.562
3.781
1.891
0.945
0.473
0.236
0.118
2.059
1.030
2.515
3.257
3.629
1.814
0.907
0.454
0.227
2.113
3.057
3.528
3.764
1.882
0.941
0.471
0.235
0.118
0.059
0.029
2.015
3.007
1.504
0.752
0.376
0.188
0.094
0.047
