-56.640
-78.112
-92.090
-104.072
-112.857
-120.686
-126.949
-131.959
-135.967
-107.974
-85.579
-70.863
-55.891
-44.712
-35.770
-28.616
-22.893
-17.514
-16.411
-13.129
-9.703
-7.763
-5.410
-3.528
-2.022
-4.018
-2.414
-1.132
-0.905
0.076
-2.339
-1.871
-3.897
-2.318
-1.054
-0.843
-0.675
0.260
1.008
0.807
1.445
1.156
1.725
1.380
1.104
1.683
-1.053
-0.843
0.126
0.101
0.081
-2.336
-4.268
-2.615
-2.092
-4.073
-2.459
-1.967
-1.574
-0.459
0.433
1.146
1.717
2.174
1.739
7.791
9.433
23.546
38.037
30.430
2.744
-41.805
-78.244
-104.195
-124.156
-124.125
-99.300
-79.440
-63.552
-50.042
-43.233
-40.987
-51.989
-70.391
-81.113
-83.290
-85.032
-89.626
-84.501
-70.801
-56.640
-44.512
-34.810
-27.848
-21.478
-20.383
25.294
49.835
-107.332
-248.266
-281.012
6.390
405.912
725.530
878.024
728.819
583.855
467.884
374.307
300.246
243.397
197.917
162.334
123.467
79.574
29.259
-24.593
-70.874
-104.699
-128.560
-147.648
-166.118
-180.095
-188.076
-194.461
-154.768
-123.015
-98.412
-78.729
-62.184
-49.747
-39.797
-34.238
-72.190
-112.152
-143.322
-169.057
-189.646
-206.117
-218.493
-225.195
-227.356
-232.285
-233.828
-234.262
-231.410
-233.128
-234.502
-232.402
-226.721
-184.577
-146.862
-116.689
-93.352
-73.881
-58.305
-49.044
-38.435
-29.948
-23.959
-18.367
-20.293
-21.835
-65.468
-195.574
-284.459
-355.568
-376.454
-297.163
-237.731
-189.384
-150.708
-119.766
-95.813
-76.650
-61.320
-48.256
-38.605
-30.884
-23.907
-18.326
-14.661
-8.528
-6.823
-4.658
-3.727
-2.981
-2.385
-1.108
-0.086
-0.069
0.745
0.596
0.477
1.181
1.745
2.196
1.757
1.405
1.924
