-152.000
-164.000
-148.000
-152.000
-148.000
-152.000
-152.000
-152.000
-152.000
4.000
4.000
-12.000
4.000
0.000
0.000
0.000
0.000
4.000
-12.000
0.000
4.000
0.000
4.000
4.000
4.000
-12.000
4.000
4.000
0.000
4.000
-12.000
0.000
-12.000
4.000
4.000
0.000
0.000
4.000
4.000
0.000
4.000
0.000
4.000
0.000
0.000
4.000
-12.000
0.000
4.000
0.000
0.000
-12.000
-12.000
4.000
0.000
-12.000
4.000
0.000
0.000
4.000
4.000
4.000
4.000
4.000
0.000
32.000
16.000
80.000
96.000
0.000
-108.000
-220.000
-224.000
-208.000
-204.000
-124.000
0.000
0.000
0.000
4.000
-16.000
-32.000
-96.000
-144.000
-124.000
-92.000
-92.000
-108.000
-64.000
-16.000
0.000
4.000
4.000
0.000
4.000
-16.000
208.000
148.000
-736.000
-812.000
-412.000
1156.000
2004.000
2004.000
1488.000
132.000
4.000
4.000
0.000
4.000
16.000
16.000
20.000
-32.000
-96.000
-172.000
-240.000
-256.000
-240.000
-224.000
-224.000
-240.000
-236.000
-220.000
-220.000
4.000
4.000
0.000
0.000
4.000
0.000
0.000
-12.000
-224.000
-272.000
-268.000
-272.000
-272.000
-272.000
-268.000
-252.000
-236.000
-252.000
-240.000
-236.000
-220.000
-240.000
-240.000
-224.000
-204.000
-16.000
4.000
4.000
0.000
4.000
4.000
-12.000
4.000
4.000
0.000
4.000
-28.000
-28.000
-240.000
-716.000
-640.000
-640.000
-460.000
20.000
0.000
4.000
4.000
4.000
0.000
0.000
0.000
4.000
0.000
0.000
4.000
4.000
0.000
16.000
0.000
4.000
0.000
0.000
0.000
4.000
4.000
0.000
4.000
0.000
0.000
4.000
4.000
4.000
0.000
0.000
4.000
