-282.625
-282.500
-282.875
-282.750
-282.875
-282.875
-284.000
-285.000
-285.000
-0.250
0.125
0.375
2.375
2.875
2.625
2.750
2.500
3.125
2.625
2.375
2.250
2.125
2.375
2.875
2.500
2.250
0.875
0.625
0.000
0.625
0.000
0.000
0.250
1.625
2.500
2.500
2.875
2.625
2.750
2.625
3.125
2.875
2.500
2.750
2.750
2.625
2.500
1.375
1.000
0.250
0.500
-0.375
0.750
0.875
0.875
6.500
6.625
5.125
5.625
2.500
3.125
5.000
5.875
4.250
4.250
38.000
30.750
89.250
93.500
1.875
-111.250
-215.000
-216.625
-205.625
-199.000
-121.500
4.125
3.500
3.125
3.250
-14.125
-21.250
-92.500
-134.375
-108.375
-77.125
-97.125
-110.750
-57.375
2.875
1.875
1.250
1.875
3.500
4.250
-6.875
228.250
105.125
-751.625
-815.625
-349.500
1228.750
1880.875
1880.875
1428.875
108.125
8.375
8.625
9.375
10.750
16.250
13.250
23.375
-22.375
-93.500
-173.000
-231.125
-256.750
-220.500
-218.625
-217.625
-232.125
-223.500
-214.875
-218.125
12.250
11.125
12.000
11.375
11.625
11.500
11.875
-20.750
-217.625
-268.250
-263.875
-257.250
-265.625
-274.625
-262.750
-246.125
-237.875
-240.750
-238.250
-229.125
-221.125
-223.500
-225.500
-219.125
-191.250
-1.875
10.750
11.250
9.250
9.000
9.125
7.500
9.125
5.125
10.875
11.750
-29.000
-25.625
-248.375
-721.000
-624.750
-631.875
-411.000
10.500
10.375
27.750
9.875
9.000
8.500
9.750
9.750
8.375
9.125
12.625
9.375
11.250
11.000
11.250
11.000
11.125
10.750
10.875
11.250
11.000
11.000
10.750
9.750
8.875
8.750
8.500
8.500
8.500
9.125
10.125
11.250
