-271.380
-280.276
-282.355
-282.671
-282.834
-282.867
-283.773
-284.755
-284.951
-57.190
-11.338
-1.968
1.506
2.601
2.620
2.724
2.545
3.009
2.702
2.440
2.288
2.158
2.331
2.766
2.553
2.311
1.162
0.732
0.146
0.529
0.106
0.021
0.204
1.341
2.268
2.454
2.791
2.658
2.732
2.646
3.029
2.906
2.581
2.716
2.743
2.649
2.530
1.606
1.121
0.424
0.485
-0.203
0.559
0.812
0.862
5.372
6.374
5.375
5.575
3.115
3.123
4.624
5.625
4.525
4.305
31.261
30.852
77.570
90.314
19.563
-85.088
-189.018
-211.104
-206.721
-200.544
-137.309
-24.162
-2.032
2.093
3.019
-10.696
-19.139
-77.828
-123.066
-111.313
-83.963
-94.493
-107.498
-67.400
-11.180
-0.736
0.853
1.671
3.134
4.027
-4.695
181.661
120.432
-577.214
-767.943
-433.189
896.362
1683.973
1841.495
1511.399
388.780
84.456
23.791
12.258
11.052
15.210
13.642
21.428
-13.614
-77.523
-153.905
-215.681
-248.536
-226.107
-220.122
-218.124
-229.325
-224.665
-216.833
-217.867
-33.773
2.145
10.029
11.106
11.521
11.504
11.801
-14.240
-176.948
-249.990
-261.098
-258.020
-264.104
-272.521
-264.704
-249.841
-240.268
-240.654
-238.731
-231.046
-223.109
-223.422
-225.084
-220.317
-197.063
-40.913
0.417
9.084
9.217
9.043
9.109
7.822
8.864
5.873
9.875
11.375
-20.925
-24.685
-203.637
-617.527
-623.305
-630.161
-454.832
-82.566
-8.213
20.557
12.012
9.602
8.720
9.544
9.709
8.642
9.028
11.906
9.881
10.976
10.995
11.199
11.040
11.108
10.822
10.864
11.173
11.035
11.007
10.801
9.960
9.092
8.818
8.564
8.513
8.502
9.000
9.900
10.980
