-279.832
-282.233
-282.811
-282.756
-282.863
-282.874
-283.887
-284.889
-284.989
-28.724
-2.760
0.062
2.144
2.802
2.643
2.739
2.524
3.065
2.669
2.404
2.265
2.139
2.351
2.822
2.532
2.278
1.015
0.664
0.066
0.569
0.057
0.006
0.225
1.485
2.399
2.490
2.836
2.646
2.740
2.636
3.076
2.895
2.540
2.729
2.748
2.637
2.514
1.489
1.049
0.330
0.483
-0.289
0.646
0.852
0.873
5.937
6.556
5.268
5.589
2.809
3.093
4.809
5.768
4.402
4.265
34.626
31.138
83.439
92.494
10.937
-99.031
-203.403
-215.303
-206.593
-199.759
-129.326
-9.220
2.228
3.035
3.228
-12.390
-20.364
-85.286
-129.466
-110.484
-80.461
-95.459
-109.221
-62.560
-3.669
1.321
1.257
1.813
3.331
4.158
-5.772
204.848
115.097
-664.953
-800.558
-394.606
1066.414
1799.429
1872.731
1473.260
244.639
32.001
10.963
9.534
10.628
15.688
13.494
22.387
-17.899
-85.940
-164.294
-224.442
-253.519
-223.802
-219.143
-217.777
-230.690
-224.219
-215.809
-217.894
-10.764
8.936
11.693
11.407
11.603
11.510
11.838
-17.491
-197.612
-261.186
-263.606
-257.886
-264.851
-273.648
-263.840
-247.897
-238.877
-240.563
-238.481
-230.061
-222.019
-223.352
-225.285
-219.741
-194.099
-21.098
7.565
10.882
9.413
9.041
9.117
7.662
8.979
5.510
10.339
11.609
-24.939
-25.556
-226.093
-671.509
-629.426
-631.630
-433.063
-33.856
5.952
25.570
11.445
9.245
8.574
9.632
9.738
8.511
9.064
12.269
9.664
11.091
11.009
11.226
11.023
11.115
10.787
10.866
11.212
11.021
11.002
10.775
9.852
8.973
8.772
8.527
8.503
8.500
9.063
10.019
11.127
