-116.550
-150.135
-173.644
-190.214
-201.699
-209.815
-215.795
-220.207
-223.407
-156.160
-109.162
-76.113
-52.492
-35.844
-24.154
-15.933
-10.328
-6.630
-3.928
-2.000
-0.650
0.258
0.968
1.577
1.967
2.239
2.317
2.185
2.054
1.775
1.730
1.699
1.752
2.089
3.187
3.918
4.355
4.811
4.905
5.046
5.332
5.458
5.358
5.363
5.516
5.549
5.572
5.400
5.093
4.540
4.228
3.934
3.954
3.930
4.064
4.570
4.886
5.145
5.514
5.810
5.942
6.034
5.949
6.077
6.129
6.165
6.303
6.175
6.347
6.168
5.630
5.254
4.765
4.498
4.423
4.334
4.346
4.842
5.415
5.890
6.111
6.377
6.452
6.541
6.604
6.648
6.641
6.786
6.813
6.719
6.616
6.543
6.080
5.831
5.582
5.407
5.285
5.162
5.001
5.263
5.822
6.100
6.408
6.473
6.631
6.667
6.692
6.709
6.571
6.775
6.730
6.736
6.703
6.642
6.149
5.654
5.458
5.246
4.909
4.749
5.087
5.548
6.096
6.480
6.711
6.910
7.050
7.185
7.204
7.030
7.021
6.940
6.958
6.820
6.874
6.724
6.057
5.552
5.312
5.031
4.909
4.824
4.914
5.352
5.997
6.223
6.343
6.465
6.551
6.648
6.828
6.767
6.800
6.972
6.943
7.073
7.051
6.848
6.294
5.905
5.446
5.125
4.900
4.967
5.090
5.588
6.124
6.462
6.511
6.357
6.625
6.775
6.880
6.953
6.930
7.026
7.131
7.091
6.951
6.666
6.204
5.918
5.605
5.273
5.041
4.954
5.343
5.690
5.933
6.140
6.286
6.388
6.346
6.542
6.642
6.787
6.776
6.918
6.905
6.783
6.548
6.121
5.747
5.486
5.340
5.388
5.271
5.490
5.830
6.406
6.734
6.814
6.832
6.920
7.019
7.201
7.065
7.008
7.193
7.285
7.462
7.398
6.979
6.498
6.011
5.745
5.559
5.316
5.146
5.365
6.005
6.491
6.719
6.766
6.911
7.013
7.159
7.186
7.168
7.080
6.943
6.998
6.961
6.785
6.512
5.871
5.610
5.427
5.261
5.145
5.327
5.716
6.176
6.536
6.638
6.821
6.912
7.014
7.010
6.969
7.091
7.214
7.374
7.450
7.465
7.250
6.650
6.230
5.861
5.715
5.726
5.620
5.509
5.956
6.457
6.770
6.951
7.041
7.179
7.200
7.327
7.229
7.273
7.229
7.272
7.191
7.208
6.921
6.495
6.121
5.672
5.358
5.138
5.097
5.143
5.587
6.086
6.398
6.578
6.705
6.868
6.945
7.112
7.116
7.118
7.195
7.212
7.111
7.265
6.885
6.132
5.643
5.487
5.266
5.036
4.838
5.036
5.475
6.083
6.508
6.806
6.639
6.672
6.883
6.993
7.145
7.214
7.225
7.232
7.238
7.016
6.674
6.059
5.666
5.466
5.326
5.491
5.306
5.402
5.956
6.344
6.541
6.604
6.648
6.641
6.861
6.978
7.022
6.903
6.857
6.825
6.727
6.584
6.071
5.600
5.345
5.016
4.824
4.877
4.951
5.603
6.172
6.571
6.887
7.033
7.136
7.095
7.291
7.242
7.282
7.460
7.434
7.416
7.404
7.208
6.695
6.337
5.898
5.704
5.605
5.536
5.600
5.983
6.438
6.606
7.062
7.156
7.147
7.178
7.312
7.293
7.205
7.069
7.010
7.195
7.061
6.893
6.400
6.092
5.427
5.224
5.157
4.997
5.073
5.539
5.977
6.171
6.045
6.406
6.659
6.762
6.871
7.097
7.255
7.179
7.088
7.174
7.272
7.078
6.604
6.235
5.977
5.647
5.490
5.268
5.413
5.814
6.357
6.700
7.127
7.427
6.736
7.190
7.396
7.614
7.693
7.785
7.774
7.879
7.616
7.543
6.968
6.565
6.133
5.830
5.581
5.444
5.461
5.998
6.373
6.674
7.034
7.324
7.489
7.567
7.472
7.630
7.591
7.639
7.635
7.519
7.438
7.194
6.349
6.094
5.691
5.483
5.338
5.237
5.353
5.660
6.024
6.354
6.698
6.826
6.953
7.155
7.408
7.436
7.530
7.596
7.567
7.622
7.848
7.818
7.348
6.943
6.548
6.496
6.385
6.419
6.331
6.719
7.066
7.421
7.782
7.960
8.197
8.213
8.374
8.374
8.524
8.517
8.587
8.448
8.426
8.336
7.785
7.437
7.118
6.970
6.829
6.768
6.838
7.224
7.607
7.837
8.073
8.351
8.358
8.588
8.562
8.431
8.264
8.260
8.332
8.495
8.721
8.505
8.166
7.929
7.763
7.609
7.426
7.336
7.535
7.824
8.252
8.589
9.012
9.046
9.257
9.368
9.445
9.199
9.102
9.034
9.023
8.979
9.060
8.817
8.347
7.830
7.581
7.257
7.180
7.051
7.073
7.351
7.733
8.151
8.331
8.531
8.522
8.628
8.739
8.630
8.666
8.691
8.746
8.897
9.078
8.867
8.344
7.754
7.377
7.114
6.967
6.865
7.055
7.639
8.197
8.475
8.745
8.822
8.913
9.126
9.201
9.178
9.125
9.125
9.237
9.316
9.259
8.919
8.268
7.775
7.580
7.443
7.123
6.936
7.105
7.599
8.206
8.632
8.855
8.748
8.749
8.899
9.004
8.891
8.961
8.898
8.928
8.987
8.954
8.630
8.291
7.979
7.685
7.554
7.463
7.362
7.403
7.882
8.367
8.707
8.907
9.010
9.157
9.147
9.216
9.263
9.184
9.241
9.394
9.276
9.343
8.903
8.444
7.973
7.569
7.323
7.301
7.098
7.369
7.971
8.317
8.672
8.995
9.072
9.275
9.418
9.517
9.475
9.557
9.652
9.569
9.661
9.575
9.178
8.749
8.599
8.307
8.065
7.933
7.953
8.305
8.738
9.079
9.318
9.523
9.516
9.623
9.699
9.639
9.635
9.519
9.364
9.479
9.486
9.302
9.099
8.507
8.167
8.005
7.741
7.593
7.415
7.816
8.171
8.495
8.834
8.996
9.222
9.456
9.469
9.628
9.515
9.473
9.443
9.423
9.483
9.263
8.734
8.327
8.116
7.894
7.738
7.667
7.654
7.870
8.209
8.746
8.972
9.243
9.470
9.629
9.478
9.484
9.302
9.249
9.286
9.238
9.317
9.034
8.536
8.075
7.828
7.729
7.661
7.612
7.541
7.979
8.360
8.852
9.009
9.306
9.439
9.420
9.594
9.678
9.662
9.426
9.186
9.242
9.170
9.044
8.806
8.414
8.102
7.922
7.795
7.669
7.618
7.845
8.304
8.588
8.711
8.873
8.949
9.264
9.522
9.591
9.451
9.391
9.198
9.101
9.033
8.761
8.233
7.788
7.776
7.581
7.482
7.225
7.345
7.541
7.866
8.356
8.512
8.846
9.042
9.142
9.212
9.148
9.254
9.403
9.507
9.617
9.470
9.216
8.814
8.420
8.181
7.864
7.605
7.461
7.623
8.148
8.591
8.864
8.942
9.185
9.204
9.293
9.280
9.383
9.418
9.443
9.235
9.202
9.029
8.795
8.257
7.955
7.818
7.648
7.416
7.216
7.226
7.721
7.992
8.257
8.630
8.853
9.010
9.194
9.398
9.241
9.169
9.268
9.188
9.131
9.167
8.892
8.549
8.197
7.988
7.841
7.551
7.499
7.611
8.066
8.383
8.831
8.994
9.071
9.049
9.297
9.283
9.198
9.214
8.999
9.000
9.075
9.202
8.917
8.604
8.198
7.726
7.433
7.266
7.223
7.419
7.856
8.236
8.428
8.825
9.027
9.169
9.343
9.540
9.641
9.673
9.621
9.510
9.619
9.546
9.345
9.091
8.801
8.486
8.303
8.137
7.908
8.048
8.409
8.924
9.171
9.495
9.834
9.996
10.072
10.051
10.110
10.152
10.144
10.176
10.235
9.977
9.497
9.123
8.898
8.704
8.568
8.435
8.492
9.094
9.553
9.837
9.999
10.111
10.190
10.208
10.408
10.323
10.414
10.365
10.443
10.385
10.044
9.581
9.182
8.752
8.414
8.440
8.345
8.654
9.170
9.569
9.923
10.096
10.180
10.276
10.231
10.161
10.075
10.203
10.292
10.167
10.229
9.785
9.325
8.852
8.559
8.429
8.263
8.259
8.519
9.038
9.327
9.566
9.771
9.915
10.015
9.898
9.891
10.036
10.138
10.246
10.397
10.391
9.898
9.441
8.859
8.601
8.346
8.092
7.989
8.368
8.745
9.084
9.509
9.844
9.965
10.088
10.137
10.171
10.119
10.121
10.235
10.352
9.796
9.482
9.150
8.805
8.751
8.713
8.537
8.338
8.574
9.077
9.541
9.829
10.030
10.246
10.360
10.439
10.345
