-80.040
-105.228
-118.060
-128.242
-134.169
-139.518
-143.263
-145.884
-147.719
-102.203
-70.342
-52.840
-35.788
-25.051
-17.536
-12.275
-8.593
-4.815
-6.970
-4.879
-2.215
-1.551
0.114
1.280
2.096
-2.133
-0.293
0.995
0.696
1.688
-2.419
-1.693
-4.785
-2.150
-0.305
-0.213
-0.149
1.095
1.967
1.377
2.164
1.515
2.260
1.582
1.108
1.975
-2.217
-1.552
0.114
0.079
0.056
-3.561
-6.093
-3.065
-2.145
-5.102
-2.371
-1.660
-1.162
0.387
1.471
2.229
2.761
3.132
2.193
11.135
12.594
32.816
51.771
36.240
-7.032
-70.922
-116.846
-144.192
-162.134
-150.694
-105.486
-73.840
-51.688
-34.982
-29.287
-30.101
-49.871
-78.109
-91.877
-91.914
-91.940
-96.758
-86.930
-65.651
-45.956
-30.969
-20.478
-14.335
-8.834
-10.984
54.711
82.698
-162.912
-357.638
-373.947
85.037
660.726
1063.708
1190.996
873.297
612.508
429.956
300.969
211.878
153.115
111.980
84.386
49.470
5.829
-47.519
-105.264
-150.485
-177.339
-191.337
-201.136
-212.795
-219.757
-219.830
-219.881
-152.717
-105.702
-73.991
-51.794
-35.056
-24.539
-17.177
-15.624
-78.137
-136.296
-175.807
-204.665
-224.865
-239.006
-247.704
-248.993
-245.095
-247.166
-245.016
-242.312
-235.618
-236.933
-237.853
-233.697
-224.788
-162.152
-112.306
-77.414
-54.190
-36.733
-24.513
-20.759
-13.331
-8.132
-5.692
-2.785
-10.349
-15.644
-82.951
-272.866
-383.006
-460.104
-460.073
-316.051
-221.236
-153.665
-106.366
-73.256
-51.279
-35.895
-25.127
-16.389
-11.472
-8.030
-4.421
-1.895
-1.326
3.871
2.710
3.097
2.168
1.518
1.062
1.944
2.560
1.792
2.455
1.718
1.203
2.042
2.629
3.041
2.128
1.490
2.243
