-147.840
-160.768
-150.554
-151.711
-148.742
-151.348
-151.870
-151.974
-151.995
-27.199
-2.240
-10.048
1.190
0.238
0.048
0.010
0.002
3.200
-8.960
-1.792
2.842
0.568
3.314
3.863
3.972
-8.805
1.439
3.488
0.698
3.339
-8.932
-1.786
-9.957
1.209
3.442
0.688
0.138
3.227
3.845
0.769
3.354
0.671
3.334
0.667
0.133
3.227
-8.955
-1.791
2.842
0.568
0.114
-9.577
-11.515
0.897
0.179
-9.564
1.287
0.257
0.051
3.210
3.842
3.968
3.994
3.999
0.800
25.760
17.952
67.591
90.318
18.064
-82.787
-192.557
-217.711
-209.942
-205.188
-140.238
-28.048
-5.610
-1.122
2.976
-12.205
-28.041
-82.408
-131.682
-125.536
-98.707
-93.341
-105.068
-72.214
-27.243
-5.449
2.110
3.622
0.724
3.345
-12.131
163.974
151.195
-558.561
-761.312
-481.862
828.428
1768.886
1956.977
1581.796
421.959
87.592
20.718
4.144
4.029
13.606
15.521
19.104
-21.779
-81.156
-153.831
-222.766
-249.353
-241.871
-227.574
-224.715
-236.943
-236.189
-223.238
-220.648
-40.930
-4.986
-0.997
-0.199
3.160
0.632
0.126
-9.575
-181.115
-253.823
-265.164
-270.633
-271.726
-271.945
-268.789
-255.358
-239.872
-249.574
-241.915
-237.183
-223.437
-236.687
-239.337
-227.067
-208.613
-54.523
-7.705
1.659
0.332
3.266
3.853
-8.829
1.434
3.487
0.697
3.339
-21.732
-26.746
-197.349
-612.270
-634.454
-638.891
-495.778
-83.156
-16.631
-0.126
3.175
3.835
0.767
0.153
0.031
3.206
0.641
0.128
3.226
3.845
0.769
12.954
2.591
3.718
0.744
0.149
0.030
3.206
3.841
0.768
3.354
0.671
0.134
3.227
3.845
3.969
0.794
0.159
3.232
