-171.375
-199.937
-214.219
-221.547
-225.023
-226.887
-228.318
-229.409
-230.142
-114.696
-57.098
-28.049
-12.712
-4.856
-0.866
1.192
1.971
1.985
2.180
2.340
2.420
2.397
2.511
2.755
2.815
2.845
2.672
2.274
2.012
1.568
1.597
1.611
1.743
2.309
4.029
4.827
5.101
5.488
5.306
5.341
5.670
5.710
5.417
5.396
5.636
5.630
5.627
5.314
4.844
4.047
3.774
3.512
3.756
3.815
4.095
4.923
5.274
5.512
5.943
6.222
6.236
6.243
5.996
6.186
6.218
6.234
6.429
6.152
6.451
6.100
5.238
4.806
4.216
4.045
4.148
4.136
4.256
5.128
5.939
6.469
6.547
6.774
6.699
6.725
6.737
6.744
6.684
6.905
6.890
6.695
6.535
6.455
5.727
5.489
5.244
5.122
5.061
4.968
4.796
5.336
6.230
6.490
6.807
6.716
6.858
6.804
6.777
6.763
6.507
6.878
6.752
6.751
6.688
6.594
5.797
5.148
5.074
4.912
4.518
4.447
5.161
5.893
6.634
7.004
7.127
7.251
7.313
7.406
7.328
6.977
6.988
6.869
6.935
6.717
6.859
6.617
5.558
4.967
4.858
4.617
4.621
4.623
4.874
5.624
6.562
6.656
6.640
6.695
6.723
6.799
7.024
6.825
6.850
7.112
6.994
7.184
7.092
6.733
5.867
5.433
4.904
4.640
4.507
4.816
5.095
5.923
6.649
6.949
6.787
6.393
6.822
6.973
7.049
7.087
6.981
7.115
7.245
7.123
6.874
6.437
5.781
5.515
5.195
4.848
4.674
4.712
5.481
5.990
6.245
6.435
6.530
6.577
6.414
6.707
6.791
6.958
6.854
7.052
6.963
6.732
6.366
5.745
5.310
5.093
5.046
5.273
5.136
5.568
6.097
6.923
7.212
7.106
6.990
7.058
7.154
7.389
7.070
6.972
7.299
7.399
7.637
7.443
6.722
6.048
5.462
5.293
5.209
4.979
4.865
5.370
6.435
7.030
7.140
7.007
7.129
7.189
7.345
7.297
7.211
7.043
6.834
6.979
6.927
6.651
6.263
5.319
5.159
5.080
4.977
4.926
5.338
5.981
6.616
6.995
6.935
7.092
7.109
7.179
7.090
6.982
7.179
7.339
7.545
7.585
7.542
7.146
6.198
5.724
5.362
5.368
5.559
5.467
5.359
6.179
6.902
7.201
7.288
7.269
7.384
7.317
7.471
7.235
7.305
7.215
7.295
7.148
7.199
6.724
6.112
5.681
5.153
4.889
4.757
4.878
5.064
5.845
6.547
6.836
6.918
6.959
7.104
7.115
7.307
7.216
7.170
7.273
7.261
7.068
7.346
6.673
5.524
5.012
5.068
4.909
4.704
4.540
5.020
5.760
6.630
7.065
7.282
6.766
6.758
7.067
7.158
7.329
7.352
7.301
7.275
7.263
6.881
6.378
5.501
5.126
5.063
5.031
5.453
5.164
5.394
6.322
6.786
6.893
6.821
6.786
6.705
7.040
7.145
7.135
6.880
6.815
6.782
6.641
6.445
5.660
5.080
4.915
4.582
4.479
4.739
4.932
6.028
6.764
7.132
7.378
7.377
7.376
7.188
7.469
7.297
7.336
7.605
7.490
7.433
7.404
7.077
6.288
5.894
5.385
5.317
5.346
5.360
5.555
6.215
6.857
6.929
7.527
7.451
7.288
7.269
7.447
7.348
7.174
6.962
6.918
7.272
7.011
6.755
6.003
5.689
4.782
4.766
4.883
4.754
5.002
5.813
6.407
6.516
6.133
6.691
6.971
6.985
7.055
7.340
7.482
7.241
7.058
7.217
7.358
6.992
6.246
5.810
5.593
5.234
5.179
4.965
5.357
6.054
6.839
7.170
7.647
7.886
6.505
7.378
7.626
7.876
7.875
7.938
7.844
7.984
7.492
7.434
6.529
6.077
5.601
5.363
5.181
5.153
5.326
6.288
6.769
7.072
7.473
7.737
7.806
7.778
7.514
7.757
7.628
7.689
7.657
7.453
7.352
6.988
5.682
5.591
5.170
5.085
5.042
5.021
5.323
5.849
6.362
6.743
7.122
7.123
7.187
7.406
7.703
7.601
7.676
7.713
7.606
7.678
8.026
7.888
7.069
6.534
6.080
6.227
6.176
6.338
6.231
6.928
7.402
7.826
8.225
8.300
8.525
8.388
8.569
8.472
8.673
8.587
8.668
8.397
8.386
8.255
7.378
7.001
6.688
6.656
6.578
6.602
6.801
7.463
7.981
8.178
8.401
8.701
8.538
8.831
8.666
8.395
8.135
8.193
8.346
8.611
8.930
8.465
7.920
7.648
7.511
7.381
7.190
7.158
7.579
8.039
8.645
9.010
9.505
9.315
9.532
9.579
9.602
9.113
8.994
8.934
8.967
8.921
9.085
8.668
7.959
7.292
7.146
6.823
6.911
6.831
6.978
7.489
8.057
8.591
8.670
8.835
8.667
8.771
8.886
8.630
8.690
8.720
8.797
9.024
9.262
8.818
7.972
7.173
6.836
6.668
6.647
6.636
7.068
8.034
8.767
8.946
9.160
9.080
9.103
9.364
9.369
9.247
9.123
9.124
9.312
9.406
9.265
8.695
7.723
7.174
7.149
7.137
6.756
6.628
7.064
7.907
8.766
9.195
9.285
8.893
8.821
9.036
9.143
8.884
9.004
8.877
8.938
9.032
8.953
8.414
7.957
7.603
7.302
7.276
7.263
7.194
7.347
8.173
8.837
9.168
9.272
9.261
9.380
9.253
9.314
9.344
9.172
9.273
9.512
9.256
9.378
8.626
8.001
7.438
7.031
6.891
7.070
6.848
7.424
8.399
8.762
9.131
9.440
9.345
9.548
9.649
9.699
9.537
9.643
9.759
9.567
9.721
9.548
8.899
8.324
8.287
7.956
7.728
7.676
7.838
8.482
9.116
9.495
9.685
9.843
9.671
9.773
9.824
9.662
9.643
9.447
9.223
9.487
9.493
9.184
8.904
8.015
7.695
7.660
7.392
7.321
7.161
7.955
8.478
8.864
9.244
9.310
9.530
9.765
9.632
9.816
9.533
9.454
9.414
9.395
9.510
9.130
8.315
7.845
7.735
7.555
7.465
7.482
7.554
7.964
8.482
9.241
9.370
9.623
9.811
9.906
9.515
9.508
9.191
9.158
9.266
9.196
9.348
8.861
8.118
7.559
7.404
7.452
7.476
7.488
7.432
8.216
8.733
9.366
9.371
9.685
9.718
9.546
9.773
9.824
9.724
9.300
8.962
9.169
9.084
8.917
8.584
8.042
7.708
7.604
7.552
7.464
7.482
7.928
8.652
8.951
8.975
9.113
9.119
9.559
9.842
9.796
9.461
9.355
9.053
8.964
8.919
8.522
7.761
7.255
7.503
7.314
7.282
6.953
7.289
7.645
8.135
8.817
8.846
9.236
9.368
9.371
9.373
9.186
9.343
9.547
9.648
9.762
9.443
9.034
8.454
7.977
7.801
7.463
7.231
7.178
7.589
8.482
9.053
9.277
9.201
9.475
9.363
9.431
9.341
9.483
9.491
9.496
9.123
9.124
8.874
8.562
7.781
7.515
7.508
7.379
7.127
6.938
7.094
7.984
8.305
8.590
9.045
9.210
9.292
9.459
9.667
9.271
9.135
9.318
9.159
9.079
9.165
8.707
8.229
7.802
7.651
7.575
7.225
7.300
7.588
8.356
8.741
9.308
9.341
9.296
9.148
9.511
9.381
9.190
9.220
8.860
8.930
9.090
9.295
8.772
8.324
7.787
7.206
6.978
6.926
7.026
7.450
8.163
8.644
8.759
9.255
9.377
9.438
9.594
9.797
9.836
9.793
9.646
9.448
9.661
9.518
9.197
8.848
8.487
8.118
7.997
7.873
7.624
8.000
8.625
9.375
9.562
9.906
10.265
10.320
10.285
10.142
10.196
10.223
10.174
10.212
10.293
9.834
9.105
8.677
8.526
8.388
8.319
8.222
8.423
9.462
10.043
10.272
10.323
10.349
10.362
10.306
10.590
10.358
10.491
10.371
10.498
10.374
9.812
9.156
8.703
8.226
7.926
8.213
8.169
8.772
9.573
10.037
10.393
10.447
10.411
10.455
10.290
10.145
10.010
10.255
10.377
10.126
10.250
9.500
8.875
8.312
8.094
8.109
7.992
8.121
8.623
9.436
9.718
9.922
10.086
10.168
10.209
9.917
9.896
10.135
10.255
10.378
10.564
10.469
9.610
8.992
8.246
8.123
7.936
7.718
7.734
8.492
9.058
9.467
9.983
10.304
10.277
10.326
10.288
10.269
10.134
10.130
10.315
10.470
9.485
9.117
8.746
8.373
8.499
8.562
8.343
8.109
8.617
9.433
10.029
10.265
10.382
10.566
10.595
10.610
10.368
