-117.000
-140.500
-144.250
-148.125
-148.062
-150.031
-151.016
-151.508
-151.754
-73.877
-34.939
-23.469
-9.735
-4.867
-2.434
-1.217
-0.608
1.696
-5.152
-2.576
0.712
0.356
2.178
3.089
3.544
-4.228
-0.114
1.943
0.972
2.486
-4.757
-2.379
-7.189
-1.595
1.203
0.601
0.301
2.150
3.075
1.538
2.769
1.384
2.692
1.346
0.673
2.336
-4.832
-2.416
0.792
0.396
0.198
-5.901
-8.950
-2.475
-1.238
-6.619
-1.309
-0.655
-0.327
1.836
2.918
3.459
3.729
3.865
1.932
16.966
16.483
48.242
72.121
36.060
-35.970
-127.985
-175.992
-191.996
-197.998
-160.999
-80.499
-40.250
-20.125
-8.062
-12.031
-22.016
-59.008
-101.504
-112.752
-102.376
-97.188
-102.594
-83.297
-49.648
-24.824
-10.412
-3.206
-1.603
1.198
-7.401
100.300
124.150
-305.925
-558.963
-485.481
335.259
1169.630
1586.815
1537.408
834.704
419.352
211.676
105.838
54.919
35.459
25.730
22.865
-4.567
-50.284
-111.142
-175.571
-215.785
-227.893
-225.946
-224.973
-232.487
-234.243
-227.122
-223.561
-109.780
-52.890
-26.445
-13.223
-4.611
-2.306
-1.153
-6.576
-115.288
-193.644
-230.822
-251.411
-261.705
-266.853
-267.426
-259.713
-247.857
-249.928
-244.964
-240.482
-230.241
-235.121
-237.560
-230.780
-217.390
-116.695
-56.348
-26.174
-13.087
-4.543
-0.272
-6.136
-1.068
1.466
0.733
2.366
-12.817
-20.408
-130.204
-423.102
-531.551
-585.776
-522.888
-251.444
-125.722
-60.861
-28.431
-12.215
-6.108
-3.054
-1.527
1.237
0.618
0.309
2.155
3.077
1.539
8.769
4.385
4.192
2.096
1.048
0.524
2.262
3.131
1.565
2.783
1.391
0.696
2.348
3.174
3.587
1.793
0.897
2.448
