35.941
35.967
35.970
35.980
35.971
35.949
35.949
35.983
35.938
30.767
30.722
30.745
30.745
30.722
30.701
30.712
30.734
30.757
30.757
30.779
30.712
30.745
30.734
30.734
30.712
30.779
30.713
30.722
30.757
30.734
30.767
30.757
30.779
30.734
30.767
30.779
30.757
30.790
30.722
30.767
30.767
30.767
30.767
30.780
30.757
30.745
30.757
30.745
30.812
30.734
30.767
30.746
30.779
30.779
30.745
30.779
30.767
30.767
30.758
30.780
30.768
30.758
30.779
30.757
30.767
30.712
30.745
30.745
30.734
30.768
30.791
30.745
30.779
30.779
30.757
30.779
30.779
30.802
30.768
30.791
30.768
30.813
30.758
30.791
30.812
30.802
30.790
30.757
30.824
30.745
30.757
30.757
30.790
30.767
30.790
30.758
30.746
30.758
30.791
30.780
30.791
30.745
30.758
30.780
30.745
30.768
30.846
30.767
30.768
30.757
30.824
30.802
30.758
30.790
30.791
30.802
30.812
30.824
30.813
30.824
30.779
30.779
30.812
30.802
30.802
30.791
30.813
30.735
30.812
30.813
30.813
30.836
30.779
30.812
30.802
30.802
30.779
30.813
30.836
30.812
30.791
30.791
30.802
30.813
30.802
30.813
30.746
30.802
30.812
30.857
30.767
30.846
30.836
30.812
30.812
30.790
30.857
30.824
30.790
30.802
30.779
30.812
30.790
30.802
30.812
30.835
30.802
30.824
30.790
30.857
30.767
30.790
30.857
30.824
30.846
30.812
30.812
30.812
30.802
30.824
30.767
30.802
30.802
30.790
30.802
30.790
30.812
30.812
30.802
30.812
30.824
30.779
30.802
30.802
30.802
30.824
30.812
30.779
30.802
30.790
30.734
30.757
30.790
30.767
30.790
30.746
30.745
30.758
30.767
30.767
30.722
30.757
30.779
30.701
30.745
30.734
30.701
30.722
30.701
30.712
30.701
30.722
30.701
30.689
30.734
30.701
30.712
30.667
30.689
30.679
30.689
30.667
30.644
30.656
30.644
30.667
30.679
30.656
30.689
30.701
30.656
30.644
30.679
30.656
30.644
30.656
30.644
30.611
30.622
30.589
30.667
30.622
30.622
30.611
30.600
30.644
30.656
30.667
30.634
30.667
30.589
30.600
30.599
30.589
30.622
30.599
30.589
30.589
30.599
30.600
30.644
30.667
30.622
30.611
30.600
30.622
30.634
30.634
30.622
30.634
30.622
30.611
30.644
30.566
30.610
30.622
30.622
30.622
30.644
30.622
30.611
30.589
30.644
30.600
30.622
30.611
30.611
30.656
30.589
30.656
30.610
30.544
30.622
30.622
30.610
30.622
30.566
30.611
30.633
30.610
30.655
30.644
30.610
30.633
30.644
30.633
30.656
30.656
30.644
30.634
30.644
30.679
30.600
30.634
30.634
30.656
30.644
30.634
30.700
30.689
30.655
30.656
30.667
30.701
30.701
30.689
30.689
30.701
30.689
30.679
30.679
30.679
30.679
30.679
30.722
30.679
30.688
30.689
30.701
30.722
30.688
30.701
30.722
30.689
30.733
30.700
30.701
30.701
30.701
30.689
30.722
30.722
30.745
30.745
30.712
30.757
30.789
30.745
30.712
30.745
30.733
30.745
30.722
30.767
30.745
30.767
30.757
30.734
30.745
30.779
30.757
30.790
30.767
30.767
30.745
30.767
30.779
30.745
30.767
30.790
30.779
30.767
30.757
30.823
30.823
30.823
30.823
30.834
30.801
30.846
30.835
30.811
30.823
30.868
30.834
30.856
30.823
30.890
30.868
30.868
30.834
30.879
30.879
30.834
30.846
30.846
30.856
30.856
30.889
30.901
30.889
30.856
30.868
30.846
30.912
30.879
30.889
30.879
30.912
30.879
30.912
30.879
30.868
30.901
30.912
30.901
30.889
30.889
30.901
30.934
30.934
30.889
30.912
30.901
30.889
30.934
30.946
30.913
30.925
30.912
30.935
30.934
30.912
30.913
30.958
30.946
30.946
30.934
30.913
30.969
30.924
30.946
30.901
30.934
30.934
30.935
30.935
30.958
30.969
30.925
30.924
30.935
30.935
30.947
30.958
30.946
30.913
30.935
30.958
30.925
30.925
30.934
30.946
30.969
30.979
30.957
30.969
30.979
30.913
30.969
30.935
30.969
30.957
30.947
30.947
30.934
30.958
30.958
30.969
30.958
30.947
30.947
30.946
30.958
30.935
30.935
30.958
30.969
30.935
30.935
30.947
30.980
30.958
30.969
30.969
30.969
30.980
30.947
30.991
30.958
30.947
30.925
30.947
30.947
30.991
30.979
30.958
30.958
30.947
30.947
30.925
30.947
30.980
31.003
30.958
30.991
30.969
30.980
30.947
30.958
30.991
30.969
30.958
30.969
30.969
30.934
30.991
30.935
30.957
30.991
30.979
30.991
30.991
30.947
31.003
30.991
31.003
30.980
30.991
30.969
30.991
31.003
31.002
30.980
31.013
31.002
30.947
31.013
30.957
30.969
30.979
30.991
30.969
30.969
31.002
31.013
30.980
31.003
31.002
30.980
30.969
30.980
31.013
30.969
31.013
30.980
30.991
31.048
31.025
30.980
30.980
30.991
31.013
31.013
30.958
31.003
31.036
30.980
30.969
31.036
31.048
31.003
31.003
31.003
31.003
30.991
30.991
31.025
30.979
31.013
31.002
31.024
30.990
31.013
31.036
31.013
31.003
31.003
31.058
31.048
31.048
31.069
31.048
31.013
31.013
31.048
31.036
31.013
31.013
31.048
31.058
31.035
31.047
31.048
31.048
31.047
31.013
31.035
31.048
31.048
31.047
31.048
31.036
31.035
31.003
31.057
31.058
31.048
31.036
31.048
31.069
31.092
31.025
31.013
31.036
31.036
31.025
31.081
31.058
31.047
31.024
31.092
31.036
31.081
31.069
31.048
31.092
31.058
31.058
31.048
31.036
31.093
31.036
31.081
31.092
31.025
31.092
31.013
31.092
31.081
31.058
31.081
31.103
31.114
31.081
31.103
31.058
31.092
31.103
31.092
31.092
31.092
31.092
31.114
31.048
31.081
31.092
31.081
31.103
31.069
31.114
31.069
31.137
31.103
31.103
31.092
31.126
31.081
31.092
31.114
31.114
31.092
31.103
31.114
31.114
31.114
31.093
31.170
31.092
31.114
31.103
31.081
31.114
31.148
31.092
31.103
31.114
31.092
31.114
31.114
31.126
31.137
31.114
31.104
31.114
31.103
31.137
31.103
31.092
31.148
31.137
31.103
31.103
31.126
31.148
31.114
31.126
31.170
31.159
31.114
31.170
31.170
31.148
31.114
31.148
31.148
31.159
31.170
31.159
31.159
31.148
31.137
31.137
31.181
31.126
31.159
31.170
31.148
31.204
31.126
31.170
31.159
31.170
31.160
31.204
31.137
31.148
31.170
31.159
31.160
31.170
31.159
31.160
31.159
31.137
31.114
31.215
31.192
31.192
31.159
31.181
31.192
31.148
31.204
31.192
31.148
31.159
31.148
31.181
31.192
31.181
31.170
31.181
31.204
31.170
31.170
31.170
31.204
31.148
31.170
31.148
31.170
31.181
31.170
31.159
31.148
31.192
31.192
31.148
31.192
31.192
31.160
31.170
31.181
31.126
31.192
31.171
31.192
31.226
31.204
31.238
31.237
31.226
31.204
31.237
31.204
31.249
31.260
31.261
31.270
31.282
31.282
31.281
31.282
31.270
31.260
31.293
31.304
31.261
31.260
31.270
31.282
31.270
31.249
31.226
31.270
31.226
31.215
31.282
31.226
31.261
31.270
31.216
31.192
31.204
31.193
31.204
31.138
31.193
31.160
31.170
31.204
31.126
31.138
31.126
31.126
31.058
31.092
31.070
31.114
31.081
31.069
31.069
31.081
31.103
31.058
31.069
31.069
31.058
31.048
31.048
31.081
31.092
31.069
30.981
31.036
31.025
31.069
31.048
31.036
31.058
31.048
31.058
31.013
31.025
31.025
31.025
31.025
31.048
31.036
31.048
31.013
31.036
31.092
31.058
31.058
31.003
31.058
31.069
31.081
31.081
31.036
31.092
31.058
31.092
31.081
31.148
31.126
31.126
31.126
31.114
31.148
31.159
31.148
31.114
31.181
31.204
31.192
31.215
31.204
31.249
31.215
31.226
31.270
31.249
31.260
31.282
31.249
31.270
31.283
31.294
31.270
31.238
31.293
31.349
31.315
31.327
31.383
31.327
31.338
31.327
31.339
31.349
31.294
31.349
31.360
31.349
31.371
31.360
31.360
31.349
31.349
31.371
31.371
31.360
31.339
31.371
31.349
31.372
31.372
31.360
31.383
31.383
31.416
31.416
31.405
31.405
31.393
31.405
31.405
31.438
31.405
31.393
31.438
31.416
31.416
31.393
31.405
31.428
31.438
