35.074
35.044
35.074
35.088
35.099
35.102
35.113
35.079
35.088
30.724
30.674
30.700
30.700
30.727
30.752
30.727
30.727
30.674
30.714
30.686
30.700
30.688
30.714
30.700
30.674
30.700
30.755
30.755
30.714
30.686
30.727
30.750
30.769
30.779
30.766
30.727
30.714
30.755
30.724
30.755
30.714
30.769
30.755
30.755
30.738
30.727
30.769
30.755
30.755
30.778
30.727
30.738
30.741
30.755
30.755
30.737
30.778
30.778
30.741
30.769
30.741
30.778
30.752
30.714
30.727
30.700
30.755
30.737
30.727
30.727
30.752
30.741
30.821
30.766
30.779
30.727
30.724
30.727
30.737
30.750
30.752
30.755
30.778
30.752
30.769
30.756
30.793
30.727
30.752
30.778
30.755
30.769
30.779
30.807
30.727
30.755
30.793
30.779
30.782
30.778
30.778
30.778
30.819
30.779
30.793
30.793
30.752
30.752
30.793
30.793
30.779
30.741
30.769
30.807
30.769
30.741
30.769
30.769
30.793
30.796
30.782
30.810
30.807
30.766
30.779
30.769
30.860
30.766
30.807
30.793
30.810
30.807
30.848
30.769
30.819
30.846
30.848
30.796
30.857
30.819
30.834
30.821
30.898
30.819
30.833
30.848
30.833
30.889
30.860
30.929
30.889
30.874
30.848
30.874
30.874
30.860
30.888
30.848
30.807
30.888
30.898
30.874
30.898
30.889
30.885
30.889
30.888
30.898
30.912
30.915
30.912
30.889
30.860
30.929
30.901
30.929
30.889
30.966
30.915
30.898
30.912
30.926
30.929
30.885
30.926
30.926
30.929
30.912
30.953
30.981
30.953
30.940
30.952
30.967
30.967
30.967
30.943
30.967
30.993
30.953
