34.157
34.150
34.157
34.134
34.142
34.150
34.157
34.142
34.157
30.700
30.708
30.708
30.700
30.715
30.708
30.708
30.700
30.723
30.700
30.723
30.738
30.738
30.723
30.715
30.715
30.723
30.731
30.731
30.715
30.715
30.723
30.738
30.731
30.746
30.723
30.738
30.746
30.761
30.738
30.761
30.761
30.753
30.753
30.746
30.753
30.753
30.753
30.761
30.738
30.761
30.761
30.761
30.761
30.753
30.776
30.776
30.784
30.784
30.761
30.761
30.769
30.776
30.776
30.792
30.784
30.784
30.776
30.799
30.792
30.799
30.799
30.784
30.799
30.784
30.792
30.799
30.799
30.792
30.792
30.792
30.799
30.799
30.799
30.792
30.799
30.799
30.814
30.807
30.822
30.807
30.807
30.814
30.822
30.822
30.830
30.830
30.822
30.822
30.830
30.822
30.830
30.814
30.837
30.822
30.837
30.837
30.845
30.830
30.853
30.845
30.830
30.830
30.845
30.853
30.853
30.860
30.845
30.853
30.845
30.853
30.845
30.853
30.853
30.853
30.860
30.860
30.853
30.860
30.860
30.860
30.868
30.860
30.860
30.860
30.860
30.868
30.875
30.860
30.875
30.868
30.883
30.868
30.875
30.868
30.883
30.860
30.868
30.883
30.883
30.875
30.868
30.860
30.898
30.883
30.875
30.883
30.883
30.883
30.891
30.891
30.875
30.891
30.875
30.914
30.868
30.883
30.883
30.898
30.891
30.898
30.891
30.883
30.891
30.898
30.875
30.898
30.891
30.883
30.898
30.891
30.891
30.906
30.914
30.906
30.891
30.891
30.906
30.914
30.921
30.898
30.914
30.898
30.906
30.898
30.898
30.898
30.906
30.906
30.914
30.898
30.906
30.898
30.906
30.898
30.891
30.906
30.906
30.898
30.914
30.906
30.914
30.906
30.898
30.898
30.891
30.914
30.906
30.891
30.914
30.906
30.898
30.883
30.891
30.898
30.898
30.891
30.898
30.914
30.891
30.914
30.891
30.891
30.906
30.891
30.883
30.891
30.891
30.875
30.906
30.891
30.883
30.898
30.883
30.898
30.891
30.898
30.891
30.875
30.891
30.875
30.891
30.883
30.883
30.883
30.875
30.883
30.860
30.875
30.868
30.860
30.853
30.860
30.868
30.868
30.875
30.883
30.875
30.875
30.868
30.875
30.875
30.853
30.860
30.868
30.860
30.868
30.853
30.853
30.837
30.860
30.845
30.853
30.860
30.853
30.853
30.853
30.868
30.860
30.853
30.845
30.853
30.868
30.845
30.845
30.845
30.860
30.830
30.837
30.845
30.845
30.845
30.837
30.845
30.837
30.860
30.845
30.845
30.845
30.853
30.845
30.860
30.845
30.830
30.860
30.845
30.860
30.845
30.837
30.845
30.845
30.837
30.837
30.845
30.853
30.853
30.845
30.860
30.845
30.837
30.853
30.845
30.845
30.837
30.853
30.845
30.837
30.845
30.837
30.837
30.845
30.845
30.837
30.830
30.837
30.853
30.845
30.853
30.853
30.837
30.845
30.853
30.845
30.853
30.830
30.853
30.837
30.837
30.853
30.830
30.845
30.845
30.845
30.860
30.853
30.845
30.853
30.853
30.845
30.853
30.860
30.860
30.853
30.853
30.845
30.860
30.845
30.853
30.853
30.853
30.860
30.845
30.860
30.837
30.860
30.860
30.853
30.868
30.853
30.860
30.853
30.860
30.845
30.860
30.868
30.868
30.868
30.875
30.868
30.868
30.875
30.860
30.860
30.875
30.891
30.860
30.875
30.883
30.883
30.868
30.891
30.891
30.891
30.898
30.898
30.891
30.891
30.906
30.898
30.898
30.891
30.883
30.914
30.898
30.898
30.898
30.891
30.921
30.891
30.906
30.914
30.914
30.921
30.921
30.921
30.921
30.929
30.906
30.929
30.914
30.944
30.921
30.929
30.929
30.929
30.937
30.937
30.937
30.952
30.944
30.944
30.952
30.952
30.937
30.952
30.952
30.952
30.967
30.952
30.952
30.959
30.952
30.952
30.944
30.952
30.975
30.952
30.959
30.975
30.975
30.975
30.982
30.975
30.975
30.967
30.975
30.975
30.982
30.998
30.990
30.990
30.975
30.990
30.998
31.005
30.975
30.982
31.005
30.982
30.990
30.998
30.990
31.005
30.998
30.998
30.998
31.005
31.013
30.990
30.998
31.005
31.005
31.020
31.005
31.013
31.005
31.005
31.013
31.013
31.020
31.013
31.013
31.005
31.020
31.020
31.013
31.013
31.013
31.020
31.028
31.020
31.013
31.013
31.036
31.043
31.036
31.036
31.036
31.028
31.028
31.020
31.028
31.043
31.051
31.051
31.036
31.043
31.028
31.043
31.036
31.051
31.043
31.059
31.043
31.066
31.059
31.066
31.059
31.036
31.051
31.043
31.059
31.043
31.043
31.059
31.051
31.059
31.059
31.074
31.059
31.066
31.066
31.066
31.059
31.059
31.074
31.081
31.081
31.074
31.066
31.066
31.081
31.074
31.066
31.074
31.066
31.074
31.074
31.097
31.066
31.081
31.097
31.074
31.089
31.097
31.074
31.097
31.081
31.081
31.081
31.104
31.089
31.089
31.097
31.097
31.104
31.097
31.089
31.104
31.097
31.097
31.089
31.104
31.097
31.097
31.104
31.097
31.104
31.097
31.104
31.112
31.104
31.112
31.120
31.097
31.112
31.112
31.127
31.127
31.104
31.127
31.112
31.112
31.120
31.127
31.112
31.097
31.104
31.127
31.127
31.135
31.127
31.127
31.127
31.135
31.135
31.120
31.135
31.143
31.127
31.127
31.127
31.127
31.143
31.143
31.158
31.150
31.150
31.158
31.150
31.127
31.158
31.135
31.135
31.150
31.135
31.158
31.158
31.165
31.173
31.165
31.165
31.150
31.158
31.165
31.196
31.173
31.158
31.158
31.158
31.165
31.158
31.158
31.165
31.173
31.158
31.181
31.181
31.165
31.188
31.165
31.188
31.181
31.181
31.188
31.165
31.173
31.181
31.204
31.188
31.196
31.196
31.196
31.196
31.204
31.188
31.204
31.188
31.196
31.188
31.173
31.204
31.204
31.204
31.196
31.196
31.196
31.196
31.211
31.196
31.204
31.211
31.204
31.211
31.219
31.204
31.196
31.211
31.204
31.211
31.211
31.211
31.219
31.204
31.204
31.211
31.204
31.226
31.226
31.196
31.226
31.234
31.219
31.219
31.226
31.234
31.226
31.219
31.242
31.234
31.226
31.226
31.226
31.219
31.234
31.242
31.242
31.226
31.234
31.219
31.242
31.219
31.234
31.249
31.226
31.249
31.242
31.257
31.249
31.249
31.242
31.242
31.265
31.249
31.249
31.249
31.257
31.234
31.249
31.257
31.234
31.257
31.265
31.249
31.257
31.257
31.249
31.249
31.257
31.257
31.272
31.265
31.280
31.265
31.272
31.265
31.249
31.280
31.257
31.280
31.280
31.287
31.272
31.280
31.280
31.257
31.265
31.280
31.272
31.280
31.287
31.280
31.287
31.287
31.287
31.280
31.272
31.287
31.295
31.287
31.287
31.295
31.280
31.295
31.303
31.303
31.303
31.272
31.287
31.303
31.310
31.287
31.295
31.295
31.295
31.303
31.287
31.295
31.303
31.295
31.295
31.295
31.303
31.310
31.318
31.295
31.310
31.326
31.310
31.310
31.310
31.326
31.318
31.326
31.310
31.326
31.326
31.310
31.341
31.326
31.310
31.318
31.326
31.326
31.341
31.333
31.318
31.326
31.318
31.318
31.318
31.310
31.318
31.326
31.333
31.326
31.318
31.341
31.310
31.310
31.318
31.310
31.303
31.310
31.310
31.326
31.310
31.318
31.326
31.303
31.326
31.295
31.295
31.310
31.295
31.318
31.303
31.310
31.295
31.310
31.295
31.287
31.310
31.303
31.295
31.295
31.295
31.287
31.303
31.295
31.280
31.303
31.280
31.280
31.295
31.280
31.295
31.280
31.280
31.280
31.280
31.280
31.295
31.280
31.265
31.280
31.272
31.272
31.272
31.272
31.272
31.280
31.287
31.280
31.295
31.310
31.287
31.280
31.287
31.295
31.287
31.287
31.310
31.295
31.303
31.303
31.303
31.310
31.318
31.287
31.287
31.303
31.318
31.295
31.318
31.326
31.303
31.326
31.341
31.318
31.326
31.326
31.326
31.333
31.333
31.326
31.333
31.341
31.326
31.333
31.333
31.348
31.341
31.333
31.348
31.341
31.356
31.356
31.356
31.371
31.356
31.371
31.364
31.364
31.379
31.371
31.371
31.387
31.371
31.379
31.379
31.379
31.402
31.394
31.402
31.402
31.410
31.394
31.410
31.387
31.387
31.394
31.417
31.402
31.410
31.410
31.417
31.425
31.432
31.402
31.417
