99976.867
99978.312
99980.859
99978.898
99978.671
99980.304
99978.437
99978.625
99979.023
102536.023
102536.867
102535.429
102538.640
102539.414
102537.210
102536.039
102536.429
102536.695
102537.546
102535.015
102535.867
102535.164
102535.601
102537.898
102533.320
102533.828
102536.773
102535.000
102538.054
102537.039
102534.828
102535.093
102536.359
102535.429
102533.039
102532.132
102533.320
102534.921
102535.335
102536.039
102537.734
102537.039
102535.867
102535.523
102535.507
102535.015
102534.906
102534.664
102534.664
102532.882
102533.054
102534.000
102536.539
102532.640
102532.210
102534.679
102536.203
102536.945
102536.773
102538.070
102540.000
102536.375
102539.937
102535.015
102539.085
102535.945
102536.265
102536.695
102537.382
102537.304
102538.242
102536.203
102538.804
102534.414
102535.585
102532.882
102535.757
102533.382
102531.523
102531.117
102532.867
102533.640
102531.171
102534.000
102533.226
102532.882
102533.320
102532.523
102533.492
102530.835
102532.210
102531.773
102532.039
102533.718
102534.921
102535.945
102536.523
102533.304
102534.320
102537.296
102534.226
102535.000
102536.445
102533.718
102533.898
102533.640
102533.976
102534.148
102534.148
102534.585
102535.773
102537.218
102541.132
102536.789
102534.414
102537.960
102537.625
102536.945
102537.117
102536.445
102537.203
102534.148
102535.585
102536.601
102533.546
102533.039
102534.570
102534.070
102534.757
102532.625
102533.640
102533.304
102535.773
102536.187
102535.601
102537.375
102536.265
102539.335
102535.679
102537.882
102538.562
102539.679
102541.039
102542.656
102539.843
102542.656
102540.445
102542.484
102542.148
102542.054
102541.367
102539.070
102539.085
102537.296
102537.039
102538.242
102537.132
102537.898
102538.820
102538.468
102537.039
102539.679
102536.960
102540.773
102541.445
102542.468
102542.125
102544.765
102541.789
102543.242
102544.585
102545.085
102543.226
102542.296
102542.296
102543.320
102544.695
102544.085
102542.656
102542.656
102542.656
102543.578
102541.539
102541.281
102541.281
102541.960
102541.109
102539.242
102542.976
102540.445
102539.828
102538.898
102538.640
102538.226
102539.679
102539.757
102539.507
102537.039
102536.710
102535.000
