26.980
27.020
27.060
27.070
27.080
27.090
27.090
27.090
27.090
19.210
19.210
19.210
19.210
19.220
19.220
19.210
19.210
19.220
19.220
19.210
19.220
19.220
19.220
19.210
19.210
19.210
19.210
19.220
19.220
19.220
19.220
19.220
19.220
19.220
19.210
19.220
19.220
19.220
19.220
19.220
19.220
19.230
19.220
19.220
19.220
19.220
19.210
19.220
19.220
19.220
19.220
19.220
19.220
19.220
19.220
19.220
19.220
19.220
19.220
19.220
19.220
19.220
19.220
19.220
19.220
19.220
19.210
19.220
19.220
19.220
19.220
19.220
19.220
19.220
19.220
19.220
19.220
19.220
19.220
19.220
19.220
19.230
19.220
19.220
19.220
19.220
19.220
19.220
19.220
19.220
19.220
19.230
19.230
19.220
19.230
19.230
19.230
19.230
19.230
19.230
19.220
19.230
19.230
19.220
19.230
19.230
19.230
19.230
19.230
19.230
19.230
19.230
19.230
19.220
19.220
19.220
19.220
19.220
19.220
19.230
19.230
19.230
19.220
19.220
19.220
19.220
19.220
19.230
19.230
19.230
19.230
19.230
19.230
19.230
19.230
19.230
19.220
19.230
19.230
19.230
19.230
19.230
19.230
19.230
19.230
19.230
19.230
19.230
19.230
19.230
19.230
19.230
19.230
19.230
19.230
19.230
19.230
19.230
19.230
19.220
19.230
19.230
19.230
19.230
19.230
19.230
19.230
19.230
19.230
19.230
19.220
19.220
19.220
19.230
19.230
19.230
19.220
19.230
19.230
19.230
19.230
19.230
19.230
19.230
19.230
19.230
19.230
19.230
19.230
19.220
19.220
19.230
19.220
19.230
19.230
19.230
19.230
19.230
19.230
19.230
