26.164
26.178
26.194
26.178
26.178
26.194
26.194
26.178
26.207
19.187
19.171
19.187
19.187
19.171
19.200
19.187
19.200
19.187
19.187
19.200
19.213
19.157
19.200
19.187
19.187
19.200
19.171
19.187
19.213
19.187
19.200
19.200
19.213
19.157
19.200
19.200
19.171
19.187
19.187
19.187
19.171
19.187
19.187
19.187
19.200
19.187
19.200
19.187
19.187
19.187
19.200
19.187
19.213
19.187
19.213
19.200
19.157
19.200
19.187
19.171
19.187
19.213
19.200
19.200
19.171
19.200
19.187
19.187
19.200
19.200
19.200
19.200
19.187
19.187
19.200
19.187
19.187
19.200
19.213
19.187
19.187
19.187
19.213
19.200
19.200
19.213
19.187
19.200
19.187
19.187
19.187
19.200
19.187
19.200
19.187
19.200
19.171
19.187
19.187
19.213
19.200
19.187
19.187
19.213
19.187
19.200
19.200
19.171
19.213
19.200
19.200
19.187
19.200
19.200
19.187
19.200
19.200
19.200
19.187
19.200
19.171
19.187
19.200
19.213
19.171
19.200
19.200
19.200
19.187
19.187
19.187
19.200
19.200
19.200
19.213
19.187
19.187
19.200
19.200
19.187
19.200
19.187
19.200
19.200
19.213
19.187
19.200
19.213
19.187
19.200
19.187
19.200
19.200
19.200
19.213
19.200
19.187
19.213
19.187
19.200
19.200
19.213
19.200
19.200
19.171
19.187
19.200
19.187
19.213
19.187
19.213
19.187
19.200
19.200
19.171
19.200
19.157
19.187
19.213
19.200
19.200
19.213
19.213
19.213
19.200
19.200
19.200
19.187
19.200
19.200
19.187
19.187
19.200
19.200
19.200
19.200
19.200
19.213
19.213
19.200
