26.209
26.199
26.209
26.199
26.188
26.220
26.209
26.199
26.209
19.189
19.211
19.211
19.200
19.211
19.189
19.189
19.179
19.168
19.211
19.200
19.211
19.189
19.189
19.211
19.179
19.189
19.200
19.189
19.189
19.189
19.189
19.211
19.189
19.189
19.189
19.189
19.200
19.221
19.211
19.189
19.189
19.200
19.200
19.200
19.211
19.200
19.211
19.221
19.189
19.200
19.189
19.189
19.189
19.189
19.189
19.189
19.189
19.211
19.200
19.189
19.200
19.200
19.189
19.211
19.189
19.189
19.211
19.189
19.189
19.189
19.211
19.200
19.211
19.200
19.200
19.211
19.189
19.211
19.189
19.200
19.211
19.189
19.189
19.200
19.211
19.211
19.211
19.200
19.211
19.200
19.189
19.200
19.200
19.211
19.189
19.200
19.211
19.211
19.200
19.200
19.211
19.200
19.189
19.189
19.221
19.200
19.200
19.189
19.189
19.189
19.189
19.179
19.189
19.211
19.179
19.211
19.189
19.211
19.221
19.211
19.200
19.189
19.168
19.200
19.200
19.211
19.211
19.189
19.200
19.200
19.211
19.200
19.200
19.200
19.200
19.211
19.189
19.189
19.200
19.211
19.211
19.200
19.189
19.221
19.189
19.179
19.179
19.211
19.189
19.189
19.211
19.189
19.189
19.211
19.211
19.211
19.211
19.221
19.221
19.200
19.200
19.200
19.179
19.189
19.189
19.221
19.189
19.200
19.189
19.200
19.211
19.200
19.211
19.200
19.211
19.189
19.211
19.200
19.200
19.221
19.211
19.200
19.179
19.189
19.200
19.200
19.189
19.200
19.200
19.211
19.189
19.200
19.200
19.200
19.211
19.200
19.189
19.221
19.200
19.200
