670.000
774.000
877.000
980.000
1084.000
1187.000
1291.000
1394.000
1498.000
1601.000
1704.000
1807.000
1909.000
2012.000
2113.000
2215.000
2317.000
2419.000
2521.000
2623.000
2724.000
2827.000
2928.000
3031.000
3132.000
3233.000
3336.000
3437.000
3539.000
3641.000
3742.000
3844.000
3946.000
4047.000
4150.000
4251.000
4353.000
4455.000
4556.000
4658.000
4760.000
4861.000
4963.000
5065.000
5167.000
5268.000
5370.000
5472.000
5574.000
5676.000
5777.000
5878.000
5981.000
6082.000
6184.000
6286.000
6388.000
6490.000
6591.000
6693.000
6795.000
6896.000
6999.000
7100.000
7201.000
7304.000
7406.000
7508.000
7611.000
7713.000
7816.000
7918.000
8022.000
8125.000
8228.000
8332.000
8435.000
8539.000
8640.000
8742.000
8845.000
8947.000
9050.000
9152.000
9255.000
9359.000
9461.000
9565.000
9668.000
9771.000
9873.000
9975.000
10077.000
10179.000
10281.000
10383.000
10485.000
10589.000
10692.000
10796.000
10899.000
11003.000
11107.000
11210.000
11315.000
11419.000
11523.000
11626.000
11728.000
11832.000
11934.000
12037.000
12140.000
12242.000
12345.000
12447.000
12551.000
12654.000
12758.000
12862.000
12965.000
13069.000
13172.000
13276.000
13379.000
13484.000
13586.000
13688.000
13791.000
13893.000
13996.000
14098.000
14200.000
14303.000
14405.000
14510.000
14613.000
14716.000
14820.000
14923.000
15028.000
15131.000
15235.000
15338.000
15441.000
15546.000
15649.000
15753.000
15856.000
15960.000
16063.000
16166.000
16269.000
16371.000
16474.000
16576.000
16677.000
16780.000
16882.000
16984.000
17086.000
17188.000
17291.000
17393.000
17497.000
17600.000
17703.000
17808.000
17911.000
18015.000
18117.000
18220.000
18323.000
18425.000
18527.000
18629.000
18731.000
18833.000
18934.000
19037.000
19139.000
19241.000
19343.000
19445.000
19548.000
19649.000
19751.000
19854.000
19956.000
20058.000
20160.000
20262.000
20364.000
20466.000
20568.000
20669.000
20771.000
20873.000
20975.000
21076.000
