21.534
21.529
21.543
21.538
21.543
21.543
21.586
21.624
21.624
0.641
0.453
0.784
1.974
2.172
2.075
2.124
2.025
2.264
2.075
1.974
1.921
1.867
1.974
2.172
2.025
1.921
1.198
1.013
0.000
1.013
0.000
0.000
0.640
1.633
2.025
2.025
2.172
2.075
2.124
2.075
2.264
2.172
2.025
2.124
2.124
2.075
2.025
1.502
1.281
0.640
0.906
0.784
1.109
1.198
1.198
3.266
3.297
2.900
3.038
2.025
2.264
2.864
3.105
2.641
2.641
7.896
7.103
12.101
12.386
1.754
13.510
18.782
18.852
18.368
18.069
14.119
2.601
2.396
2.264
2.309
4.814
5.905
12.319
14.848
13.335
11.249
12.623
13.480
9.702
2.172
1.754
1.432
1.754
2.396
2.641
3.359
19.352
13.133
35.117
36.581
23.946
44.900
55.551
55.551
48.418
13.319
3.707
3.762
3.922
4.200
5.163
4.663
6.193
6.059
12.386
16.848
19.473
20.524
19.020
18.939
18.896
19.515
19.149
18.776
18.918
4.483
4.272
4.437
4.320
4.367
4.344
4.414
5.835
18.896
20.979
20.807
20.544
20.876
21.227
20.763
20.095
19.755
19.875
19.771
19.389
19.047
19.149
19.235
18.961
17.714
1.754
4.200
4.296
3.896
3.843
3.869
3.508
3.869
2.900
4.224
4.391
6.898
6.484
20.187
34.394
32.016
32.198
25.968
4.151
4.126
6.748
4.025
3.843
3.734
4.000
4.000
3.707
3.869
4.551
3.922
4.296
4.248
4.296
4.248
4.272
4.200
4.224
4.296
4.248
4.248
4.200
4.000
3.816
3.789
3.734
3.734
3.734
3.869
4.076
4.296
