18.653
20.142
20.855
21.199
21.372
21.458
21.522
21.573
21.599
15.279
10.799
7.616
5.201
3.342
1.852
0.735
1.524
1.930
2.004
1.989
1.955
1.912
1.943
2.061
2.043
1.983
1.638
1.362
0.963
0.988
0.699
0.494
0.572
1.223
1.673
1.858
2.021
2.048
2.087
2.081
2.175
2.173
2.101
2.112
2.118
2.097
2.061
1.803
1.564
1.195
1.060
0.504
0.862
1.044
1.124
2.442
2.901
2.900
2.970
2.542
2.407
2.646
2.884
2.765
2.704
5.902
6.530
9.723
11.134
7.970
7.714
14.357
16.756
17.580
17.826
16.080
11.220
7.751
5.242
3.327
4.138
5.098
9.428
12.437
12.893
12.099
12.364
12.934
11.433
7.937
5.474
3.736
2.332
0.389
1.887
1.964
13.613
13.375
22.960
30.540
27.442
25.129
43.113
49.722
49.075
35.956
25.560
18.268
13.212
9.803
7.834
6.447
6.321
1.274
8.712
13.411
16.719
18.719
18.870
18.905
18.900
19.210
19.180
18.979
18.948
13.018
8.695
5.288
2.156
2.686
3.611
4.033
2.982
13.527
17.651
19.294
19.929
20.408
20.821
20.792
20.447
20.104
19.990
19.881
19.636
19.344
19.247
19.241
19.101
18.421
13.084
8.762
5.400
2.644
1.972
3.071
3.297
3.594
3.266
3.775
4.095
3.925
5.360
14.769
26.467
29.373
30.818
28.496
19.935
13.791
8.505
5.298
2.579
1.910
3.134
3.593
3.650
3.761
4.175
4.050
4.175
4.212
4.254
4.251
4.262
4.231
4.227
4.262
4.255
4.252
4.226
4.114
3.968
3.879
3.808
3.771
3.753
3.811
3.946
4.125
