2.217
2.217
2.217
2.217
2.217
2.217
2.216
2.215
2.215
2.215
2.215
2.215
2.217
2.218
2.218
2.218
2.217
2.218
2.218
2.217
2.217
2.217
2.217
2.218
2.217
2.217
2.216
2.216
2.215
2.216
2.215
2.215
2.215
2.217
2.217
2.217
2.218
2.218
2.218
2.218
2.218
2.218
2.217
2.218
2.218
2.218
2.217
2.216
2.216
2.215
2.216
2.215
2.216
2.216
2.216
2.221
2.222
2.220
2.221
2.217
2.218
2.220
2.221
2.219
2.219
2.253
2.246
2.304
2.308
2.217
2.104
2.000
1.998
2.009
2.016
2.094
2.219
2.219
2.218
2.218
2.201
2.194
2.123
2.081
2.107
2.138
2.118
2.104
2.158
2.218
2.217
2.216
2.217
2.219
2.219
2.208
2.443
2.320
1.463
1.399
1.865
3.444
4.096
4.096
3.644
2.323
2.223
2.224
2.224
2.226
2.231
2.228
2.238
2.193
2.122
2.042
1.984
1.958
1.994
1.996
1.997
1.983
1.992
2.000
1.997
2.227
2.226
2.227
2.226
2.227
2.227
2.227
2.194
1.997
1.947
1.951
1.958
1.949
1.940
1.952
1.969
1.977
1.974
1.977
1.986
1.994
1.992
1.990
1.996
2.024
2.213
2.226
2.226
2.224
2.224
2.224
2.223
2.224
2.220
2.226
2.227
2.186
2.189
1.967
1.494
1.590
1.583
1.804
2.225
2.225
2.243
2.225
2.224
2.224
2.225
2.225
2.223
2.224
2.228
2.224
2.226
2.226
2.226
2.226
2.226
2.226
2.226
2.226
2.226
2.226
2.226
2.225
2.224
2.224
2.224
2.224
2.224
2.224
2.225
2.226
