2.348
2.336
2.352
2.348
2.352
2.348
2.348
2.348
2.348
2.352
2.352
2.336
2.352
2.348
2.348
2.348
2.348
2.352
2.336
2.348
2.352
2.348
2.352
2.352
2.352
2.336
2.352
2.352
2.348
2.352
2.336
2.348
2.336
2.352
2.352
2.348
2.348
2.352
2.352
2.348
2.352
2.348
2.352
2.348
2.348
2.352
2.336
2.348
2.352
2.348
2.348
2.336
2.336
2.352
2.348
2.336
2.352
2.348
2.348
2.352
2.352
2.352
2.352
2.352
2.348
2.380
2.364
2.428
2.444
2.348
2.240
2.128
2.124
2.140
2.144
2.224
2.348
2.348
2.348
2.352
2.332
2.316
2.252
2.204
2.224
2.256
2.256
2.240
2.284
2.332
2.348
2.352
2.352
2.348
2.352
2.332
2.556
2.496
1.612
1.536
1.936
3.504
4.352
4.352
3.836
2.480
2.352
2.352
2.348
2.352
2.364
2.364
2.368
2.316
2.252
2.176
2.108
2.092
2.108
2.124
2.124
2.108
2.112
2.128
2.128
2.352
2.352
2.348
2.348
2.352
2.348
2.348
2.336
2.124
2.076
2.080
2.076
2.076
2.076
2.080
2.096
2.112
2.096
2.108
2.112
2.128
2.108
2.108
2.124
2.144
2.332
2.352
2.352
2.348
2.352
2.352
2.336
2.352
2.352
2.348
2.352
2.320
2.320
2.108
1.632
1.708
1.708
1.888
2.368
2.348
2.352
2.352
2.352
2.348
2.348
2.348
2.352
2.348
2.348
2.352
2.352
2.348
2.364
2.348
2.352
2.348
2.348
2.348
2.352
2.352
2.348
2.352
2.348
2.348
2.352
2.352
2.352
2.348
2.348
2.352
