18.116
23.369
26.971
29.417
31.092
32.414
33.453
33.992
34.107
23.912
16.814
11.919
8.344
6.216
4.763
4.084
3.684
3.216
2.889
2.472
2.106
1.924
1.759
1.719
1.578
1.592
1.415
1.290
1.203
1.180
1.013
0.897
1.153
1.294
1.319
1.448
1.614
1.467
1.402
1.506
1.579
1.556
1.464
1.400
1.317
1.297
1.433
1.416
1.253
0.990
0.880
0.841
0.851
0.933
0.878
0.990
1.218
1.378
1.602
1.759
1.981
2.099
2.257
2.255
1.916
2.316
2.409
2.399
2.504
2.128
1.977
1.571
1.137
1.059
1.004
0.965
1.013
1.272
1.415
1.291
1.541
1.641
1.599
1.644
1.601
1.533
1.598
1.569
1.361
1.477
1.597
1.455
1.169
1.080
1.056
0.964
0.900
0.930
1.101
1.258
1.406
1.284
1.386
1.420
1.557
1.577
1.441
1.534
1.486
1.378
1.302
1.136
1.133
0.980
0.799
1.047
1.295
1.469
1.253
1.327
1.417
1.442
1.497
1.460
1.735
1.814
1.982
2.100
1.920
1.944
1.848
1.819
1.686
1.517
1.287
1.126
0.863
0.154
-0.567
-1.184
-1.354
-1.510
-1.507
-1.318
-1.110
-0.964
-0.750
-0.525
-0.555
-0.501
-0.651
-0.568
-0.398
-0.316
-0.371
-0.560
-0.729
-0.961
-1.235
-1.165
-0.965
-0.301
0.652
1.469
2.641
3.198
3.401
3.468
3.253
2.877
2.539
2.340
2.200
1.990
1.918
1.793
1.480
1.336
1.198
1.288
1.352
1.284
1.274
1.304
1.363
1.554
1.763
1.834
1.846
1.780
1.771
1.615
1.468
1.215
1.263
1.259
1.219
0.966
0.826
0.803
0.825
0.727
0.659
0.836
0.998
1.186
1.280
1.496
1.610
1.764
1.760
1.757
1.605
1.423
1.371
1.747
1.861
1.790
1.140
1.248
1.399
1.654
1.795
1.819
1.911
1.563
1.281
1.122
1.160
1.187
0.606
0.987
1.028
1.170
1.306
1.402
1.394
0.001
-0.637
-0.933
-1.291
-1.391
-1.874
-1.987
-1.953
-1.855
-1.598
-2.881
-3.630
-3.891
-3.286
-5.000
-5.900
-7.693
-11.985
-14.914
-16.965
-17.388
-18.959
-22.271
-20.840
-20.738
-19.504
-20.703
-21.805
-22.801
-20.873
-22.561
-22.618
-23.332
-24.358
-25.600
-26.658
-28.035
-27.237
-25.404
-28.133
-29.143
-21.038
-23.051
-23.673
-27.671
-26.270
-26.527
-25.319
-23.498
-24.099
-25.494
-25.196
-23.900
-24.530
-25.271
-28.415
-28.740
-27.618
-27.133
-24.918
-23.293
-25.942
-26.522
-25.128
-26.702
-28.216
-30.664
-29.490
-28.030
-28.434
-25.716
-25.726
-26.708
-27.171
-27.345
-26.454
-25.155
-25.484
-26.089
-27.862
-29.066
-29.046
-30.120
-30.046
-28.195
-28.399
-30.304
-29.688
-29.144
-30.151
-27.106
-27.861
-28.503
-28.465
-29.300
-26.510
-26.957
-25.470
-25.104
-25.973
-28.719
-28.353
-26.185
-27.142
-28.974
-27.257
-26.205
-28.281
-27.784
-27.999
-27.662
-24.088
-23.462
-26.698
-26.601
-29.121
-26.460
-24.897
-25.565
-24.571
-25.150
-25.780
-24.721
-25.105
-25.823
-27.789
-25.977
-26.134
-25.831
-27.982
-29.150
-29.217
-27.990
-28.293
-27.492
-28.582
-28.820
-28.087
-26.673
-28.234
-27.639
-25.722
-25.055
-23.501
-24.063
-24.157
-26.472
-27.381
-26.367
-23.257
-24.305
-23.876
-23.988
-24.292
-26.267
-26.074
-24.739
-25.943
-26.410
-24.524
-23.917
-24.579
-27.218
-29.140
-29.398
-27.629
-28.528
-29.119
-27.584
-28.609
-28.014
-26.359
-24.902
-23.994
-24.558
-25.291
-26.291
-27.141
-29.499
-27.212
-26.736
-25.090
-23.301
-26.435
-29.230
-29.011
-29.120
-27.622
-26.985
-26.315
-26.895
-27.789
-28.190
-27.233
-25.851
-27.095
-27.029
-29.121
-28.672
-31.320
-31.262
-31.258
-27.993
-28.333
-30.445
-30.612
-28.516
-27.124
-29.562
-30.481
-30.111
-27.078
-30.730
-29.536
-31.963
-32.499
-31.674
-31.397
-28.203
-30.317
-32.585
-30.309
-31.079
-31.618
-28.170
-27.556
-28.290
-27.153
-26.132
-27.592
-26.852
-24.722
-24.993
-24.470
-24.216
-25.689
-27.845
-28.454
-27.755
-28.504
-27.115
-28.093
-27.953
-27.404
-26.983
-27.176
-26.710
-28.560
-29.854
-29.636
-30.270
-28.389
-29.397
-28.978
-29.547
-28.521
-29.227
-27.471
-26.805
-22.738
-14.304
-15.113
-11.367
-7.844
-4.966
-3.551
-2.186
-0.893
-0.400
-0.130
0.209
0.371
0.147
-0.722
-0.280
-0.796
-0.257
0.195
1.111
0.815
1.733
1.138
1.772
0.828
0.804
6.226
5.595
7.254
5.453
5.355
11.248
9.486
6.190
5.833
7.721
13.617
17.782
20.097
21.718
23.378
24.427
27.336
27.423
26.246
27.597
29.968
27.203
25.417
22.629
23.040
21.566
19.334
17.508
11.056
6.089
3.325
-1.573
-1.738
-2.229
2.002
8.226
12.208
17.096
19.242
22.844
24.579
24.855
24.786
25.075
24.453
24.692
26.209
27.046
21.857
21.675
21.473
15.631
22.754
17.503
10.414
-2.310
4.533
5.348
7.494
9.296
9.619
8.534
12.798
10.721
13.017
13.012
9.859
11.476
10.321
9.437
5.668
2.318
7.960
3.172
8.408
9.223
10.431
9.739
6.142
8.087
7.611
9.190
13.446
12.974
12.645
13.614
10.955
12.468
16.678
14.487
16.141
13.136
13.583
13.258
12.543
11.368
15.232
13.625
9.613
14.004
20.303
16.537
15.888
17.647
16.403
16.019
15.189
11.832
5.357
10.163
9.439
8.295
11.356
7.687
11.118
11.008
13.480
12.774
17.567
17.997
17.285
13.000
13.825
9.752
12.152
15.519
10.038
14.527
14.331
15.844
16.491
17.769
17.538
18.014
12.610
13.552
17.249
16.949
15.089
16.637
9.584
11.396
11.727
14.809
14.379
14.790
14.966
11.826
13.941
16.958
13.371
17.310
14.892
18.074
16.252
16.026
9.718
12.765
15.836
18.435
11.292
6.742
10.794
10.556
12.264
8.435
12.354
10.523
6.804
13.500
12.337
12.761
9.045
13.719
15.153
15.145
19.001
13.676
16.698
16.976
17.471
13.542
17.654
19.708
20.771
19.302
17.561
14.318
10.247
15.836
16.147
18.391
17.411
13.313
14.756
17.379
12.766
17.936
19.643
19.525
14.530
15.008
11.631
10.917
10.754
14.353
13.797
16.895
15.314
12.895
12.964
11.475
11.970
17.116
18.656
22.209
18.284
13.624
15.049
10.234
5.927
11.011
20.233
22.638
23.571
25.950
24.465
21.325
14.290
8.053
5.750
6.612
6.616
6.056
1.914
-1.585
-4.185
-5.929
-8.725
-9.333
-10.545
-9.482
-9.412
-11.239
-12.592
-13.989
-15.043
-14.880
-13.978
-11.472
-11.406
-12.484
-8.364
-7.692
-7.297
-4.133
-6.418
-2.730
-3.899
1.658
-3.339
-4.512
-3.084
-5.796
-8.032
-9.710
-6.310
-2.204
-1.543
0.795
-5.931
-5.464
-3.150
-5.430
-6.276
-4.956
-11.082
-13.270
-12.889
-12.285
-10.699
-1.114
6.757
12.943
17.272
19.291
21.978
25.285
26.587
27.048
30.071
29.975
29.045
28.994
27.458
25.221
25.567
26.522
27.528
28.382
26.730
27.786
27.738
28.079
25.993
25.095
24.466
24.776
25.068
25.273
27.403
24.732
26.013
26.571
26.062
25.181
25.352
25.959
26.421
26.295
24.481
26.849
26.745
25.059
25.341
25.539
25.340
25.463
27.386
26.745
25.622
26.673
26.883
26.993
27.108
28.500
27.938
27.244
25.183
24.153
23.620
23.771
25.152
24.919
24.681
24.702
24.266
23.099
23.782
24.035
25.937
27.531
26.321
26.675
26.547
25.483
23.576
24.603
24.797
26.620
26.734
27.152
28.044
28.405
29.746
29.035
29.174
27.697
26.775
27.555
26.789
26.215
26.113
26.341
27.176
26.261
26.295
27.857
28.837
28.511
28.395
26.327
25.516
26.899
27.454
28.330
28.569
30.986
30.352
29.197
28.013
26.809
26.941
26.434
26.941
28.159
26.236
27.028
28.144
26.451
27.553
28.550
28.160
27.362
28.941
30.046
29.507
28.830
28.431
28.677
29.561
29.318
29.560
26.804
28.963
28.487
27.553
28.887
28.659
26.773
25.716
24.039
26.840
28.125
29.888
28.534
28.111
28.378
26.727
28.271
29.915
30.578
29.542
26.979
27.886
27.170
26.444
25.973
27.031
26.497
27.210
27.785
27.624
26.049
27.197
28.563
30.382
29.667
28.042
28.554
26.663
26.989
29.355
28.423
25.784
21.911
23.888
24.971
25.692
26.760
27.019
26.788
27.039
26.615
27.143
28.113
28.604
29.360
30.452
28.029
27.833
27.208
27.483
28.951
24.953
19.830
13.543
9.405
6.284
4.286
3.000
2.063
1.631
1.254
1.103
1.185
1.354
1.285
1.200
1.290
1.465
1.588
1.487
1.303
1.100
1.557
1.578
1.742
1.557
1.165
0.928
0.799
0.635
0.482
0.525
0.780
0.846
0.780
0.883
0.768
0.838
0.961
0.898
0.891
0.924
1.022
1.090
1.251
1.325
1.115
1.006
0.704
0.643
0.487
0.454
0.430
0.564
0.657
0.647
0.828
0.917
0.905
0.896
0.777
0.694
0.823
0.876
0.838
0.849
0.819
0.761
0.608
0.575
0.553
0.724
0.920
1.319
1.448
1.801
1.711
1.535
1.524
1.780
1.846
2.004
1.928
1.800
1.935
2.367
2.482
2.000
1.325
0.740
0.030
-0.354
-0.510
-0.545
-0.381
-0.267
-0.149
0.083
0.321
0.374
0.637
0.971
1.205
1.293
1.130
0.979
1.022
0.978
0.647
0.566
0.696
0.637
0.633
0.706
0.757
0.980
1.211
1.335
1.347
1.468
1.515
1.548
1.871
2.022
2.128
2.315
1.995
1.809
1.604
1.310
1.180
1.163
1.114
0.967
1.052
1.149
1.254
1.440
1.533
1.636
1.670
1.807
1.752
1.676
1.623
1.511
1.583
1.521
1.402
1.131
1.092
0.914
0.827
0.654
0.533
0.673
0.921
1.057
1.190
1.583
1.746
2.009
2.232
2.125
2.087
1.948
2.076
2.016
2.049
1.922
1.758
1.793
1.892
1.925
2.172
2.346
2.392
2.462
2.323
2.226
2.196
1.987
1.953
2.042
1.955
1.931
2.027
1.719
1.540
1.416
1.404
1.470
1.666
1.542
1.417
1.254
1.028
0.944
1.036
0.875
0.725
0.620
0.547
0.608
0.688
0.819
0.911
0.900
0.967
1.015
1.048
0.996
0.885
0.769
0.838
0.699
0.640
0.635
0.670
0.956
1.419
1.818
1.985
2.102
1.922
1.795
1.894
2.151
2.031
2.021
2.465
2.100
1.808
1.453
1.317
1.184
1.129
1.053
1.074
1.165
1.490
1.531
1.634
1.744
1.783
1.811
1.717
1.577
1.517
1.399
1.354
1.473
1.369
1.108
0.963
0.937
0.731
0.699
0.827
1.029
1.207
1.258
1.368
1.370
1.334
1.384
1.419
1.368
1.408
1.473
1.593
1.790
1.891
1.849
1.669
1.543
1.455
1.319
1.186
1.092
1.215
1.450
1.765
2.061
2.305
2.513
2.472
2.218
2.302
2.174
2.272
2.228
2.234
2.277
2.119
1.933
1.728
1.772
1.653
1.495
1.459
1.621
1.735
1.927
2.024
2.092
2.102
2.034
1.986
1.953
2.079
1.906
1.971
1.867
1.795
1.744
1.671
1.582
1.557
1.353
1.359
1.214
1.525
1.592
1.752
1.752
1.789
1.852
1.784
1.811
1.755
2.016
2.161
2.225
2.308
1.953
1.592
1.489
1.305
1.064
1.044
1.069
1.123
1.386
1.833
1.995
2.072
2.200
2.403
2.169
2.006
1.929
1.763
1.721
1.655
1.534
1.448
1.426
1.448
1.614
1.580
1.331
1.006
1.117
1.382
1.567
1.622
1.698
1.676
1.923
1.834
1.659
1.761
1.758
1.755
1.641
1.449
1.464
1.250
0.987
0.729
1.035
1.100
1.257
1.405
1.508
1.543
1.493
1.607
1.613
1.579
1.705
1.644
1.526
1.480
1.561
1.543
1.605
1.386
1.345
1.354
1.323
1.451
1.278
1.307
1.403
1.769
1.876
1.801
1.973
2.206
2.632
3.080
3.318
3.373
3.111
2.628
2.402
2.131
1.717
1.577
1.329
1.343
1.652
1.307
1.290
1.203
1.554
1.501
1.388
1.421
1.595
1.716
1.839
1.587
1.411
1.400
1.355
1.324
1.151
0.994
0.920
0.944
0.736
0.665
0.578
0.705
0.943
1.035
1.137
1.209
1.258
1.293
1.355
1.399
1.279
1.383
1.568
1.923
2.021
1.790
1.778
1.507
2.180
2.463
2.474
2.107
1.587
1.261
0.845
0.667
0.579
0.405
0.359
0.326
0.491
0.531
0.784
0.849
0.932
1.440
1.495
1.459
1.546
1.195
1.099
0.919
1.019
1.238
1.392
1.537
1.601
1.795
1.782
1.810
1.792
1.742
1.594
1.641
1.636
1.633
1.368
1.182
1.165
1.116
1.493
1.495
1.609
1.801
1.673
1.584
1.559
1.504
1.540
1.415
1.478
1.635
1.557
1.502
1.427
1.411
1.475
1.333
1.308
1.215
1.113
1.079
0.943
0.960
1.085
1.584
1.746
1.822
2.101
1.920
1.907
1.860
1.789
1.777
1.694
1.673
1.546
1.532
1.335
1.272
1.415
1.178
1.125
0.900
1.005
1.153
1.295
1.206
1.219
1.079
1.280
1.308
1.291
1.466
1.514
1.510
1.507
1.580
1.556
1.426
1.261
1.108
1.000
1.038
1.026
0.981
1.062
1.081
1.131
1.242
1.432
1.490
1.530
1.484
1.639
1.747
1.935
1.917
2.130
1.753
1.377
1.152
1.031
0.984
1.064
1.082
1.058
1.228
1.309
1.442
1.422
1.370
1.447
1.500
1.575
1.552
1.574
1.552
1.499
1.537
1.301
1.210
1.110
1.264
1.447
1.613
1.729
1.360
1.515
1.510
1.545
1.456
1.657
1.647
1.603
1.760
1.794
1.631
1.479
1.373
1.373
1.261
1.108
1.038
1.177
1.386
1.420
1.482
1.525
1.630
1.553
1.500
1.500
1.425
1.447
1.388
1.197
1.175
1.385
1.420
1.744
1.783
1.848
1.631
1.404
1.245
0.947
0.775
0.805
1.051
1.223
1.756
2.054
2.113
2.154
2.258
2.143
1.800
1.635
1.670
1.956
2.082
2.057
1.965
1.825
1.578
1.554
1.313
1.032
0.910
1.049
1.109
1.377
1.789
2.002
2.151
2.218
1.965
1.788
1.702
1.716
1.576
1.478
1.410
1.137
0.983
0.951
0.966
1.201
1.216
1.488
1.829
1.731
1.661
1.575
1.590
1.601
1.683
1.703
1.567
1.772
1.915
1.903
1.782
1.623
1.361
1.103
0.922
0.795
0.857
0.825
0.915
1.128
1.239
1.355
1.511
1.545
1.532
1.485
1.377
1.301
1.248
1.211
1.598
1.793
1.968
2.127
1.602
1.121
0.972
0.868
0.945
0.999
1.112
1.191
1.621
1.772
1.841
1.888
1.847
1.855
1.749
1.637
1.708
1.758
1.756
1.566
1.509
1.394
1.351
1.170
1.194
1.248
1.436
1.530
1.634
1.669
1.543
1.530
1.521
1.590
1.563
1.544
1.643
1.788
1.739
1.667
1.354
1.323
1.151
0.993
0.920
1.207
1.407
1.660
2.062
1.931
1.877
1.689
1.632
1.480
1.561
1.655
1.684
1.628
1.590
1.525
1.443
1.197
0.988
0.917
0.867
0.982
0.987
1.066
1.159
1.336
1.310
1.555
1.576
1.553
1.612
1.653
1.570
1.661
1.725
1.695
1.862
1.903
1.707
1.495
1.309
1.141
1.061
1.155
1.146
1.402
1.432
1.527
1.444
1.536
2.013
2.084
2.021
2.052
2.262
2.108
1.888
1.809
1.641
1.374
1.149
0.992
1.144
1.138
1.022
1.203
1.404
1.471
1.442
1.422
1.445
1.574
1.589
1.638
1.859
1.789
1.814
1.833
1.845
1.779
1.620
1.472
1.368
1.220
1.266
1.186
1.356
1.474
1.519
1.626
1.626
1.588
1.524
1.629
1.628
1.552
1.386
1.420
1.519
1.551
1.948
1.814
1.757
1.755
1.528
1.482
1.450
1.578
1.554
1.763
1.909
1.936
1.880
2.029
2.058
2.040
2.066
2.121
2.422
2.708
2.458
1.983
1.801
1.560
1.392
1.350
1.320
1.411
1.513
1.884
2.106
2.224
2.120
2.009
1.969
1.903
1.895
1.814
1.682
1.515
1.473
1.669
1.730
1.924
1.722
1.505
1.391
1.311
1.405
1.546
1.945
2.111
2.303
2.362
2.403
2.582
2.145
1.952
1.854
1.822
1.726
1.695
1.487
1.228
1.122
1.423
1.521
1.627
1.477
1.559
1.578
1.480
1.486
1.565
1.771
1.877
1.839
1.775
1.842
1.815
1.795
1.857
1.862
1.716
1.464
1.362
1.141
0.949
1.151
1.331
1.757
1.642
1.487
1.453
1.467
1.252
1.364
1.442
1.609
1.689
1.895
1.964
2.125
2.312
1.881
1.504
1.315
1.258
1.106
0.961
1.311
1.667
1.767
1.949
2.040
1.915
1.791
1.703
1.680
1.738
1.854
1.898
1.891
1.811
1.680
1.514
1.247
1.135
1.207
