2507.682
2530.356
2532.848
2533.322
2533.257
2533.138
2533.239
2532.911
2532.991
253.187
25.656
3.353
1.010
0.551
0.843
0.984
0.661
1.754
0.963
1.446
1.495
1.049
1.117
0.449
0.382
-0.074
0.555
0.843
0.309
1.043
1.117
1.462
0.596
0.397
1.277
1.253
0.913
1.554
1.055
1.343
1.259
1.476
1.160
1.353
0.023
0.227
0.023
0.115
-0.214
-0.134
0.324
0.145
0.352
1.273
1.252
1.363
1.824
0.632
0.288
0.591
0.396
0.490
0.161
0.016
0.676
-0.045
-0.117
0.663
0.629
0.625
0.850
0.197
0.245
0.587
1.071
0.782
0.416
0.716
0.297
0.592
0.622
0.737
0.186
0.469
0.834
0.083
0.121
1.474
1.160
0.791
0.754
0.300
-0.308
-0.031
-0.116
0.326
0.145
0.802
0.305
0.480
0.385
0.713
0.634
0.063
0.119
0.349
0.147
0.690
0.631
-0.274
-0.027
-0.340
0.191
0.132
-0.212
-0.359
0.077
0.570
0.394
1.277
1.140
1.239
1.024
0.665
0.404
0.378
0.263
0.364
0.261
0.363
0.374
-0.413
-0.491
-0.162
-0.579
-0.395
-0.715
0.379
0.713
0.971
1.447
0.257
0.476
0.498
0.050
0.117
0.012
0.114
0.236
-0.089
-0.234
-0.136
-1.026
-0.440
-0.607
-0.623
-0.287
-0.029
-0.565
0.056
0.230
0.023
-0.335
0.304
0.368
0.374
0.375
0.487
-0.064
0.331
0.370
0.149
0.127
-0.212
-0.471
-0.835
0.704
-0.267
0.423
1.280
0.015
0.226
1.373
1.375
1.037
0.554
0.393
1.277
1.365
1.149
1.015
0.889
-0.024
-0.002
0.225
0.135
-0.324
-0.370
-0.375
-0.600
1.177
0.793
0.642
1.527
0.490
0.161
0.241
0.361
0.149
0.465
0.384
0.151
0.352
1.048
0.892
-0.023
0.335
-0.304
-0.143
-0.577
-0.170
-0.242
-0.137
-0.239
0.426
0.493
0.949
0.657
0.628
0.625
0.850
0.760
0.413
-0.071
0.105
0.235
1.148
1.240
1.249
0.800
0.080
-0.217
-1.034
-0.778
-0.978
-0.210
0.316
1.269
1.364
1.374
0.587
0.059
0.343
-0.078
0.555
0.280
0.140
0.576
0.508
0.276
-0.085
-0.459
-0.496
-0.500
-0.500
-0.500
-0.500
-0.050
0.107
0.348
0.822
-0.255
0.199
-0.318
-0.032
0.222
0.585
0.283
0.253
0.025
0.227
0.360
-0.189
-0.356
-0.148
0.435
0.268
0.252
0.588
0.396
0.152
0.015
0.114
0.461
0.271
0.702
0.858
0.536
0.616
0.849
0.085
0.233
0.248
0.362
0.036
-0.334
-0.258
-0.363
-0.824
-0.195
0.093
0.572
0.394
0.152
0.128
0.463
0.384
0.263
0.251
0.362
0.824
0.195
0.357
0.598
0.510
-0.512
-0.164
-0.129
-0.126
0.550
0.392
0.714
1.421
0.817
1.544
0.829
1.095
1.122
0.787
0.641
0.289
0.141
0.127
0.350
0.822
0.082
-0.217
-0.022
1.010
0.438
0.381
0.375
0.600
-0.165
0.096
-0.328
-0.033
0.559
0.168
0.354
0.485
0.386
0.376
0.712
0.746
0.525
-0.060
0.219
-0.203
-0.358
-0.148
-0.465
-0.159
0.097
0.572
1.182
1.356
0.473
0.385
0.488
-0.289
0.196
0.582
-0.392
1.086
0.333
0.033
0.453
-0.405
-0.716
-1.084
-0.896
-0.877
-0.988
-1.111
-1.011
-0.214
-0.021
0.110
-0.326
-0.145
-0.915
-0.654
-0.403
-0.490
-0.162
0.209
-0.317
0.081
-0.329
-0.596
-0.510
-1.064
-0.781
-1.091
-0.784
-0.979
-1.223
-0.572
-0.282
-0.141
-0.127
-0.013
0.111
0.124
-0.325
-0.258
-0.363
0.301
-0.083
-0.233
0.089
-0.329
-0.595
0.615
-0.501
-0.500
0.850
-0.928
-0.430
-0.493
-0.274
-0.140
-0.127
-0.238
-0.136
-0.014
0.111
-0.664
-0.967
-0.209
-0.471
-0.160
-0.691
-1.307
-1.481
-1.273
-1.477
-1.273
-1.477
-1.385
-1.151
-0.903
-0.878
-0.538
-0.729
-0.186
-0.581
-0.283
-0.253
-0.025
-0.003
-0.113
-0.124
-0.575
-0.733
-1.536
-1.279
-0.915
-1.329
-0.920
-0.992
-0.662
-0.404
0.410
-0.072
1.005
-0.575
0.167
-0.096
-0.010
-0.564
-0.281
-0.366
-0.374
-0.150
-1.028
-0.778
-1.428
-1.380
-0.813
-1.094
-1.010
-1.001
-0.438
-0.156
-0.578
-0.283
0.084
0.908
0.653
1.190
0.681
0.293
-0.421
-0.042
-0.567
-0.394
-0.714
-0.747
-1.312
-0.806
-1.318
-1.257
-0.801
-0.530
-0.391
-0.827
-0.645
-0.627
-0.625
-0.738
0.601
0.623
0.400
0.265
-0.424
-0.605
-0.398
-0.602
-0.398
-1.390
-1.264
-1.364
-0.361
-0.374
0.075
-0.443
-0.719
-0.297
-0.030
-0.116
-0.349
-0.372
-0.375
-0.713
0.154
-0.322
-0.482
0.177
0.355
-0.640
-0.851
-0.760
-0.751
-1.200
-0.908
-1.103
-0.448
-0.495
-0.275
-0.365
-0.937
-0.319
-0.482
0.289
-0.084
0.104
-0.327
-0.145
-0.577
-0.283
-0.591
0.166
0.241
0.249
-0.875
-0.875
-0.538
-0.616
0.051
0.005
-0.112
-0.124
-0.800
-0.643
-0.064
-0.794
-0.304
-0.030
-0.453
-0.158
0.209
0.133
-0.099
-1.585
-0.946
-0.770
-0.977
-0.660
-0.966
-0.884
-0.539
0.171
-0.096
-0.235
0.089
-0.104
-0.235
0.089
0.346
-0.078
-0.458
-0.158
-0.016
0.223
0.247
0.025
-0.898
-1.102
-1.235
0.101
-0.440
0.406
0.603
-0.052
-0.230
-0.473
-0.160
-0.016
-0.002
-0.675
-0.293
0.083
-0.217
0.316
-0.194
-0.244
-0.925
-0.880
-0.875
-0.875
-0.988
-0.886
-0.876
-0.425
0.520
0.052
0.118
0.124
-0.325
-0.483
0.064
0.006
-0.450
-0.382
-0.038
-0.679
-0.293
-0.029
0.334
-0.417
0.183
0.131
-0.774
-1.202
-0.683
-0.181
0.207
0.133
-0.099
0.890
0.764
0.751
0.412
0.829
-0.030
-0.003
-0.113
-0.011
0.111
-0.776
-0.528
-0.165
-0.467
-0.722
-0.747
-0.750
0.037
0.116
-0.101
-0.123
-0.012
0.561
1.518
1.164
0.454
0.720
-0.041
-0.454
0.067
0.007
-0.450
-0.945
-0.882
-0.763
-0.639
-0.401
-0.940
-0.769
-0.640
-0.064
-0.344
-0.372
-0.150
0.097
-0.328
-0.145
1.785
0.853
0.873
0.537
0.841
1.434
-0.307
-0.706
-0.633
-0.851
-0.760
-0.414
-0.716
-0.297
-0.030
0.222
0.247
0.137
-0.099
-0.235
-0.249
-0.250
-0.025
-0.115
-0.012
-0.114
-0.011
-0.001
-0.450
-0.495
-0.500
-0.387
-0.601
-0.510
-0.164
0.321
0.145
-0.661
-0.066
0.218
-0.091
0.328
0.483
0.273
1.377
1.038
0.891
0.652
0.290
-0.421
-0.380
-0.601
0.502
0.388
0.489
0.611
-0.389
-0.376
0.187
0.244
0.699
0.520
-0.061
0.556
0.168
0.129
0.350
0.260
0.138
-0.099
-0.235
-0.361
-0.261
-0.251
-0.475
-0.723
-0.410
-0.604
-0.060
-0.344
-0.147
0.435
0.268
0.477
0.385
0.488
0.499
0.612
0.736
0.411
0.266
0.027
0.003
-0.450
-0.158
0.209
0.021
-0.335
0.079
-0.217
0.653
1.753
1.300
0.918
0.992
1.562
0.944
1.107
1.573
1.282
0.691
0.969
0.772
0.414
0.154
-0.097
-0.460
0.516
-0.399
-0.153
0.097
0.010
0.451
0.607
0.511
0.501
0.387
0.151
-0.098
0.103
0.460
0.383
0.938
0.319
0.369
0.374
-0.188
-0.131
-0.238
-0.136
0.324
-0.080
0.442
0.719
0.634
0.738
-0.151
0.322
-0.080
0.554
0.168
1.142
0.677
1.418
1.379
0.138
0.239
-0.089
-0.234
-0.136
-0.239
-0.474
0.177
-0.320
-0.257
0.424
0.267
0.814
0.531
0.166
0.129
-0.100
0.215
0.471
0.272
0.252
0.588
0.959
-0.129
0.100
-0.440
-0.832
-0.533
-0.841
-0.422
-0.042
-0.004
0.337
0.596
0.060
0.343
1.609
0.611
0.623
0.962
0.209
-0.204
-0.246
0.088
0.009
-0.449
0.630
0.738
0.636
0.064
-0.106
-0.348
-0.035
0.221
0.359
0.936
1.331
1.033
1.341
0.134
0.913
-0.021
0.223
0.022
1.240
0.574
0.732
0.298
0.142
-0.548
-0.842
-0.759
-0.639
-0.739
-0.074
-0.007
-0.001
0.112
0.124
0.462
0.384
0.263
0.251
1.487
0.936
0.431
0.831
2.108
0.548
-0.395
-0.377
0.187
-0.544
-0.617
0.276
1.152
1.353
0.810
0.756
0.526
0.165
0.241
-0.201
0.542
0.392
0.939
1.219
2.822
1.632
1.288
0.354
0.823
0.645
-0.611
-2.086
-7.634
-32.151
-42.928
-42.093
-4.997
-2.187
-4.381
-6.063
-7.469
-7.497
-10.200
-13.283
-17.978
-21.935
-28.294
-24.879
-28.701
-32.120
-38.537
-32.429
-31.931
-37.506
-35.926
-33.855
-36.123
-40.062
-38.881
-44.388
-51.689
-60.631
-58.488
-65.024
-69.953
-91.258
-100.251
-99.125
-117.013
-120.039
-116.179
-114.330
-101.321
-103.170
-108.417
-108.717
-100.534
-92.853
-88.485
-93.111
-96.274
-98.952
-115.758
-125.426
-117.843
-106.172
-99.267
-94.639
-92.264
-76.502
-83.813
-88.931
-84.831
-77.783
-80.791
-90.317
-93.857
-99.498
-116.263
-125.589
-117.297
-123.667
-125.092
-129.172
-124.405
-127.866
-132.487
-125.636
-117.414
-117.604
-108.960
-90.884
-112.813
-134.581
-128.771
-119.077
-124.970
-106.435
-120.781
-110.741
-109.399
-103.978
-94.998
-95.000
-89.038
-100.141
-107.552
-115.493
-114.149
-104.115
-96.812
-86.406
-84.353
-89.098
-100.485
-95.999
-85.200
-75.570
-66.845
-64.059
-73.006
-89.763
-81.876
-80.525
-64.303
-61.555
-65.781
-78.916
-5.079
-0.733
-0.411
0.071
0.570
0.507
0.051
0.118
0.349
0.147
0.577
1.183
0.906
0.878
1.100
0.560
0.506
-0.287
-0.254
-0.476
-0.498
-0.275
-0.478
-0.498
0.063
0.456
0.270
0.364
0.261
0.476
0.385
0.713
0.521
0.277
0.028
0.340
1.721
1.297
0.692
0.407
0.378
0.038
-0.446
-0.495
-0.725
-0.635
-0.064
-0.231
0.089
0.121
0.125
0.462
0.159
0.016
0.114
0.236
0.361
0.149
-0.210
-0.246
1.325
0.357
0.373
0.600
-0.615
-0.399
-0.153
-0.015
0.111
-0.214
-0.021
-0.002
0.112
0.349
0.372
-0.075
0.105
-0.102
0.440
-0.181
-0.018
-0.339
-0.709
-0.634
0.162
-0.209
-0.471
-0.610
-0.286
-0.254
0.312
-0.419
-0.042
-0.117
-0.124
0.550
-0.058
0.107
-0.214
0.653
0.853
0.985
-0.127
-0.913
-0.654
-0.516
-0.164
-0.467
-0.722
-0.297
-0.030
0.447
0.720
1.759
0.738
1.086
0.446
0.495
0.387
0.039
-0.109
-0.236
0.089
-0.554
-0.280
-0.478
-0.160
-1.029
-1.003
-0.888
-0.539
-0.504
0.062
-0.106
-0.573
-0.057
-0.118
-0.124
0.212
-0.429
-0.156
-0.016
-0.227
-0.135
0.099
-0.553
-0.843
-0.759
-0.413
-0.492
-0.162
-0.466
-0.159
0.321
-0.081
-0.233
0.314
0.144
0.352
0.485
1.624
1.175
1.130
1.238
0.124
0.350
0.147
-0.773
-0.415
-0.154
-0.241
0.088
-0.441
0.068
-0.218
0.203
0.020
-0.335
0.304
0.030
0.228
-0.090
0.441
0.494
0.162
-0.209
-0.021
0.110
0.011
-0.336
-0.371
-0.150
-0.240
-0.699
-0.520
-0.277
1.435
1.606
1.285
1.478
1.385
1.714
0.284
1.491
1.274
1.027
1.115
0.224
0.135
1.476
0.822
0.420
0.379
-0.975
-0.773
-0.527
-0.390
0.186
0.243
-0.201
0.542
0.279
0.028
0.003
0.338
0.259
-0.199
0.655
0.628
0.738
0.299
-0.308
-0.593
-0.397
-0.265
-0.477
-0.835
-0.196
0.655
0.515
0.389
0.601
0.397
0.490
0.049
0.230
0.585
1.183
0.681
1.643
0.164
0.579
-0.280
-0.815
-0.307
-0.706
-0.183
-0.581
-0.621
-0.175
0.545
0.729
0.635
0.064
0.119
0.349
0.372
0.375
0.487
0.049
-0.445
-0.045
-0.117
-0.124
-0.913
-0.654
-0.628
-0.513
-0.726
-0.748
-0.075
-0.345
0.528
0.615
0.624
0.962
0.659
0.741
0.749
0.637
0.401
0.490
0.386
0.713
0.296
-0.645
-0.402
-0.490
-0.274
-0.140
-0.464
-0.046
-0.230
0.539
0.391
0.714
0.746
0.075
1.807
1.756
0.738
1.761
0.626
0.513
0.614
0.399
-0.185
-0.356
-0.373
-0.600
-0.735
-0.636
-0.401
-0.265
0.311
0.481
0.611
0.623
0.737
0.411
0.378
0.713
0.521
0.840
0.534
0.278
0.590
0.734
-0.152
-0.803
-0.305
0.082
-0.217
-0.472
-0.047
0.220
0.134
0.126
0.125
-0.100
0.440
0.269
0.364
0.486
0.386
0.263
0.251
1.375
0.700
0.745
0.412
0.604
-0.052
-0.005
-0.451
0.292
0.254
0.588
0.846
0.759
0.301
0.818
1.432
0.480
0.273
0.477
0.948
0.770
0.864
0.986
0.099
0.010
0.001
-0.337
-0.259
-0.251
0.087
0.121
0.462
0.834
0.308
0.256
0.700
1.082
2.133
1.226
1.247
1.362
0.699
0.407
0.153
0.578
-0.055
-0.231
-0.248
0.200
0.132
1.476
1.272
1.365
1.374
0.475
0.385
-0.299
0.758
0.751
0.300
0.705
0.745
0.299
0.367
0.374
-0.075
-0.120
-0.125
0.100
0.347
0.260
-0.087
0.329
0.145
0.802
0.868
-0.026
0.335
0.483
0.273
0.140
0.689
0.631
0.400
0.490
0.949
0.320
0.144
0.014
-0.111
-0.236
-0.024
-0.115
-0.124
0.212
0.696
0.970
0.659
0.291
0.479
1.623
1.512
1.276
1.590
1.059
0.781
0.640
0.514
0.051
0.005
0.113
0.124
-0.213
-0.471
-0.160
-0.016
0.673
0.967
0.547
0.617
0.174
0.242
0.362
0.711
0.634
0.963
0.659
0.178
0.355
0.598
0.397
-0.185
-0.356
-0.036
-0.004
-0.451
0.067
0.344
0.147
0.577
0.395
0.040
0.116
0.012
0.451
0.382
0.263
0.476
1.060
1.456
1.495
1.274
1.252
0.238
-0.089
0.328
-0.305
-0.143
0.548
0.392
0.939
1.106
1.573
1.507
1.276
1.252
0.688
0.181
0.581
-0.167
0.433
0.943
0.544
0.729
0.410
-0.184
0.206
0.021
0.339
0.371
0.712
0.746
0.862
0.986
0.999
1.337
0.921
0.992
0.549
1.180
0.680
0.180
0.806
1.093
0.447
0.157
0.016
0.226
-0.090
1.228
1.023
0.890
2.001
0.763
0.751
-2.288
1.459
1.946
1.657
1.516
1.051
1.005
1.113
0.674
0.292
0.592
0.509
0.726
-0.828
1.830
-15.567
-33.507
-78.501
-128.675
-196.805
-250.531
-279.416
-326.517
-392.539
-424.004
-369.776
-42.490
-3.349
-0.222
-0.360
0.076
3.383
-8.887
445.961
1001.296
1037.817
1018.632
659.863
65.649
7.465
0.971
0.660
0.741
1.086
1.909
1.316
0.919
1.554
0.380
0.150
-0.322
-0.257
0.649
0.852
0.423
0.605
0.398
0.602
0.398
-0.410
0.296
0.255
0.138
0.126
0.575
0.395
0.039
-0.334
-0.146
0.098
-0.328
-0.595
-0.510
-0.051
0.107
0.798
0.080
0.008
0.563
-0.056
0.219
-0.203
0.092
0.347
0.260
0.026
0.340
0.484
-0.402
0.185
-0.432
-2.968
