2410.880
2488.576
2504.115
2510.423
2511.685
2508.737
2511.347
2511.869
2511.974
499.195
99.839
16.768
3.354
-2.529
-3.706
-3.941
-3.988
-3.998
-3.999
-0.800
-3.360
-3.872
-0.774
-3.355
-0.671
-3.334
-0.667
-3.333
-0.667
-3.333
-0.667
-3.333
-3.867
-3.973
-0.795
-0.159
-3.232
-3.846
-0.769
-3.354
-0.671
-3.334
-3.867
-3.973
-0.795
-0.159
-3.232
-0.646
-0.129
-3.226
-3.845
-0.769
-3.354
-3.871
-0.774
-0.155
-3.231
-3.846
-3.969
-0.794
-0.159
-3.232
-3.846
-3.969
-0.794
-0.159
-3.232
-3.846
-0.769
-0.154
-3.231
-3.846
-0.769
-3.354
-0.671
-3.334
-3.867
-3.973
-0.795
-3.359
-3.872
-3.974
-3.995
-3.999
-4.000
-4.000
-4.000
-0.800
-3.360
-0.672
-0.134
-0.027
-0.005
-3.201
-3.840
-0.768
-3.354
-3.871
-0.774
-0.155
-0.031
-0.006
-0.001
-3.200
-0.640
-3.328
12.134
2.427
-2.715
-3.743
-16.749
-28.950
-34.590
-22.918
-33.384
-32.277
-32.055
-57.611
-24.322
-20.864
-29.773
-47.555
-35.111
-48.622
-51.324
-51.865
-48.773
-60.954
-53.791
-61.958
-76.392
-82.478
-80.496
-92.899
-85.780
-42.756
-37.351
-49.070
-48.214
-76.843
-92.169
-98.434
-83.687
-71.137
-78.227
-105.245
-136.249
-145.650
-121.930
-101.186
-97.037
-96.207
-96.041
-57.608
-65.922
-118.784
-113.357
-102.671
-97.334
-6.667
-4.533
-0.907
-3.381
-0.676
-0.135
-3.227
-0.645
-3.329
-3.866
-3.973
-3.995
-3.999
-0.800
-3.360
-3.872
-3.974
-3.995
-3.999
-0.800
-0.160
-0.032
-0.006
-0.001
-0.000
-0.000
-0.000
-0.000
-0.000
-0.000
-0.000
25.600
91.520
79.104
89.421
129.884
153.977
145.995
144.399
192.080
227.216
199.043
206.209
220.442
236.088
248.818
164.964
32.993
3.399
0.680
0.136
0.027
-3.195
-3.839
-0.768
-3.354
-0.671
-3.334
-3.867
-0.773
-3.355
-0.671
-3.334
-0.667
-3.333
-3.867
-0.773
-3.355
-0.671
-0.134
-0.027
-3.205
-0.641
-0.128
-0.026
-0.005
-0.001
-3.200
-3.840
-3.968
-3.994
-0.799
-0.160
-0.032
-0.006
-3.201
-3.840
-0.768
-3.354
-0.671
-3.334
-0.667
-3.333
-0.667
-0.133
-0.027
-0.005
-3.201
-0.640
-0.128
-3.226
-3.845
-0.769
-3.354
-3.871
-3.974
-3.995
-3.999
-4.000
-0.800
-3.360
-0.672
-3.334
-0.667
-3.333
-3.867
-3.973
-3.995
-3.999
-0.800
-0.160
-3.232
-0.646
-3.329
-0.666
-3.333
-3.867
-3.973
-0.795
-0.159
-0.032
-3.206
-0.641
-0.128
-3.226
-0.645
-3.329
-0.666
9.467
-1.307
-3.461
-3.892
-3.978
-3.996
-3.999
-0.800
-3.360
-3.872
-0.774
-3.355
-3.871
-0.774
-0.155
-0.031
-3.206
-3.841
-3.968
-3.994
-3.999
-4.000
-0.800
-3.360
-3.872
-0.774
-0.155
-3.231
-0.646
-0.129
-3.226
-3.845
-0.769
-3.354
-0.671
-0.134
-3.227
-3.845
-3.969
-0.794
-3.359
-0.672
-0.134
-0.027
-3.205
-3.841
-0.768
-3.354
-3.871
-3.974
-0.795
-3.359
-3.872
-3.974
-3.995
-0.799
-0.160
-3.232
-3.846
-0.769
-3.354
-3.871
-0.774
-3.355
-3.871
-3.974
-3.995
-0.799
-0.160
-0.032
-3.206
-3.841
-0.768
-3.354
-0.671
-3.334
-0.667
-3.333
-0.667
-0.133
-3.227
-0.645
-3.329
-3.866
-0.773
-0.155
-3.231
-3.846
-0.769
-3.354
-3.871
-3.974
-0.795
-0.159
-3.232
-3.846
-3.969
-3.994
-3.999
-4.000
-0.800
-3.360
-0.672
-0.134
-3.227
-0.645
-3.329
-3.866
-3.973
-0.795
-0.159
-3.232
8.954
-1.409
-3.482
-3.896
-3.979
-3.996
-3.999
-4.000
-4.000
-0.800
-3.360
-3.872
-3.974
-3.995
-3.999
-4.000
-4.000
-4.000
-4.000
-4.000
-0.800
-3.360
-0.672
-3.334
-3.867
-3.973
-3.995
-3.999
-4.000
-4.000
-0.800
-3.360
-3.872
-0.774
-0.155
-3.231
-0.646
-3.329
-0.666
-3.333
-0.667
-3.333
-3.867
-3.973
-0.795
-3.359
-3.872
-0.774
-0.155
-0.031
-3.206
-0.641
-3.328
-0.666
-3.333
-3.867
8.827
-1.435
-0.287
-3.257
-0.651
9.470
-1.306
-0.261
-3.252
-0.650
-0.130
-3.226
-3.845
-3.969
-3.994
-3.999
-0.800
-3.360
-0.672
-3.334
-0.667
-3.333
-0.667
-3.333
-0.667
-3.333
-0.667
-3.333
-0.667
-0.133
-0.027
-3.205
-0.641
-0.128
-0.026
-0.005
-3.201
-3.840
-3.968
-3.994
-0.799
-3.360
-0.672
-3.334
-0.667
-0.133
-3.227
-3.845
-3.969
-0.794
-3.359
-0.672
-0.134
-3.227
-3.845
-0.769
-3.354
-3.871
-3.974
-3.995
-0.799
-0.160
-3.232
-0.646
-0.129
-0.026
-3.205
-3.841
-3.968
-0.794
-0.159
-3.232
-0.646
-3.329
-0.666
-0.133
-3.227
-0.645
-0.129
-0.026
-3.205
-0.641
-0.128
-3.226
-3.845
-3.969
-3.994
-3.999
-4.000
-0.800
-3.360
-3.872
-3.974
8.805
1.761
0.352
-3.130
-0.626
-3.325
-3.865
-3.973
-3.995
-0.799
-3.360
-0.672
-3.334
-0.667
-3.333
-3.867
-3.973
-0.795
-3.359
-0.672
-3.334
-0.667
-0.133
-3.227
-0.645
-3.329
-0.666
-0.133
-3.227
-0.645
-3.329
-0.666
-3.333
-0.667
-0.133
-3.227
-0.645
-0.129
-0.026
-3.205
-0.641
-0.128
9.574
1.915
-2.817
-0.563
-3.313
-3.862
-3.972
-3.994
-3.999
-4.000
-4.000
-0.800
-3.360
-0.672
-0.134
-3.227
-3.845
-3.969
-3.994
-3.999
-0.800
-0.160
-0.032
-3.206
-0.641
-0.128
-3.226
-3.845
-0.769
-0.154
-0.031
-3.206
-0.641
-0.128
-0.026
-3.205
-0.641
-0.128
-3.226
8.955
-1.409
-3.482
-3.896
-3.979
-0.796
-0.159
-3.232
-0.646
-0.129
-0.026
-3.205
-3.841
-0.768
-3.354
-3.871
-0.774
-0.155
-3.231
-3.846
-3.969
-0.794
-0.159
-0.032
-3.206
-3.841
-3.968
-0.794
-3.359
-0.672
-0.134
-0.027
-0.005
-3.201
-0.640
-0.128
-3.226
-3.845
-3.969
-3.994
-3.999
-0.800
-0.160
-3.232
-3.846
-3.969
-3.994
-0.799
-3.360
-0.672
-0.134
-0.027
-0.005
-3.201
-3.840
-0.768
-3.354
-3.871
-0.774
-0.155
-3.231
-3.846
-0.769
-0.154
-3.231
-3.846
-3.969
-0.794
-3.359
-3.872
-3.974
-3.995
-3.999
-4.000
-0.800
-3.360
-0.672
-3.334
-3.867
-0.773
-0.155
-0.031
-0.006
-3.201
-0.640
-0.128
-0.026
-3.205
-3.841
-3.968
-3.994
-0.799
-0.160
-0.032
-3.206
-0.641
-0.128
-0.026
-0.005
-3.201
-3.840
-0.768
-3.354
-3.871
-0.774
-0.155
-3.231
-3.846
-3.969
-3.994
-3.999
-0.800
-0.160
-3.232
-0.646
-3.329
-3.866
-0.773
-0.155
-0.031
-0.006
-3.201
-3.840
-3.968
-3.994
-3.999
-4.000
-4.000
-4.000
-0.800
-3.360
-0.672
-3.334
-3.867
-0.773
-3.355
-3.871
-3.974
-0.795
-0.159
-3.232
-0.646
-3.329
-3.866
-3.973
-3.995
-3.999
-0.800
-0.160
-3.232
-3.846
-3.969
-3.994
-3.999
-4.000
-0.800
-3.360
-0.672
-3.334
-3.867
-0.773
-0.155
-0.031
-3.206
-3.841
-3.968
-3.994
-3.999
-0.800
-0.160
-3.232
-0.646
-3.329
-0.666
-3.333
-0.667
-3.333
-3.867
-0.773
-0.155
-0.031
-3.206
-0.641
-0.128
-0.026
-3.205
-3.841
-3.968
-0.794
-3.359
-0.672
-3.334
-3.867
-0.773
-3.355
-0.671
-0.134
-0.027
-0.005
-3.201
-0.640
-0.128
-0.026
-3.205
-3.841
-0.768
-3.354
-0.671
-0.134
-0.027
-3.205
-3.841
-3.968
-3.994
-3.999
-4.000
-4.000
-4.000
-0.800
-3.360
-3.872
-0.774
-0.155
-3.231
-3.846
-0.769
-3.354
-0.671
-3.334
-3.867
-3.973
-3.995
-0.799
-3.360
-3.872
-3.974
-0.795
-0.159
-0.032
-0.006
-0.001
-3.200
-3.840
-0.768
-3.354
-0.671
-0.134
-0.027
-0.005
-0.001
-3.200
-0.640
-0.128
-3.226
-3.845
-3.969
-0.794
-3.359
-0.672
-3.334
-3.867
-3.973
-3.995
-3.999
-4.000
-4.000
-4.000
-4.000
-0.800
-3.360
-0.672
-0.134
-0.027
-0.005
-3.201
-3.840
-3.968
-3.994
-0.799
-3.360
-0.672
-0.134
-3.227
-0.645
-3.329
-0.666
-0.133
-0.027
-3.205
-3.841
-0.768
-3.354
-3.871
-3.974
-3.995
-3.999
-0.800
-3.360
-0.672
-3.334
-3.867
-3.973
-0.795
-0.159
-0.032
-0.006
-3.201
-3.840
-0.768
-0.154
9.569
27.514
40.703
84.941
39.388
-4.922
-55.385
-100.677
-84.135
-84.027
-109.605
-140.321
-133.664
-103.533
-84.707
-80.941
-54.588
-36.518
-48.904
-64.181
-89.636
-107.527
-136.705
-158.541
-121.308
-129.862
-166.772
-202.954
-197.391
-170.678
-136.536
-116.907
-100.181
-84.036
-71.207
-43.041
-47.008
-60.602
-66.520
-80.504
-105.701
-88.340
-20.868
-20.174
239.165
326.233
228.447
196.089
218.418
347.684
223.137
147.027
103.005
107.001
136.600
177.720
189.144
201.029
203.406
191.081
217.416
222.683
249.337
251.467
229.493
250.699
264.540
216.108
196.822
154.564
142.913
194.983
240.597
240.119
275.224
307.845
263.169
385.434
86.687
42.937
5.388
-2.122
-0.424
-0.085
-3.217
-3.843
-0.769
-3.354
-3.871
-0.774
-0.155
-3.231
-0.646
-3.329
-3.866
8.827
-1.435
-0.287
-0.057
-0.011
-3.202
-0.640
-0.128
-3.226
-0.645
-3.329
-3.866
-3.973
-0.795
-3.359
-0.672
-3.334
-0.667
-0.133
-0.027
-3.205
-0.641
-3.328
-3.866
-3.973
-0.795
-0.159
-0.032
-0.006
-3.201
-0.640
-3.328
-3.866
-0.773
-0.155
-0.031
-0.006
-3.201
-0.640
-3.328
-3.866
-0.773
-0.155
-3.231
-0.646
-3.329
-0.666
-0.133
-3.227
-3.845
-3.969
-0.794
-3.359
-3.872
-3.974
-3.995
-3.999
-4.000
-4.000
-4.000
-4.000
-0.800
-3.360
-3.872
-3.974
-0.795
-0.159
-0.032
-3.206
-3.841
-0.768
-0.154
-0.031
-3.206
-3.841
-0.768
-0.154
-3.231
-0.646
-0.129
-3.226
-3.845
-3.969
-3.994
-3.999
-4.000
-0.800
-0.160
-0.032
-3.206
-3.841
-0.768
-3.354
-0.671
-3.334
-3.867
-0.773
-3.355
-0.671
-0.134
-0.027
-0.005
-3.201
-3.840
-3.968
-3.994
-0.799
-0.160
-0.032
-3.206
-3.841
-0.768
-3.354
-3.871
-3.974
-3.995
-0.799
-0.160
-0.032
-0.006
-3.201
-0.640
-0.128
-3.226
-3.845
-0.769
-0.154
-3.231
-0.646
-3.329
-3.866
-0.773
-0.155
-3.231
-0.646
-0.129
-3.226
-3.845
-3.969
-3.994
-0.799
-3.360
-0.672
-3.334
-3.867
-3.973
-0.795
-0.159
-3.232
-3.846
-3.969
-0.794
-0.159
-0.032
-0.006
-0.001
-0.000
-3.200
-3.840
-0.768
-0.154
-0.031
-3.206
-0.641
-0.128
-0.026
-0.005
-3.201
-3.840
-3.968
-3.994
-0.799
-3.360
-0.672
-3.334
-0.667
-0.133
-0.027
-0.005
-3.201
-3.840
-0.768
-0.154
-0.031
-3.206
-0.641
-0.128
-0.026
-3.205
-0.641
-3.328
-3.866
-0.773
-3.355
-3.871
-0.774
-3.355
-3.871
-3.974
-0.795
-3.359
-3.872
-3.974
-3.995
-0.799
-3.360
-0.672
-3.334
-3.867
-3.973
-0.795
-3.359
-0.672
-3.334
-0.667
-0.133
-3.227
-0.645
-0.129
-0.026
-0.005
-0.001
-3.200
-3.840
-3.968
-3.994
-0.799
-0.160
-0.032
-0.006
-3.201
-0.640
-0.128
-0.026
-0.005
-3.201
-3.840
-3.968
-0.794
-0.159
-0.032
-0.006
-0.001
-0.000
-3.200
-0.640
-3.328
-0.666
-0.133
-3.227
-3.845
-3.969
-0.794
-3.359
-3.872
-3.974
-0.795
-0.159
-3.232
-3.846
-3.969
-0.794
-3.359
-0.672
-3.334
-3.867
-0.773
-3.355
-3.871
-3.974
-3.995
-3.999
-0.800
-3.360
-0.672
-3.334
-0.667
-0.133
-3.227
-3.845
-3.969
-3.994
-3.999
-0.800
-3.360
-0.672
-0.134
-3.227
-0.645
-0.129
-3.226
-3.845
-0.769
-3.354
-3.871
-0.774
-3.355
-3.871
-3.974
-3.995
-3.999
-4.000
-4.000
-0.800
-3.360
-3.872
-0.774
-0.155
-3.231
-3.846
-3.969
-3.994
-3.999
-4.000
-4.000
-0.800
-3.360
-3.872
-3.974
-3.995
-3.999
-4.000
-4.000
-4.000
-4.000
-0.800
-3.360
-0.672
-0.134
-3.227
-3.845
-3.969
-0.794
-0.159
-3.232
-3.846
-0.769
-3.354
-3.871
-3.974
-3.995
-3.999
-0.800
-0.160
-3.232
-3.846
-3.969
-3.994
-3.999
-4.000
-4.000
-4.000
-0.800
-3.360
-3.872
8.826
1.765
-2.847
-3.769
-3.954
-0.791
-3.358
-3.872
-3.974
-3.995
-0.799
-0.160
-3.232
-3.846
-3.969
-0.794
-0.159
-3.232
-0.646
-3.329
-3.866
-3.973
-3.995
-3.999
-4.000
-4.000
-0.800
-0.160
-3.232
-3.846
-0.769
-0.154
-3.231
-0.646
-0.129
-0.026
-0.005
-3.201
-0.640
-3.328
-3.866
-0.773
-3.355
-3.871
-0.774
-0.155
-0.031
-3.206
-0.641
-0.128
-0.026
-0.005
-0.001
-3.200
-3.840
-3.968
-3.994
-3.999
-4.000
-0.800
-3.360
-0.672
-3.334
-3.867
-3.973
-0.795
-3.359
-0.672
-0.134
-0.027
-3.205
-0.641
-0.128
-3.226
-0.645
-0.129
-3.226
-3.845
-3.969
-0.794
-0.159
-0.032
-0.006
-3.201
-3.840
-3.968
-3.994
-3.999
-4.000
-0.800
-3.360
-3.872
-0.774
-3.355
-0.671
-0.134
-3.227
-0.645
-3.329
-3.866
-0.773
-0.155
-3.231
-3.846
-0.769
-3.354
-3.871
-0.774
-3.355
-0.671
-0.134
-3.227
-0.645
-3.329
-3.866
-3.973
-3.995
-0.799
-3.360
-3.872
-3.974
-0.795
-3.359
-0.672
-3.334
-0.667
-0.133
-3.227
-0.645
-0.129
-12.826
32.635
-57.473
-216.295
-340.859
-327.372
-334.274
-284.455
-287.291
-351.858
-351.972
-316.794
-255.359
-115.072
-13.414
-5.883
-4.377
-0.875
-0.175
-3.235
-3.847
-3.969
-3.994
-77.599
96.480
172.896
146.579
166.916
122.983
126.997
111.799
108.760
162.552
160.511
118.502
122.900
101.380
71.476
52.695
48.939
57.788
62.758
34.952
45.390
-6.922
11.416
50.283
22.857
1.371
13.074
41.015
30.603
70.121
52.424
125.685
137.137
62.628
76.525
117.705
113.141
70.628
100.526
122.505
72.501
52.900
96.980
96.196
80.039
67.208
35.842
7.168
27.034
53.407
74.681
14.936
-0.213
-3.243
-3.848
-3.970
-3.994
-0.799
-3.360
-3.872
-3.974
-0.795
-0.159
-3.232
-0.646
-3.329
-0.666
-3.333
-3.867
-0.773
-3.355
-3.871
-0.774
-0.155
-3.231
-0.646
-3.329
-3.866
-3.973
-0.795
-0.159
-3.232
-3.846
-0.769
-0.154
-3.231
-0.646
-3.329
-0.666
-3.333
-3.867
-3.973
-0.795
-3.359
-3.872
-0.774
-0.155
-0.031
-0.006
-0.001
-3.200
-0.640
-3.328
-0.666
-0.133
-0.027
-3.205
-3.841
-0.768
-3.354
-0.671
-3.334
-0.667
-0.133
-0.027
-3.205
-3.841
-3.968
-0.794
-3.359
-3.872
-3.974
-3.995
-3.999
-4.000
-0.800
-0.160
-3.232
-0.646
-0.129
-3.226
-3.845
-3.969
-0.794
-0.159
-3.232
-3.846
-3.969
-3.994
-0.799
-3.360
-3.872
-0.774
-3.355
-3.871
-0.774
-3.355
-0.671
-0.134
-0.027
-3.205
-0.641
-3.328
-3.866
-0.773
-0.155
-0.031
-3.206
-3.841
-0.768
-0.154
-0.031
-3.206
-3.841
-0.768
-0.154
-3.231
-3.846
-0.769
-3.354
-0.671
-3.334
-0.667
-0.133
-3.227
-0.645
-3.329
-3.866
-0.773
-0.155
-0.031
-3.206
-3.841
-3.968
-0.794
-3.359
-3.872
-3.974
-0.795
-3.359
-0.672
-3.334
-3.867
-0.773
-3.355
-0.671
-0.134
-3.227
-0.645
-0.129
-3.226
-0.645
-0.129
-0.026
-3.205
-3.841
-0.768
-3.354
-3.871
-3.974
-0.795
-3.359
-0.672
-3.334
-3.867
-3.973
-3.995
-0.799
-0.160
-0.032
-3.206
-3.841
-3.968
-0.794
-0.159
-0.032
-3.206
-3.841
-3.968
-3.994
-0.799
-3.360
-3.872
-0.774
-0.155
-0.031
-3.206
-3.841
-0.768
-3.354
-0.671
-3.334
-3.867
-3.973
-0.795
-3.359
-3.872
-3.974
-0.795
-0.159
-3.232
-3.846
-3.969
-0.794
-3.359
-3.872
-3.974
-0.795
-3.359
-3.872
-0.774
-3.355
-0.671
-0.134
-0.027
-0.005
-0.001
-3.200
-0.640
-0.128
-3.226
-3.845
-0.769
-3.354
-3.871
-3.974
-0.795
-3.359
-0.672
-3.334
-3.867
-3.973
-0.795
-0.159
-3.232
-3.846
-0.769
-0.154
-0.031
-0.006
-3.201
-3.840
-0.768
-0.154
-3.231
-3.846
-0.769
-0.154
-0.031
-3.206
-0.641
-0.128
-3.226
-3.845
-3.969
-3.994
-0.799
-3.360
-0.672
-3.334
-0.667
-0.133
-3.227
-0.645
-3.329
-3.866
-3.973
-0.795
-3.359
-0.672
-0.134
-3.227
-0.645
-3.329
-0.666
-3.333
-0.667
-3.333
-3.867
-3.973
-0.795
-3.359
-3.872
-3.974
-0.795
-3.359
-0.672
-0.134
-3.227
-0.645
-0.129
-0.026
-0.005
-3.201
-3.840
-0.768
-3.354
-0.671
-0.134
-0.027
-3.205
-0.641
-0.128
-0.026
-0.005
-3.201
-3.840
-3.968
-3.994
-3.999
-4.000
-0.800
-3.360
-0.672
-3.334
-3.867
-3.973
-3.995
-3.999
-4.000
-0.800
-3.360
-0.672
-0.134
-0.027
-3.205
-0.641
-3.328
-3.866
-0.773
-3.355
-3.871
-0.774
-0.155
-0.031
-0.006
-3.201
-0.640
-0.128
-0.026
-0.005
-3.201
-0.640
-3.328
-3.866
-3.973
-0.795
-0.159
-0.032
-3.206
-0.641
-0.128
-0.026
-3.205
-0.641
-3.328
-3.866
-0.773
-3.355
-0.671
-3.334
-0.667
-3.333
-3.867
-3.973
-3.995
-3.999
-0.800
-3.360
-0.672
-3.334
-3.867
-0.773
-3.355
-3.871
-3.974
-0.795
-0.159
-0.032
-3.206
-3.841
-0.768
-3.354
-3.871
-0.774
-3.355
-3.871
-0.774
-3.355
-3.871
-0.774
-3.355
-3.871
-0.774
-0.155
-3.231
-0.646
-3.329
-3.866
-3.973
-3.995
-3.999
-4.000
-4.000
-4.000
-4.000
-0.800
-0.160
-3.232
-3.846
-0.769
-0.154
-0.031
-0.006
-0.001
-3.200
-3.840
-3.968
-0.794
-0.159
-3.232
-0.646
-3.329
-3.866
-0.773
-3.355
-0.671
-3.334
-0.667
-0.133
-3.227
-3.845
-3.969
-0.794
-0.159
-3.232
-0.646
-3.329
-0.666
-0.133
-3.227
-0.645
-0.129
-3.226
-3.845
-3.969
-0.794
-3.359
-3.872
-3.974
-3.995
-3.999
-0.800
-0.160
-3.232
-0.646
-0.129
-3.226
-0.645
-3.329
-3.866
-3.973
-0.795
-0.159
-0.032
-3.206
-3.841
-3.968
-0.794
-3.359
-3.872
-3.974
-0.795
-0.159
-0.032
-3.206
-0.641
-0.128
-0.026
-3.205
-0.641
-3.328
-0.666
-3.333
-0.667
-0.133
-0.027
-0.005
-0.001
-0.000
-3.200
-3.840
-3.968
-3.994
-0.799
-3.360
-0.672
-0.134
-0.027
-3.205
-3.841
-3.968
-0.794
-3.359
-0.672
-3.334
-0.667
-3.333
-3.867
-0.773
-3.355
-3.871
-0.774
-0.155
-0.031
-0.006
-3.201
-3.840
-0.768
-3.354
-0.671
-3.334
-3.867
-3.973
-3.995
-0.799
-0.160
-3.232
-0.646
-3.329
-3.866
-3.973
-0.795
-3.359
-3.872
-3.974
-3.995
-0.799
-0.160
-0.032
-3.206
-0.641
-0.128
-0.026
-3.205
-3.841
-3.968
-3.994
-0.799
-0.160
-0.032
-3.206
-3.841
-3.968
-3.994
-0.799
-0.160
-3.232
-3.846
-0.769
-3.354
-3.871
-3.974
-0.795
-0.159
-0.032
-0.006
-3.201
-0.640
-0.128
-0.026
-0.005
-3.201
-0.640
-3.328
-3.866
-3.973
-3.995
-3.999
-0.800
-0.160
-0.032
-0.006
-0.001
-3.200
-3.840
-3.968
-3.994
-3.999
-4.000
-4.000
-0.800
-3.360
-3.872
-0.774
-3.355
-3.871
-3.974
-0.795
-3.359
-3.872
-3.974
-3.995
-0.799
-0.160
-3.232
-0.646
-0.129
-0.026
-0.005
-0.001
-3.200
-0.640
-3.328
-0.666
-3.333
-0.667
-3.333
-0.667
-0.133
-3.227
-3.845
-3.969
-3.994
-3.999
-0.800
-0.160
-0.032
-0.006
-3.201
-0.640
-3.328
-0.666
-3.333
-0.667
-0.133
-3.227
-3.845
-3.969
-3.994
-3.999
-0.800
-0.160
-3.232
-0.646
-0.129
-0.026
-0.005
-3.201
-3.840
-0.768
-0.154
-0.031
-0.006
-0.001
-3.200
-0.640
-0.128
-0.026
-0.005
-0.001
-0.000
-3.200
-0.640
-0.128
-3.226
-3.845
-0.769
-0.154
-0.031
-0.006
-3.201
-0.640
-3.328
-3.866
-3.973
-0.795
-3.359
-0.672
-0.134
-0.027
-3.205
-3.841
-3.968
-3.994
-0.799
-0.160
-0.032
-3.206
-3.841
-3.968
-3.994
-3.999
-4.000
-4.000
-4.000
-0.800
-0.160
-0.032
-3.206
-3.841
-0.768
-3.354
-3.871
12.026
-0.795
-67.359
-157.472
-137.094
-104.219
-97.644
-125.129
-127.426
-131.085
-141.417
-156.283
-162.457
-173.291
-191.458
-191.892
-191.978
-169.596
-177.919
-205.184
-185.037
-168.207
-164.842
-160.968
-160.194
-35.239
-7.048
-1.410
-3.482
-0.696
-0.139
-0.028
-0.006
-0.001
-0.000
-3.200
-0.640
-0.128
-3.226
-0.645
-3.329
-0.666
-0.133
-0.027
-3.205
-3.841
-0.768
-3.354
-0.671
-3.334
-3.867
-0.773
-0.155
-0.031
-0.006
-0.001
-3.200
-0.640
-0.128
-0.026
-3.205
-0.641
-0.128
-3.226
-3.845
-3.969
-0.794
-0.159
-3.232
-0.646
-3.329
-0.666
-0.133
-3.227
-0.645
-0.129
-0.026
-3.205
-0.641
-3.328
-0.666
-3.333
-3.867
-0.773
-0.155
-0.031
-3.206
-0.641
-3.328
-3.866
-0.773
-3.355
-0.671
-3.334
-3.867
-3.973
-3.995
-3.999
-4.000
-4.000
-4.000
-4.000
-0.800
-3.360
-3.872
-3.974
-0.795
-3.359
-3.872
-0.774
-3.355
-0.671
-3.334
-3.867
-0.773
-3.355
-3.871
-3.974
-0.795
-0.159
-0.032
-3.206
-0.641
-3.328
-0.666
-0.133
-3.227
-0.645
-3.329
-0.666
-3.333
-3.867
-3.973
-3.995
-0.799
-3.360
-3.872
-3.974
-0.795
-0.159
-3.232
-0.646
-0.129
-0.026
-3.205
-3.841
-3.968
-3.994
-0.799
-3.360
-3.872
-0.774
-3.355
-0.671
-3.334
-0.667
-0.133
-3.227
-3.845
-3.969
-3.994
-0.799
-3.360
-3.872
-3.974
-0.795
-3.359
-3.872
-3.974
-0.795
-3.359
-0.672
-3.334
-3.867
-0.773
-3.355
-0.671
-3.334
-0.667
-3.333
-3.867
-3.973
-3.995
-3.999
-0.800
-0.160
-0.032
-0.006
-0.001
-3.200
-0.640
-0.128
-0.026
-0.005
-0.001
-3.200
-3.840
-0.768
-0.154
-3.231
-0.646
-3.329
-0.666
-3.333
-0.667
-0.133
-3.227
-3.845
-3.969
-3.994
-3.999
-0.800
-3.360
-0.672
-0.134
-0.027
-3.205
-3.841
-3.968
-0.794
-3.359
-0.672
-3.334
-3.867
-3.973
-3.995
-0.799
-3.360
-3.872
-3.974
-3.995
-3.999
-0.800
-0.160
-3.232
-0.646
-0.129
-3.226
-3.845
-3.969
-0.794
-3.359
-3.872
-3.974
-3.995
-0.799
-0.160
-0.032
-0.006
-3.201
-3.840
-0.768
-3.354
-0.671
-3.334
-3.867
-0.773
-3.355
-0.671
-3.334
-3.867
-0.773
-3.355
-3.871
-0.774
-0.155
-0.031
-0.006
-0.001
-0.000
-3.200
-0.640
-3.328
-3.866
-3.973
-3.995
-3.999
-0.800
-3.360
-0.672
-3.334
-0.667
-3.333
-3.867
-0.773
-0.155
-3.231
-3.846
-0.769
-3.354
-0.671
-3.334
-3.867
-3.973
-3.995
-0.799
-3.360
-3.872
-0.774
-0.155
-0.031
-3.206
-0.641
-0.128
-0.026
-3.205
-0.641
-0.128
-0.026
-0.005
-0.001
-3.200
-0.640
-3.328
-0.666
-3.333
-0.667
-3.333
-0.667
-0.133
-0.027
-3.205
-0.641
-3.328
-0.666
-3.333
-3.867
-0.773
-3.355
-3.871
-3.974
-3.995
-0.799
-3.360
-3.872
-3.974
-3.995
-0.799
-3.360
-3.872
-3.974
-3.995
-0.799
-3.360
-3.872
-3.974
-3.995
-3.999
-0.800
-3.360
-3.872
-0.774
-0.155
-0.031
-0.006
-0.001
-3.200
-0.640
-3.328
-3.866
-3.973
-3.995
-3.999
-0.800
-3.360
-0.672
-0.134
