-3.577
-5.242
-6.811
-8.283
-9.694
-11.034
-12.270
-13.450
-14.622
-15.697
-16.718
-17.707
-18.609
-19.516
-20.353
-21.179
-21.945
-22.623
-23.260
-23.904
-24.496
-25.090
-25.667
-26.183
-26.630
-27.080
-27.507
-27.907
-28.312
-28.690
-29.074
-29.427
-29.718
-30.038
-30.330
-30.676
-31.517
-18.273
-6.671
-2.088
0.285
-3.835
-5.481
-7.038
-7.711
-85.713
-141.646
-191.645
-223.357
-246.539
-250.493
-240.381
-230.224
-220.532
-206.749
-218.537
-221.185
-211.882
-203.375
-191.613
-162.732
-140.702
-120.848
-102.624
-78.305
-53.271
-37.927
-13.574
2.848
8.869
6.606
1.226
-72.641
-143.566
-138.219
-133.145
-128.313
-123.716
-119.324
-115.139
-111.176
-107.423
-103.902
-100.519
-97.275
-94.230
-91.337
-88.595
-85.947
-83.474
-81.151
-78.881
-76.774
-74.735
-72.817
-70.964
-69.247
-67.528
-66.121
-64.721
