2512.000
2508.000
2508.000
2512.000
2512.000
2508.000
2512.000
2512.000
2512.000
-4.000
0.000
-4.000
0.000
-4.000
-4.000
-4.000
-4.000
-4.000
-4.000
0.000
-4.000
-4.000
0.000
-4.000
0.000
-4.000
0.000
-4.000
0.000
-4.000
0.000
-4.000
-4.000
-4.000
0.000
0.000
-4.000
-4.000
0.000
-4.000
0.000
-4.000
-4.000
-4.000
0.000
0.000
-4.000
0.000
0.000
-4.000
-4.000
0.000
-4.000
-4.000
0.000
0.000
-4.000
-4.000
-4.000
0.000
0.000
-4.000
-4.000
-4.000
0.000
0.000
-4.000
-4.000
0.000
0.000
-4.000
-4.000
0.000
-4.000
0.000
-4.000
-4.000
-4.000
0.000
-4.000
-4.000
-4.000
-4.000
-4.000
-4.000
-4.000
-4.000
0.000
-4.000
0.000
0.000
0.000
0.000
-4.000
-4.000
0.000
-4.000
-4.000
0.000
0.000
0.000
0.000
0.000
-4.000
0.000
-4.000
16.000
0.000
-4.000
-4.000
-20.000
-32.000
-36.000
-20.000
-36.000
-32.000
-32.000
-64.000
-16.000
-20.000
-32.000
-52.000
-32.000
-52.000
-52.000
-52.000
-48.000
-64.000
-52.000
-64.000
-80.000
-84.000
-80.000
-96.000
-84.000
-32.000
-36.000
-52.000
-48.000
-84.000
-96.000
-100.000
-80.000
-68.000
-80.000
-112.000
-144.000
-148.000
-116.000
-96.000
-96.000
-96.000
-96.000
-48.000
-68.000
-132.000
-112.000
-100.000
-96.000
16.000
-4.000
0.000
-4.000
0.000
0.000
-4.000
0.000
-4.000
-4.000
-4.000
-4.000
-4.000
0.000
-4.000
-4.000
-4.000
-4.000
-4.000
0.000
0.000
0.000
0.000
0.000
0.000
0.000
0.000
0.000
0.000
0.000
0.000
32.000
108.000
76.000
92.000
140.000
160.000
144.000
144.000
204.000
236.000
192.000
208.000
224.000
240.000
252.000
144.000
0.000
-4.000
0.000
0.000
0.000
-4.000
-4.000
0.000
-4.000
0.000
-4.000
-4.000
0.000
-4.000
0.000
-4.000
0.000
-4.000
-4.000
0.000
-4.000
0.000
0.000
0.000
-4.000
0.000
0.000
0.000
0.000
0.000
-4.000
-4.000
-4.000
-4.000
0.000
0.000
0.000
0.000
-4.000
-4.000
0.000
-4.000
0.000
-4.000
0.000
-4.000
0.000
0.000
0.000
0.000
-4.000
0.000
0.000
-4.000
-4.000
0.000
-4.000
-4.000
-4.000
-4.000
-4.000
-4.000
0.000
-4.000
0.000
-4.000
0.000
-4.000
-4.000
-4.000
-4.000
-4.000
0.000
0.000
-4.000
0.000
-4.000
0.000
-4.000
-4.000
-4.000
0.000
0.000
0.000
-4.000
0.000
0.000
-4.000
0.000
-4.000
0.000
12.000
-4.000
-4.000
-4.000
-4.000
-4.000
-4.000
0.000
-4.000
-4.000
0.000
-4.000
-4.000
0.000
0.000
0.000
-4.000
-4.000
-4.000
-4.000
-4.000
-4.000
0.000
-4.000
-4.000
0.000
0.000
-4.000
0.000
0.000
-4.000
-4.000
0.000
-4.000
0.000
0.000
-4.000
-4.000
-4.000
0.000
-4.000
0.000
0.000
0.000
-4.000
-4.000
0.000
-4.000
-4.000
-4.000
0.000
-4.000
-4.000
-4.000
-4.000
0.000
0.000
-4.000
-4.000
0.000
-4.000
-4.000
0.000
-4.000
-4.000
-4.000
-4.000
0.000
0.000
0.000
-4.000
-4.000
0.000
-4.000
0.000
-4.000
0.000
-4.000
0.000
0.000
-4.000
0.000
-4.000
-4.000
0.000
0.000
-4.000
-4.000
0.000
-4.000
-4.000
-4.000
0.000
0.000
-4.000
-4.000
-4.000
-4.000
-4.000
-4.000
0.000
-4.000
0.000
0.000
-4.000
0.000
-4.000
-4.000
-4.000
0.000
0.000
-4.000
12.000
-4.000
-4.000
-4.000
-4.000
-4.000
-4.000
-4.000
-4.000
0.000
-4.000
-4.000
-4.000
-4.000
-4.000
-4.000
-4.000
-4.000
-4.000
-4.000
0.000
-4.000
0.000
-4.000
-4.000
-4.000
-4.000
-4.000
-4.000
-4.000
0.000
-4.000
-4.000
0.000
0.000
-4.000
0.000
-4.000
0.000
-4.000
0.000
-4.000
-4.000
-4.000
0.000
-4.000
-4.000
0.000
0.000
0.000
-4.000
0.000
-4.000
0.000
-4.000
-4.000
12.000
-4.000
0.000
-4.000
0.000
12.000
-4.000
0.000
-4.000
0.000
0.000
-4.000
-4.000
-4.000
-4.000
-4.000
0.000
-4.000
0.000
-4.000
0.000
-4.000
0.000
-4.000
0.000
-4.000
0.000
-4.000
0.000
0.000
0.000
-4.000
0.000
0.000
0.000
0.000
-4.000
-4.000
-4.000
-4.000
0.000
-4.000
0.000
-4.000
0.000
0.000
-4.000
-4.000
-4.000
0.000
-4.000
0.000
0.000
-4.000
-4.000
0.000
-4.000
-4.000
-4.000
-4.000
0.000
0.000
-4.000
0.000
0.000
0.000
-4.000
-4.000
-4.000
0.000
0.000
-4.000
0.000
-4.000
0.000
0.000
-4.000
0.000
0.000
0.000
-4.000
0.000
0.000
-4.000
-4.000
-4.000
-4.000
-4.000
-4.000
0.000
-4.000
-4.000
-4.000
12.000
0.000
0.000
-4.000
0.000
-4.000
-4.000
-4.000
-4.000
0.000
-4.000
0.000
-4.000
0.000
-4.000
-4.000
-4.000
0.000
-4.000
0.000
-4.000
0.000
0.000
-4.000
0.000
-4.000
0.000
0.000
-4.000
0.000
-4.000
0.000
-4.000
0.000
0.000
-4.000
0.000
0.000
0.000
-4.000
0.000
0.000
12.000
0.000
-4.000
0.000
-4.000
-4.000
-4.000
-4.000
-4.000
-4.000
-4.000
0.000
-4.000
0.000
0.000
-4.000
-4.000
-4.000
-4.000
-4.000
0.000
0.000
0.000
-4.000
0.000
0.000
-4.000
-4.000
0.000
0.000
0.000
-4.000
0.000
0.000
0.000
-4.000
0.000
0.000
-4.000
12.000
-4.000
-4.000
-4.000
-4.000
0.000
0.000
-4.000
0.000
0.000
0.000
-4.000
-4.000
0.000
-4.000
-4.000
0.000
0.000
-4.000
-4.000
-4.000
0.000
0.000
0.000
-4.000
-4.000
-4.000
0.000
-4.000
0.000
0.000
0.000
0.000
-4.000
0.000
0.000
-4.000
-4.000
-4.000
-4.000
-4.000
0.000
0.000
-4.000
-4.000
-4.000
-4.000
0.000
-4.000
0.000
0.000
0.000
0.000
-4.000
-4.000
0.000
-4.000
-4.000
0.000
0.000
-4.000
-4.000
0.000
0.000
-4.000
-4.000
-4.000
0.000
-4.000
-4.000
-4.000
-4.000
-4.000
-4.000
0.000
-4.000
0.000
-4.000
-4.000
0.000
0.000
0.000
0.000
-4.000
0.000
0.000
0.000
-4.000
-4.000
-4.000
-4.000
0.000
0.000
0.000
-4.000
0.000
0.000
0.000
0.000
-4.000
-4.000
0.000
-4.000
-4.000
0.000
0.000
-4.000
-4.000
-4.000
-4.000
-4.000
0.000
0.000
-4.000
0.000
-4.000
-4.000
0.000
0.000
0.000
0.000
-4.000
-4.000
-4.000
-4.000
-4.000
-4.000
-4.000
-4.000
0.000
-4.000
0.000
-4.000
-4.000
0.000
-4.000
-4.000
-4.000
0.000
0.000
-4.000
0.000
-4.000
-4.000
-4.000
-4.000
-4.000
0.000
0.000
-4.000
-4.000
-4.000
-4.000
-4.000
-4.000
0.000
-4.000
0.000
-4.000
-4.000
0.000
0.000
0.000
-4.000
-4.000
-4.000
-4.000
-4.000
0.000
0.000
-4.000
0.000
-4.000
0.000
-4.000
0.000
-4.000
-4.000
0.000
0.000
0.000
-4.000
0.000
0.000
0.000
-4.000
-4.000
-4.000
0.000
-4.000
0.000
-4.000
-4.000
0.000
-4.000
0.000
0.000
0.000
0.000
-4.000
0.000
0.000
0.000
-4.000
-4.000
0.000
-4.000
0.000
0.000
0.000
-4.000
-4.000
-4.000
-4.000
-4.000
-4.000
-4.000
-4.000
0.000
-4.000
-4.000
0.000
0.000
-4.000
-4.000
0.000
-4.000
0.000
-4.000
-4.000
-4.000
-4.000
0.000
-4.000
-4.000
-4.000
0.000
0.000
0.000
0.000
0.000
-4.000
-4.000
0.000
-4.000
0.000
0.000
0.000
0.000
0.000
-4.000
0.000
0.000
-4.000
-4.000
-4.000
0.000
-4.000
0.000
-4.000
-4.000
-4.000
-4.000
-4.000
-4.000
-4.000
-4.000
-4.000
0.000
-4.000
0.000
0.000
0.000
0.000
-4.000
-4.000
-4.000
-4.000
0.000
-4.000
0.000
0.000
-4.000
0.000
-4.000
0.000
0.000
0.000
-4.000
-4.000
0.000
-4.000
-4.000
-4.000
-4.000
-4.000
0.000
-4.000
0.000
-4.000
-4.000
-4.000
0.000
0.000
0.000
0.000
-4.000
-4.000
0.000
0.000
12.000
32.000
44.000
96.000
28.000
-16.000
-68.000
-112.000
-80.000
-84.000
-116.000
-148.000
-132.000
-96.000
-80.000
-80.000
-48.000
-32.000
-52.000
-68.000
-96.000
-112.000
-144.000
-164.000
-112.000
-132.000
-176.000
-212.000
-196.000
-164.000
-128.000
-112.000
-96.000
-80.000
-68.000
-36.000
-48.000
-64.000
-68.000
-84.000
-112.000
-84.000
-4.000
-20.000
304.000
348.000
204.000
188.000
224.000
380.000
192.000
128.000
92.000
108.000
144.000
188.000
192.000
204.000
204.000
188.000
224.000
224.000
256.000
252.000
224.000
256.000
268.000
204.000
192.000
144.000
140.000
208.000
252.000
240.000
284.000
316.000
252.000
416.000
12.000
32.000
-4.000
-4.000
0.000
0.000
-4.000
-4.000
0.000
-4.000
-4.000
0.000
0.000
-4.000
0.000
-4.000
-4.000
12.000
-4.000
0.000
0.000
0.000
-4.000
0.000
0.000
-4.000
0.000
-4.000
-4.000
-4.000
0.000
-4.000
0.000
-4.000
0.000
0.000
0.000
-4.000
0.000
-4.000
-4.000
-4.000
0.000
0.000
0.000
0.000
-4.000
0.000
-4.000
-4.000
0.000
0.000
0.000
0.000
-4.000
0.000
-4.000
-4.000
0.000
0.000
-4.000
0.000
-4.000
0.000
0.000
-4.000
-4.000
-4.000
0.000
-4.000
-4.000
-4.000
-4.000
-4.000
-4.000
-4.000
-4.000
-4.000
0.000
-4.000
-4.000
-4.000
0.000
0.000
0.000
-4.000
-4.000
0.000
0.000
0.000
-4.000
-4.000
0.000
0.000
-4.000
0.000
0.000
-4.000
-4.000
-4.000
-4.000
-4.000
-4.000
0.000
0.000
0.000
-4.000
-4.000
0.000
-4.000
0.000
-4.000
-4.000
0.000
-4.000
0.000
0.000
0.000
0.000
-4.000
-4.000
-4.000
-4.000
0.000
0.000
0.000
-4.000
-4.000
0.000
-4.000
-4.000
-4.000
-4.000
0.000
0.000
0.000
0.000
-4.000
0.000
0.000
-4.000
-4.000
0.000
0.000
-4.000
0.000
-4.000
-4.000
0.000
0.000
-4.000
0.000
0.000
-4.000
-4.000
-4.000
-4.000
0.000
-4.000
0.000
-4.000
-4.000
-4.000
0.000
0.000
-4.000
-4.000
-4.000
0.000
0.000
0.000
0.000
0.000
0.000
-4.000
-4.000
0.000
0.000
0.000
-4.000
0.000
0.000
0.000
0.000
-4.000
-4.000
-4.000
-4.000
0.000
-4.000
0.000
-4.000
0.000
0.000
0.000
0.000
-4.000
-4.000
0.000
0.000
0.000
-4.000
0.000
0.000
0.000
-4.000
0.000
-4.000
-4.000
0.000
-4.000
-4.000
0.000
-4.000
-4.000
-4.000
0.000
-4.000
-4.000
-4.000
-4.000
0.000
-4.000
0.000
-4.000
-4.000
-4.000
0.000
-4.000
0.000
-4.000
0.000
0.000
-4.000
0.000
0.000
0.000
0.000
0.000
-4.000
-4.000
-4.000
-4.000
0.000
0.000
0.000
0.000
-4.000
0.000
0.000
0.000
0.000
-4.000
-4.000
-4.000
0.000
0.000
0.000
0.000
0.000
0.000
-4.000
0.000
-4.000
0.000
0.000
-4.000
-4.000
-4.000
0.000
-4.000
-4.000
-4.000
0.000
0.000
-4.000
-4.000
-4.000
0.000
-4.000
0.000
-4.000
-4.000
0.000
-4.000
-4.000
-4.000
-4.000
-4.000
0.000
-4.000
0.000
-4.000
0.000
0.000
-4.000
-4.000
-4.000
-4.000
-4.000
0.000
-4.000
0.000
0.000
-4.000
0.000
0.000
-4.000
-4.000
0.000
-4.000
-4.000
0.000
-4.000
-4.000
-4.000
-4.000
-4.000
-4.000
-4.000
0.000
-4.000
-4.000
0.000
0.000
-4.000
-4.000
-4.000
-4.000
-4.000
-4.000
-4.000
0.000
-4.000
-4.000
-4.000
-4.000
-4.000
-4.000
-4.000
-4.000
-4.000
0.000
-4.000
0.000
0.000
-4.000
-4.000
-4.000
0.000
0.000
-4.000
-4.000
0.000
-4.000
-4.000
-4.000
-4.000
-4.000
0.000
0.000
-4.000
-4.000
-4.000
-4.000
-4.000
-4.000
-4.000
-4.000
0.000
-4.000
-4.000
12.000
0.000
-4.000
-4.000
-4.000
0.000
-4.000
-4.000
-4.000
-4.000
0.000
0.000
-4.000
-4.000
-4.000
0.000
0.000
-4.000
0.000
-4.000
-4.000
-4.000
-4.000
-4.000
-4.000
-4.000
0.000
0.000
-4.000
-4.000
0.000
0.000
-4.000
0.000
0.000
0.000
0.000
-4.000
0.000
-4.000
-4.000
0.000
-4.000
-4.000
0.000
0.000
0.000
-4.000
0.000
0.000
0.000
0.000
0.000
-4.000
-4.000
-4.000
-4.000
-4.000
-4.000
0.000
-4.000
0.000
-4.000
-4.000
-4.000
0.000
-4.000
0.000
0.000
0.000
-4.000
0.000
0.000
-4.000
0.000
0.000
-4.000
-4.000
-4.000
0.000
0.000
0.000
0.000
-4.000
-4.000
-4.000
-4.000
-4.000
-4.000
0.000
-4.000
-4.000
0.000
-4.000
0.000
0.000
-4.000
0.000
-4.000
-4.000
0.000
0.000
-4.000
-4.000
0.000
-4.000
-4.000
0.000
-4.000
0.000
0.000
-4.000
0.000
-4.000
-4.000
-4.000
-4.000
0.000
-4.000
-4.000
-4.000
0.000
-4.000
0.000
-4.000
0.000
0.000
-4.000
0.000
0.000
-16.000
44.000
-80.000
-256.000
-372.000
-324.000
-336.000
-272.000
-288.000
-368.000
-352.000
-308.000
-240.000
-80.000
12.000
-4.000
-4.000
0.000
0.000
-4.000
-4.000
-4.000
-4.000
-96.000
140.000
192.000
140.000
172.000
112.000
128.000
108.000
108.000
176.000
160.000
108.000
124.000
96.000
64.000
48.000
48.000
60.000
64.000
28.000
48.000
-20.000
16.000
60.000
16.000
-4.000
16.000
48.000
28.000
80.000
48.000
144.000
140.000
44.000
80.000
128.000
112.000
60.000
108.000
128.000
60.000
48.000
108.000
96.000
76.000
64.000
28.000
0.000
32.000
60.000
80.000
0.000
-4.000
-4.000
-4.000
-4.000
-4.000
0.000
-4.000
-4.000
-4.000
0.000
0.000
-4.000
0.000
-4.000
0.000
-4.000
-4.000
0.000
-4.000
-4.000
0.000
0.000
-4.000
0.000
-4.000
-4.000
-4.000
0.000
0.000
-4.000
-4.000
0.000
0.000
-4.000
0.000
-4.000
0.000
-4.000
-4.000
-4.000
0.000
-4.000
-4.000
0.000
0.000
0.000
0.000
0.000
-4.000
0.000
-4.000
0.000
0.000
0.000
-4.000
-4.000
0.000
-4.000
0.000
-4.000
0.000
0.000
0.000
-4.000
-4.000
-4.000
0.000
-4.000
-4.000
-4.000
-4.000
-4.000
-4.000
0.000
0.000
-4.000
0.000
0.000
-4.000
-4.000
-4.000
0.000
0.000
-4.000
-4.000
-4.000
-4.000
0.000
-4.000
-4.000
0.000
-4.000
-4.000
0.000
-4.000
0.000
0.000
0.000
-4.000
0.000
-4.000
-4.000
0.000
0.000
0.000
-4.000
-4.000
0.000
0.000
0.000
-4.000
-4.000
0.000
0.000
-4.000
-4.000
0.000
-4.000
0.000
-4.000
0.000
0.000
-4.000
0.000
-4.000
-4.000
0.000
0.000
0.000
-4.000
-4.000
-4.000
0.000
-4.000
-4.000
-4.000
0.000
-4.000
0.000
-4.000
-4.000
0.000
-4.000
0.000
0.000
-4.000
0.000
0.000
-4.000
0.000
0.000
0.000
-4.000
-4.000
0.000
-4.000
-4.000
-4.000
0.000
-4.000
0.000
-4.000
-4.000
-4.000
-4.000
0.000
0.000
0.000
-4.000
-4.000
-4.000
0.000
0.000
0.000
-4.000
-4.000
-4.000
-4.000
0.000
-4.000
-4.000
0.000
0.000
0.000
-4.000
-4.000
0.000
-4.000
0.000
-4.000
-4.000
-4.000
0.000
-4.000
-4.000
-4.000
0.000
0.000
-4.000
-4.000
-4.000
0.000
-4.000
-4.000
-4.000
0.000
-4.000
-4.000
0.000
-4.000
0.000
0.000
0.000
0.000
0.000
-4.000
0.000
0.000
-4.000
-4.000
0.000
-4.000
-4.000
-4.000
0.000
-4.000
0.000
-4.000
-4.000
-4.000
0.000
0.000
-4.000
-4.000
0.000
0.000
0.000
0.000
-4.000
-4.000
0.000
0.000
-4.000
-4.000
0.000
0.000
0.000
-4.000
0.000
0.000
-4.000
-4.000
-4.000
-4.000
0.000
-4.000
0.000
-4.000
0.000
0.000
-4.000
0.000
-4.000
-4.000
-4.000
0.000
-4.000
0.000
0.000
-4.000
0.000
-4.000
0.000
-4.000
0.000
-4.000
-4.000
-4.000
0.000
-4.000
-4.000
-4.000
0.000
-4.000
0.000
0.000
-4.000
0.000
0.000
0.000
0.000
-4.000
-4.000
0.000
-4.000
0.000
0.000
0.000
-4.000
0.000
0.000
0.000
0.000
-4.000
-4.000
-4.000
-4.000
-4.000
-4.000
0.000
-4.000
0.000
-4.000
-4.000
-4.000
-4.000
-4.000
-4.000
0.000
-4.000
0.000
0.000
0.000
-4.000
0.000
-4.000
-4.000
0.000
-4.000
-4.000
0.000
0.000
0.000
0.000
-4.000
0.000
0.000
0.000
0.000
-4.000
0.000
-4.000
-4.000
-4.000
0.000
0.000
0.000
-4.000
0.000
0.000
0.000
-4.000
0.000
-4.000
-4.000
0.000
-4.000
0.000
-4.000
0.000
-4.000
-4.000
-4.000
-4.000
-4.000
0.000
-4.000
0.000
-4.000
-4.000
0.000
-4.000
-4.000
-4.000
0.000
0.000
0.000
-4.000
-4.000
0.000
-4.000
-4.000
0.000
-4.000
-4.000
0.000
-4.000
-4.000
0.000
-4.000
-4.000
0.000
0.000
-4.000
0.000
-4.000
-4.000
-4.000
-4.000
-4.000
-4.000
-4.000
-4.000
-4.000
0.000
0.000
-4.000
-4.000
0.000
0.000
0.000
0.000
0.000
-4.000
-4.000
-4.000
0.000
0.000
-4.000
0.000
-4.000
-4.000
0.000
-4.000
0.000
-4.000
0.000
0.000
-4.000
-4.000
-4.000
0.000
0.000
-4.000
0.000
-4.000
0.000
0.000
-4.000
0.000
0.000
-4.000
-4.000
-4.000
0.000
-4.000
-4.000
-4.000
-4.000
-4.000
0.000
0.000
-4.000
0.000
0.000
-4.000
0.000
-4.000
-4.000
-4.000
0.000
0.000
0.000
-4.000
-4.000
-4.000
0.000
-4.000
-4.000
-4.000
0.000
0.000
0.000
-4.000
0.000
0.000
0.000
-4.000
0.000
-4.000
0.000
-4.000
0.000
0.000
0.000
0.000
0.000
0.000
-4.000
-4.000
-4.000
-4.000
0.000
-4.000
0.000
0.000
0.000
-4.000
-4.000
-4.000
0.000
-4.000
0.000
-4.000
0.000
-4.000
-4.000
0.000
-4.000
-4.000
0.000
0.000
0.000
0.000
-4.000
-4.000
0.000
-4.000
0.000
-4.000
-4.000
-4.000
-4.000
0.000
0.000
-4.000
0.000
-4.000
-4.000
-4.000
0.000
-4.000
-4.000
-4.000
-4.000
0.000
0.000
0.000
-4.000
0.000
0.000
0.000
-4.000
-4.000
-4.000
-4.000
0.000
0.000
0.000
-4.000
-4.000
-4.000
-4.000
0.000
0.000
-4.000
-4.000
0.000
-4.000
-4.000
-4.000
0.000
0.000
0.000
0.000
-4.000
0.000
0.000
0.000
0.000
-4.000
0.000
-4.000
-4.000
-4.000
-4.000
-4.000
0.000
0.000
0.000
0.000
0.000
-4.000
-4.000
-4.000
-4.000
-4.000
-4.000
-4.000
0.000
-4.000
-4.000
0.000
-4.000
-4.000
-4.000
0.000
-4.000
-4.000
-4.000
-4.000
0.000
0.000
-4.000
0.000
0.000
0.000
0.000
0.000
-4.000
0.000
-4.000
0.000
-4.000
0.000
-4.000
0.000
0.000
-4.000
-4.000
-4.000
-4.000
-4.000
0.000
0.000
0.000
0.000
-4.000
0.000
-4.000
0.000
-4.000
0.000
0.000
-4.000
-4.000
-4.000
-4.000
-4.000
0.000
0.000
-4.000
0.000
0.000
0.000
0.000
-4.000
-4.000
0.000
0.000
0.000
0.000
0.000
-4.000
0.000
0.000
0.000
0.000
0.000
0.000
-4.000
0.000
0.000
-4.000
-4.000
0.000
0.000
0.000
0.000
-4.000
0.000
-4.000
-4.000
-4.000
0.000
-4.000
0.000
0.000
0.000
-4.000
-4.000
-4.000
-4.000
0.000
0.000
0.000
-4.000
-4.000
-4.000
-4.000
-4.000
-4.000
-4.000
-4.000
0.000
0.000
0.000
-4.000
-4.000
0.000
-4.000
-4.000
16.000
-4.000
-84.000
-180.000
-132.000
-96.000
-96.000
-132.000
-128.000
-132.000
-144.000
-160.000
-164.000
-176.000
-196.000
-192.000
-192.000
-164.000
-180.000
-212.000
-180.000
-164.000
-164.000
-160.000
-160.000
-4.000
0.000
0.000
-4.000
0.000
0.000
0.000
0.000
0.000
0.000
-4.000
0.000
0.000
-4.000
0.000
-4.000
0.000
0.000
0.000
-4.000
-4.000
0.000
-4.000
0.000
-4.000
-4.000
0.000
0.000
0.000
0.000
0.000
-4.000
0.000
0.000
0.000
-4.000
0.000
0.000
-4.000
-4.000
-4.000
0.000
0.000
-4.000
0.000
-4.000
0.000
0.000
-4.000
0.000
0.000
0.000
-4.000
0.000
-4.000
0.000
-4.000
-4.000
0.000
0.000
0.000
-4.000
0.000
-4.000
-4.000
0.000
-4.000
0.000
-4.000
-4.000
-4.000
-4.000
-4.000
-4.000
-4.000
-4.000
-4.000
0.000
-4.000
-4.000
-4.000
0.000
-4.000
-4.000
0.000
-4.000
0.000
-4.000
-4.000
0.000
-4.000
-4.000
-4.000
0.000
0.000
0.000
-4.000
0.000
-4.000
0.000
0.000
-4.000
0.000
-4.000
0.000
-4.000
-4.000
-4.000
-4.000
0.000
-4.000
-4.000
-4.000
0.000
0.000
-4.000
0.000
0.000
0.000
-4.000
-4.000
-4.000
-4.000
0.000
-4.000
-4.000
0.000
-4.000
0.000
-4.000
0.000
0.000
-4.000
-4.000
-4.000
-4.000
0.000
-4.000
-4.000
-4.000
0.000
-4.000
-4.000
-4.000
0.000
-4.000
0.000
-4.000
-4.000
0.000
-4.000
0.000
-4.000
0.000
-4.000
-4.000
-4.000
-4.000
-4.000
0.000
0.000
0.000
0.000
0.000
-4.000
0.000
0.000
0.000
0.000
0.000
-4.000
-4.000
0.000
0.000
-4.000
0.000
-4.000
0.000
-4.000
0.000
0.000
-4.000
-4.000
-4.000
-4.000
-4.000
0.000
-4.000
0.000
0.000
0.000
-4.000
-4.000
-4.000
0.000
-4.000
0.000
-4.000
-4.000
-4.000
-4.000
0.000
-4.000
-4.000
-4.000
-4.000
-4.000
0.000
0.000
-4.000
0.000
0.000
-4.000
-4.000
-4.000
0.000
-4.000
-4.000
-4.000
-4.000
0.000
0.000
0.000
0.000
-4.000
-4.000
0.000
-4.000
0.000
-4.000
-4.000
0.000
-4.000
0.000
-4.000
-4.000
0.000
-4.000
-4.000
0.000
0.000
0.000
0.000
0.000
0.000
-4.000
0.000
-4.000
-4.000
-4.000
-4.000
-4.000
0.000
-4.000
0.000
-4.000
0.000
-4.000
-4.000
0.000
0.000
-4.000
-4.000
0.000
-4.000
0.000
-4.000
-4.000
-4.000
-4.000
0.000
-4.000
-4.000
0.000
0.000
0.000
-4.000
0.000
0.000
0.000
-4.000
0.000
0.000
0.000
0.000
0.000
-4.000
0.000
-4.000
0.000
-4.000
0.000
-4.000
0.000
0.000
0.000
-4.000
0.000
-4.000
0.000
-4.000
-4.000
0.000
-4.000
-4.000
-4.000
-4.000
0.000
-4.000
-4.000
-4.000
-4.000
0.000
-4.000
-4.000
-4.000
-4.000
0.000
-4.000
-4.000
-4.000
-4.000
-4.000
0.000
-4.000
-4.000
0.000
0.000
0.000
0.000
0.000
-4.000
0.000
-4.000
-4.000
-4.000
-4.000
-4.000
0.000
-4.000
0.000
0.000
