34.160
35.332
35.367
35.173
35.035
35.407
35.781
35.356
34.571
7.014
1.603
0.721
0.144
1.029
1.306
2.261
2.652
2.230
2.146
1.629
1.326
1.465
1.393
1.578
1.316
1.563
1.113
1.022
1.004
1.101
0.720
0.644
1.529
1.606
1.421
1.684
1.937
1.287
1.257
1.651
1.730
1.546
1.309
1.262
1.152
1.230
1.646
1.429
0.986
0.497
0.599
0.720
0.844
1.069
0.814
1.163
1.633
1.727
2.045
2.109
2.422
2.384
2.577
2.315
1.363
2.872
2.674
2.435
2.687
1.537
1.607
0.821
0.264
0.753
0.851
0.870
1.074
1.715
1.743
1.149
1.930
1.886
1.577
1.715
1.543
1.409
1.682
1.536
1.007
1.601
1.820
1.264
0.653
0.831
0.966
0.793
0.758
0.952
1.390
1.578
1.716
1.143
1.528
1.506
1.801
1.660
1.232
1.646
1.429
1.186
1.137
0.827
1.065
0.713
0.443
1.388
1.778
1.855
0.971
1.394
1.579
1.516
1.603
1.421
2.184
2.037
2.307
2.361
1.672
1.934
1.687
1.737
1.447
1.189
0.838
0.767
0.353
-1.129
-2.026
-2.505
-1.901
-1.880
-1.576
-1.015
-0.703
-0.641
-0.328
-0.066
-0.513
-0.403
-0.881
-0.476
-0.095
-0.119
-0.424
-0.885
-1.077
-1.416
-1.783
-1.157
-0.631
0.874
2.475
3.195
4.939
4.588
4.018
3.703
2.941
2.188
1.838
1.867
1.873
1.575
1.715
1.543
0.908
0.982
0.896
1.379
1.476
1.195
1.239
1.348
1.469
1.894
2.179
2.036
1.907
1.681
1.736
1.347
1.169
0.734
1.247
1.249
1.150
0.530
0.506
0.701
0.840
0.568
0.514
1.103
1.321
1.564
1.513
1.902
1.880
2.076
1.815
1.763
1.353
1.070
1.214
2.343
2.169
1.734
0.047
1.209
1.642
2.128
2.126
1.925
2.085
1.017
0.703
0.741
1.148
1.230
-0.354
1.429
1.186
1.437
1.587
1.617
1.423
-2.315
-2.163
-1.733
-2.047
-1.709
-2.742
-2.348
-1.970
-1.694
-1.139
-4.928
-5.286
-4.657
-2.432
-7.686
-7.937
-11.088
-19.818
-21.363
-21.673
-19.035
-21.907
-28.381
-19.676
-20.335
-17.367
-22.273
-23.955
-24.891
-18.078
-24.816
-23.163
-24.633
-26.327
-28.065
-28.913
-30.783
-26.457
-22.191
-32.038
-31.608
-8.022
-23.804
-24.861
-34.572
-25.314
-26.763
-23.353
-20.071
-24.414
-27.883
-25.177
-21.735
-25.147
-26.630
-33.926
-30.385
-26.077
-26.015
-21.003
-19.801
-29.660
-28.232
-23.147
-28.929
-31.186
-35.337
-28.468
-25.394
-28.579
-21.216
-24.843
-28.169
-28.234
-27.847
-25.069
-22.714
-25.543
-27.109
-31.022
-31.704
-29.541
-32.008
-30.302
-25.160
-28.132
-33.426
-29.285
-28.157
-31.631
-22.326
-28.165
-29.633
-28.627
-30.725
-22.145
-26.829
-22.966
-23.993
-27.199
-33.540
-28.708
-22.642
-28.028
-32.206
-25.041
-24.008
-31.302
-27.560
-28.312
-27.162
-18.033
-21.207
-31.641
-27.428
-33.486
-22.897
-21.579
-26.016
-23.003
-25.801
-26.960
-23.192
-25.438
-27.088
-31.318
-23.664
-25.933
-25.287
-31.457
-31.792
-29.858
-26.072
-28.414
-26.183
-30.137
-29.527
-27.006
-24.101
-30.320
-27.064
-22.413
-23.283
-20.557
-24.411
-24.382
-30.377
-29.675
-25.135
-17.827
-24.965
-23.293
-24.059
-24.812
-29.662
-26.432
-22.587
-27.517
-27.504
-21.601
-22.320
-25.364
-31.773
-33.255
-30.651
-24.930
-29.486
-30.297
-25.260
-29.852
-27.271
-23.454
-21.891
-21.878
-25.076
-26.615
-28.223
-28.945
-33.789
-24.258
-25.352
-22.070
-19.714
-30.943
-34.789
-29.758
-29.452
-25.190
-25.438
-24.888
-27.578
-29.416
-29.183
-25.837
-23.267
-28.653
-27.231
-32.646
-28.629
-35.726
-32.045
-31.409
-22.582
-27.816
-33.863
-31.573
-25.215
-24.143
-33.029
-32.706
-29.941
-21.988
-35.798
-28.560
-35.812
-34.162
-30.633
-30.727
-22.745
-32.749
-36.850
-27.370
-31.774
-32.655
-22.631
-25.426
-29.085
-25.417
-24.083
-29.617
-26.023
-21.005
-24.701
-23.540
-23.608
-28.022
-31.904
-30.281
-26.956
-29.591
-25.018
-29.304
-27.961
-26.492
-26.098
-27.320
-25.964
-31.493
-32.599
-29.820
-31.364
-25.473
-30.495
-28.499
-30.400
-26.980
-30.096
-24.719
-25.144
-15.629
1.174
-13.365
-4.773
-0.655
1.269
0.054
0.811
1.862
0.972
0.594
0.919
0.784
-0.143
-2.229
0.154
-1.569
0.486
1.097
2.819
0.664
3.233
0.446
2.689
-0.562
0.487
15.197
6.339
10.168
3.034
4.707
20.941
8.488
0.498
4.099
10.520
24.004
26.801
25.760
25.552
26.910
26.882
32.676
28.635
24.527
29.505
34.301
23.460
21.692
17.238
22.648
19.029
15.106
13.621
-0.476
-4.495
-3.399
-11.080
-3.916
-3.483
8.803
19.961
21.192
27.038
24.808
29.962
28.892
26.178
24.936
25.587
23.517
24.903
28.781
28.956
13.591
19.718
20.744
5.749
32.650
10.730
-2.754
-26.151
11.170
8.034
11.607
13.121
10.924
6.985
19.597
8.619
16.424
13.685
4.737
13.147
8.729
7.646
-0.971
-4.594
15.981
-3.204
15.859
12.072
13.014
9.103
0.021
10.104
7.221
11.744
21.049
13.710
12.242
15.148
6.830
14.166
24.033
12.307
18.461
8.592
13.418
12.684
11.237
9.147
21.229
12.146
2.629
19.926
31.985
12.597
14.019
20.204
14.841
15.068
13.614
5.923
-6.616
15.777
9.355
6.371
16.074
2.515
15.803
11.760
17.752
12.450
25.490
20.298
16.560
5.712
13.742
2.948
14.790
21.658
2.131
20.426
15.185
18.537
18.107
20.221
17.644
18.829
3.766
13.353
23.371
17.674
12.135
18.627
-1.775
12.145
12.429
20.086
14.717
15.543
15.409
6.682
16.436
22.487
8.497
22.899
11.980
22.796
14.159
15.232
-0.954
15.709
21.542
23.908
0.482
-3.004
15.599
11.120
15.224
2.645
17.729
8.546
0.209
23.342
12.368
13.474
2.995
20.299
18.860
15.872
25.574
6.115
20.223
18.144
18.529
7.206
23.241
24.248
23.450
17.390
14.278
8.255
2.251
23.550
18.210
22.542
16.608
6.322
15.764
21.953
5.990
25.198
23.940
20.188
6.337
14.167
5.833
8.567
10.013
20.203
14.041
22.108
13.721
8.544
12.209
8.842
12.268
25.754
22.951
28.990
13.098
4.820
15.664
2.333
-2.834
17.733
36.947
29.989
26.598
30.519
22.904
15.781
1.456
-4.909
-0.682
6.764
6.653
5.131
-5.174
-8.835
-9.967
-9.993
-14.199
-11.440
-12.988
-8.198
-9.040
-14.208
-15.442
-16.888
-17.378
-15.076
-12.515
-7.003
-10.401
-14.080
-1.816
-5.263
-6.153
1.369
-9.126
2.875
-4.725
10.755
-9.849
-7.770
-1.354
-9.971
-12.594
-13.419
-1.384
5.623
1.125
5.225
-16.255
-6.751
0.450
-8.510
-8.302
-3.161
-20.932
-18.887
-13.377
-11.375
-7.875
15.425
23.185
26.537
27.207
24.641
27.528
31.906
30.081
28.516
35.403
30.881
27.676
28.635
24.827
20.965
25.293
28.059
29.512
30.202
24.340
29.068
27.913
28.683
22.636
22.927
22.985
24.997
25.599
25.720
31.044
21.009
27.402
27.780
25.456
23.591
25.318
26.964
27.393
26.279
21.456
30.191
27.238
22.348
25.270
25.854
25.071
25.614
30.623
26.325
23.665
28.033
27.507
27.301
27.360
30.872
27.474
25.995
21.499
21.700
22.240
23.748
27.449
24.990
24.298
24.660
23.532
21.006
24.501
24.600
29.220
30.844
24.969
26.994
26.399
23.680
20.036
25.607
25.321
29.764
27.553
28.011
29.702
29.340
32.168
28.334
29.267
25.253
24.751
28.450
25.690
25.038
25.707
26.642
28.628
25.026
26.105
30.421
30.984
28.397
28.179
22.836
23.467
28.793
28.759
30.052
29.310
35.162
30.132
27.226
25.645
24.329
26.666
25.533
27.607
30.321
23.464
27.793
30.159
24.032
28.906
30.481
27.896
25.979
31.296
32.359
29.072
27.614
27.523
28.904
31.081
29.216
29.943
22.289
31.658
28.232
25.946
30.789
28.658
23.631
23.326
20.765
30.853
31.070
33.414
26.983
27.096
28.619
24.024
30.305
33.061
32.312
28.162
22.432
28.486
26.097
25.019
24.904
28.581
25.916
28.283
28.957
27.591
23.418
28.584
31.117
33.923
29.185
25.237
28.847
23.569
26.914
33.283
27.656
21.231
14.546
25.709
27.142
27.328
28.866
27.873
26.575
27.415
25.983
27.897
29.879
29.776
30.855
32.571
24.414
26.783
25.956
27.691
31.438
18.788
10.057
1.111
0.022
-0.796
-0.459
-0.092
-0.119
0.476
0.395
0.679
1.236
1.647
1.229
1.046
1.409
1.782
1.856
1.371
0.974
0.695
2.239
1.748
2.050
1.310
0.462
0.392
0.478
0.296
0.159
0.532
1.206
1.041
0.708
1.042
0.608
0.922
1.184
0.837
0.867
0.973
1.195
1.239
1.548
1.509
0.802
0.760
0.152
0.430
0.186
0.337
0.367
0.773
0.855
0.671
1.134
1.127
0.925
0.885
0.577
0.515
1.003
1.001
0.800
0.860
0.772
0.654
0.331
0.466
0.493
0.999
1.300
2.060
1.812
2.462
1.692
1.238
1.448
2.189
2.038
2.307
1.861
1.572
2.114
3.123
2.824
1.265
0.053
-0.490
-1.398
-1.280
-0.956
-0.691
-0.138
-0.028
0.094
0.519
0.804
0.561
1.112
1.622
1.724
1.545
0.909
0.682
1.036
0.907
0.081
0.316
0.863
0.573
0.614
0.823
0.865
1.373
1.675
1.635
1.427
1.685
1.637
1.627
2.425
2.385
2.377
2.675
1.535
1.407
1.181
0.736
0.847
1.069
1.014
0.703
1.141
1.328
1.466
1.793
1.759
1.852
1.770
2.054
1.711
1.542
1.508
1.302
1.660
1.432
1.186
0.637
0.927
0.585
0.617
0.323
0.265
0.853
1.370
1.374
1.475
2.295
2.159
2.532
2.706
2.041
2.008
1.701
2.240
1.948
2.090
1.718
1.444
1.789
2.058
2.011
2.602
2.720
2.544
2.609
2.122
2.024
2.105
1.621
1.824
2.165
1.833
1.867
2.173
1.235
1.147
1.129
1.326
1.565
2.013
1.403
1.180
0.936
0.587
0.717
1.143
0.629
0.426
0.385
0.377
0.675
0.835
1.067
1.113
0.923
1.084
1.117
1.123
0.925
0.685
0.537
0.907
0.481
0.496
0.599
0.720
1.444
2.289
2.658
2.431
2.386
1.677
1.535
2.007
2.601
1.920
1.984
3.197
1.639
1.228
0.745
0.949
0.890
0.978
0.896
1.079
1.316
2.063
1.712
1.842
1.968
1.894
1.879
1.576
1.315
1.363
1.172
1.235
1.647
1.229
0.646
0.629
0.826
0.365
0.573
1.014
1.403
1.580
1.416
1.583
1.417
1.283
1.457
1.491
1.298
1.460
1.592
1.818
2.164
2.133
1.827
1.365
1.273
1.255
1.051
0.910
0.882
1.376
1.875
2.375
2.675
2.835
2.967
2.493
1.799
2.360
1.972
2.394
2.179
2.236
2.347
1.869
1.574
1.315
1.763
1.453
1.190
1.338
1.867
1.973
2.295
2.259
2.252
2.150
1.930
1.886
1.877
2.275
1.655
2.031
1.706
1.641
1.628
1.526
1.405
1.481
0.996
1.299
0.960
1.992
1.798
2.060
1.812
1.862
1.972
1.694
1.839
1.668
2.434
2.487
2.397
2.479
1.396
0.879
1.176
0.935
0.587
0.917
1.083
1.217
1.843
2.669
2.434
2.287
2.457
2.791
1.858
1.671
1.734
1.447
1.589
1.518
1.304
1.261
1.352
1.470
1.894
1.579
0.916
0.383
1.177
1.835
1.967
1.793
1.859
1.672
2.334
1.767
1.353
1.871
1.774
1.755
1.451
1.090
1.418
0.883
0.477
0.195
1.439
1.288
1.557
1.711
1.742
1.648
1.430
1.786
1.657
1.531
1.906
1.581
1.316
1.363
1.673
1.534
1.707
1.041
1.208
1.342
1.268
1.654
1.031
1.306
1.561
2.412
2.182
1.736
2.247
2.649
3.430
3.986
3.897
3.579
2.716
1.743
1.849
1.570
0.914
1.183
0.836
1.267
2.153
0.831
1.166
1.033
2.107
1.521
1.204
1.441
1.888
1.977
2.096
1.219
1.044
1.309
1.262
1.252
0.850
0.670
0.734
0.947
0.389
0.478
0.396
0.879
1.376
1.275
1.355
1.371
1.374
1.375
1.475
1.495
1.099
1.520
1.904
2.581
2.316
1.463
1.693
1.039
3.208
3.141
2.628
1.526
0.605
0.521
0.004
0.201
0.340
0.068
0.213
0.243
0.749
0.650
1.230
1.046
1.109
2.322
1.764
1.453
1.691
0.638
0.828
0.565
1.113
1.623
1.725
1.845
1.769
2.154
1.831
1.866
1.773
1.655
1.331
1.666
1.633
1.626
0.925
0.785
1.057
1.011
2.102
1.620
1.824
2.165
1.533
1.407
1.481
1.396
1.579
1.216
1.543
1.908
1.482
1.396
1.279
1.356
1.571
1.114
1.223
1.045
0.909
0.982
0.696
0.939
1.288
2.457
2.192
2.038
2.608
1.721
1.844
1.769
1.654
1.731
1.546
1.609
1.322
1.464
0.993
1.098
1.620
0.824
0.965
0.493
1.099
1.420
1.584
1.117
1.223
0.845
1.569
1.414
1.283
1.756
1.651
1.530
1.506
1.701
1.540
1.208
0.942
0.788
0.757
1.051
1.010
0.902
1.180
1.136
1.227
1.445
1.789
1.658
1.631
1.426
1.885
1.977
2.295
1.959
2.492
1.198
0.640
0.628
0.725
0.845
1.169
1.134
1.027
1.505
1.501
1.700
1.440
1.288
1.557
1.611
1.722
1.544
1.609
1.522
1.404
1.581
0.916
0.983
0.897
1.479
1.796
1.959
1.992
0.798
1.660
1.532
1.606
1.321
1.964
1.693
1.538
2.008
1.901
1.380
1.176
1.135
1.327
1.065
0.813
0.863
1.372
1.774
1.555
1.611
1.622
1.824
1.465
1.393
1.479
1.296
1.459
1.292
0.858
1.072
1.714
1.543
2.308
1.962
1.992
1.298
0.960
0.892
0.378
0.376
0.775
1.455
1.591
2.718
2.744
2.349
2.270
2.454
1.991
1.198
1.240
1.648
2.430
2.386
2.077
1.815
1.563
1.113
1.422
0.884
0.477
0.595
1.219
1.244
1.849
2.570
2.514
2.503
2.400
1.580
1.416
1.483
1.697
1.339
1.268
1.254
0.651
0.630
0.826
0.965
1.593
1.319
1.964
2.493
1.698
1.540
1.408
1.581
1.616
1.823
1.765
1.353
2.071
2.214
1.943
1.588
1.318
0.863
0.573
0.515
0.503
0.901
0.780
1.056
1.511
1.502
1.600
1.820
1.664
1.533
1.407
1.181
1.136
1.127
1.125
2.225
2.245
2.349
2.470
0.794
0.159
0.532
0.606
1.021
1.104
1.321
1.364
2.373
2.175
2.035
2.007
1.801
1.860
1.572
1.414
1.783
1.857
1.771
1.254
1.351
1.170
1.234
0.847
1.169
1.334
1.767
1.753
1.851
1.770
1.354
1.471
1.494
1.699
1.540
1.508
1.802
2.060
1.712
1.542
0.808
1.162
0.832
0.666
0.733
1.647
1.829
2.166
2.833
1.866
1.773
1.355
1.471
1.194
1.639
1.828
1.766
1.553
1.511
1.402
1.280
0.756
0.551
0.710
0.742
1.148
1.030
1.206
1.341
1.668
1.334
1.967
1.693
1.539
1.708
1.742
1.448
1.790
1.858
1.671
2.134
2.027
1.405
1.081
0.916
0.783
0.857
1.271
1.154
1.831
1.566
1.713
1.343
1.669
2.834
2.367
1.973
2.095
2.619
1.924
1.485
1.597
1.319
0.864
0.673
0.634
1.327
1.165
0.833
1.466
1.793
1.659
1.432
1.386
1.477
1.795
1.659
1.732
2.246
1.749
1.850
1.870
1.874
1.675
1.335
1.167
1.133
0.927
1.285
1.057
1.611
1.722
1.644
1.829
1.666
1.533
1.407
1.781
1.656
1.431
1.086
1.417
1.683
1.637
2.627
1.725
1.645
1.729
1.146
1.329
1.366
1.773
1.555
2.111
2.222
2.044
1.809
2.262
2.152
2.030
2.106
2.221
2.944
3.289
2.158
1.132
1.326
1.065
1.013
1.203
1.241
1.548
1.710
2.542
2.608
2.522
2.004
1.801
1.860
1.772
1.854
1.671
1.434
1.187
1.337
1.967
1.893
2.279
1.456
1.091
1.118
1.124
1.525
1.805
2.661
2.532
2.706
2.541
2.508
2.902
1.480
1.496
1.599
1.720
1.544
1.609
1.122
0.724
0.845
1.869
1.774
1.855
1.271
1.654
1.631
1.326
1.465
1.693
2.139
2.128
1.826
1.665
1.933
1.787
1.757
1.951
1.890
1.478
0.996
1.099
0.720
0.544
1.409
1.682
2.536
1.607
1.221
1.344
1.469
0.894
1.479
1.596
1.919
1.884
2.277
2.155
2.431
2.686
1.237
0.747
0.849
1.070
0.814
0.663
1.833
2.366
2.073
2.315
2.263
1.752
1.550
1.510
1.602
1.820
2.064
2.013
1.902
1.680
1.436
1.187
0.737
0.847
1.269
