12.785
17.353
20.958
23.791
26.033
27.926
29.516
30.663
31.405
25.149
20.169
16.235
12.988
10.641
8.788
7.530
6.574
5.684
4.972
4.278
3.672
3.238
2.865
2.617
2.344
2.200
1.960
1.768
1.614
1.516
1.338
1.195
1.306
1.370
1.371
1.447
1.557
1.471
1.427
1.491
1.543
1.534
1.478
1.432
1.371
1.347
1.427
1.417
1.308
1.122
1.022
0.968
0.949
0.984
0.937
1.000
1.150
1.270
1.441
1.578
1.762
1.885
2.033
2.076
1.886
2.159
2.252
2.277
2.371
2.147
2.043
1.759
1.432
1.321
1.232
1.160
1.153
1.298
1.388
1.310
1.473
1.554
1.543
1.584
1.567
1.529
1.573
1.558
1.422
1.487
1.565
1.477
1.282
1.200
1.160
1.078
1.012
1.010
1.108
1.211
1.319
1.255
1.329
1.363
1.466
1.497
1.423
1.488
1.466
1.398
1.343
1.224
1.204
1.089
0.946
1.082
1.240
1.367
1.244
1.295
1.361
1.389
1.436
1.424
1.614
1.691
1.828
1.937
1.850
1.880
1.829
1.813
1.725
1.605
1.434
1.297
1.088
0.570
0.006
-0.520
-0.766
-0.988
-1.090
-1.047
-0.963
-0.895
-0.766
-0.613
-0.615
-0.567
-0.654
-0.598
-0.479
-0.408
-0.426
-0.541
-0.658
-0.826
-1.036
-1.029
-0.923
-0.488
0.184
0.822
1.733
2.286
2.604
2.808
2.797
2.637
2.460
2.343
2.249
2.099
2.029
1.924
1.689
1.551
1.416
1.433
1.446
1.382
1.355
1.359
1.387
1.510
1.658
1.726
1.756
1.730
1.734
1.637
1.535
1.353
1.357
1.336
1.294
1.110
0.988
0.940
0.927
0.842
0.773
0.869
0.970
1.101
1.181
1.345
1.451
1.586
1.618
1.645
1.566
1.453
1.412
1.655
1.749
1.724
1.304
1.343
1.425
1.590
1.697
1.732
1.811
1.599
1.404
1.273
1.269
1.265
0.862
1.064
1.077
1.161
1.254
1.328
1.337
0.420
-0.089
-0.396
-0.742
-0.919
-1.335
-1.518
-1.589
-1.596
-1.477
-2.357
-2.960
-3.268
-2.990
-4.192
-4.953
-6.338
-9.470
-11.926
-13.891
-14.788
-16.355
-19.084
-18.767
-19.114
-18.616
-19.593
-20.549
-21.464
-20.447
-21.657
-21.876
-22.501
-23.351
-24.380
-25.329
-26.514
-26.286
-25.254
-27.103
-27.982
-22.811
-23.799
-24.064
-26.651
-25.921
-26.162
-25.429
-24.194
-24.455
-25.314
-25.151
-24.296
-24.637
-25.109
-27.238
-27.690
-27.152
-26.922
-25.487
-24.290
-25.857
-26.261
-25.383
-26.382
-27.455
-29.239
-28.741
-27.918
-28.210
-26.443
-26.304
-26.843
-27.125
-27.250
-26.675
-25.765
-25.862
-26.190
-27.352
-28.256
-28.405
-29.249
-29.374
-28.274
-28.395
-29.666
-29.383
-29.081
-29.765
-27.812
-28.175
-28.540
-28.507
-29.055
-27.244
-27.395
-26.316
-25.903
-26.323
-28.083
-27.966
-26.598
-27.154
-28.373
-27.348
-26.629
-27.928
-27.667
-27.834
-27.642
-25.264
-24.611
-26.539
-26.506
-28.205
-26.614
-25.541
-25.858
-25.136
-25.409
-25.777
-25.072
-25.258
-25.706
-27.040
-25.982
-26.085
-25.893
-27.315
-28.227
-28.456
-27.790
-28.032
-27.551
-28.266
-28.487
-28.065
-27.127
-28.077
-27.711
-26.419
-25.835
-24.643
-24.790
-24.707
-26.140
-26.812
-26.250
-24.200
-24.710
-24.343
-24.324
-24.460
-25.743
-25.719
-24.900
-25.670
-26.036
-24.854
-24.383
-24.732
-26.460
-27.893
-28.315
-27.352
-28.006
-28.505
-27.604
-28.283
-27.952
-26.861
-25.789
-25.006
-25.180
-25.544
-26.160
-26.753
-28.403
-27.097
-26.803
-25.692
-24.379
-26.253
-28.152
-28.222
-28.453
-27.587
-27.170
-26.686
-26.999
-27.574
-27.884
-27.307
-26.371
-27.097
-27.052
-28.442
-28.279
-30.123
-30.323
-30.509
-28.482
-28.611
-29.963
-30.171
-28.862
-27.864
-29.341
-29.998
-29.849
-27.879
-30.153
-29.473
-31.103
-31.632
-31.256
-31.155
-29.074
-30.309
-31.822
-30.458
-30.941
-31.328
-29.087
-28.495
-28.796
-27.937
-27.099
-27.880
-27.329
-25.813
-25.775
-25.270
-24.941
-25.778
-27.197
-27.733
-27.411
-27.979
-27.158
-27.802
-27.766
-27.438
-27.150
-27.245
-26.921
-28.112
-29.065
-29.077
-29.611
-28.489
-29.141
-28.913
-29.305
-28.669
-29.110
-27.963
-27.421
-24.587
-18.594
-18.275
-15.145
-12.041
-9.283
-7.476
-5.781
-4.200
-3.210
-2.468
-1.774
-1.270
-1.091
-1.423
-0.988
-1.190
-0.752
-0.352
0.368
0.320
1.031
0.775
1.270
0.741
0.743
4.369
4.320
5.681
4.795
4.861
8.889
8.186
6.249
5.999
7.224
11.254
14.503
16.703
18.462
20.220
21.551
24.066
24.777
24.522
25.768
27.714
26.321
25.307
23.471
23.576
22.486
20.814
19.301
14.641
10.613
7.865
3.692
2.529
1.348
3.453
7.313
10.150
13.820
15.906
18.975
20.905
21.824
22.384
23.057
23.046
23.487
24.739
25.591
22.423
22.188
21.951
17.961
22.243
18.845
13.851
4.681
7.844
7.726
8.680
9.644
9.790
9.032
11.776
10.596
12.152
12.321
10.357
11.336
10.593
9.950
7.335
4.768
8.039
4.831
7.990
8.617
9.544
9.260
6.958
8.091
7.773
8.793
11.710
11.743
11.769
12.590
11.022
12.018
14.914
13.806
15.045
13.261
13.534
13.327
12.837
11.994
14.445
13.531
10.875
13.550
17.840
15.822
15.533
16.776
16.121
15.922
15.387
13.110
8.538
11.105
10.434
9.472
11.278
8.847
10.903
10.872
12.548
12.263
15.561
16.248
16.124
13.499
13.949
11.209
12.517
14.689
11.201
13.961
13.944
15.030
15.624
16.649
16.719
17.200
13.760
14.158
16.502
16.451
15.311
16.299
11.664
12.456
12.465
14.372
14.173
14.488
14.665
12.632
13.881
15.905
13.724
16.279
14.873
16.998
15.999
15.899
11.719
13.350
15.280
17.124
12.624
9.324
11.510
11.208
12.216
9.673
12.038
10.881
8.329
12.489
11.916
12.283
9.901
12.846
13.977
14.206
16.965
13.822
15.808
16.171
16.662
14.204
16.814
18.351
19.331
18.639
17.612
15.439
12.501
15.776
15.996
17.522
17.042
14.384
15.132
16.806
13.844
17.076
18.385
18.558
15.422
15.562
13.200
12.410
12.003
14.152
13.822
15.882
15.031
13.475
13.405
12.324
12.484
15.812
17.100
19.780
17.649
14.669
15.410
12.128
8.877
11.677
17.692
19.803
20.993
23.094
22.675
20.940
16.327
11.762
9.484
9.312
8.775
7.970
4.826
1.911
-0.521
-2.417
-4.984
-6.137
-7.585
-7.468
-7.824
-9.359
-10.638
-11.960
-13.068
-13.354
-13.059
-11.572
-11.508
-12.206
-9.515
-8.837
-8.344
-6.026
-7.170
-4.561
-4.974
-1.054
-3.844
-4.525
-3.570
-5.281
-6.875
-8.225
-6.255
-3.529
-2.823
-1.009
-5.132
-4.980
-3.534
-4.978
-5.632
-4.881
-8.980
-10.859
-11.087
-11.045
-10.236
-3.939
1.874
6.974
11.054
13.644
16.565
19.852
21.806
23.070
25.881
26.655
26.699
27.134
26.482
25.186
25.424
26.089
26.846
27.552
26.616
27.343
27.399
27.695
26.381
25.704
25.164
25.231
25.335
25.418
26.809
25.147
25.918
26.309
26.022
25.443
25.504
25.878
26.203
26.162
24.980
26.459
26.467
25.399
25.519
25.615
25.467
25.524
26.794
26.485
25.788
26.455
26.639
26.761
26.884
27.857
27.611
27.214
25.846
25.027
24.496
24.422
25.213
25.045
24.861
24.839
24.521
23.692
24.028
24.148
25.393
26.565
25.952
26.261
26.259
25.607
24.311
24.849
24.929
26.118
26.294
26.661
27.353
27.733
28.761
28.484
28.687
27.800
27.165
27.607
27.085
26.643
26.490
26.567
27.078
26.488
26.465
27.472
28.203
28.112
28.115
26.792
26.158
26.952
27.311
27.924
28.164
29.856
29.660
29.028
28.272
27.418
27.384
26.957
27.191
27.953
26.712
27.145
27.866
26.793
27.459
28.142
27.964
27.471
28.502
29.326
29.111
28.739
28.491
28.643
29.239
29.141
29.338
27.545
28.836
28.544
27.910
28.728
28.608
27.361
26.539
25.256
26.880
27.729
28.983
28.261
28.034
28.227
27.157
28.100
29.230
29.809
29.272
27.618
28.094
27.575
27.010
26.583
27.167
26.783
27.202
27.586
27.519
26.490
27.167
28.084
29.392
29.114
28.141
28.463
27.220
27.326
28.836
28.319
26.580
23.839
24.771
25.317
25.728
26.433
26.671
26.587
26.795
26.561
26.923
27.614
28.041
28.658
29.526
28.096
27.952
27.511
27.634
28.582
25.991
22.368
17.669
14.085
11.068
8.780
7.024
5.594
4.600
3.755
3.154
2.798
2.589
2.296
2.037
1.929
1.918
1.910
1.778
1.597
1.403
1.647
1.643
1.739
1.616
1.343
1.149
1.020
0.866
0.717
0.699
0.834
0.867
0.819
0.880
0.804
0.843
0.925
0.890
0.887
0.909
0.977
1.032
1.151
1.220
1.101
1.031
0.825
0.760
0.633
0.581
0.540
0.607
0.661
0.653
0.773
0.843
0.850
0.855
0.784
0.727
0.807
0.845
0.826
0.836
0.819
0.780
0.674
0.639
0.611
0.714
0.846
1.127
1.252
1.526
1.521
1.442
1.453
1.638
1.710
1.843
1.824
1.760
1.858
2.161
2.279
1.998
1.548
1.114
0.566
0.203
-0.013
-0.135
-0.108
-0.087
-0.044
0.090
0.247
0.297
0.488
0.740
0.942
1.054
0.993
0.919
0.960
0.943
0.730
0.659
0.727
0.682
0.670
0.711
0.744
0.895
1.066
1.178
1.217
1.324
1.384
1.432
1.671
1.812
1.924
2.089
1.922
1.812
1.675
1.465
1.347
1.302
1.242
1.119
1.145
1.191
1.253
1.377
1.452
1.536
1.579
1.688
1.676
1.640
1.612
1.540
1.582
1.541
1.457
1.266
1.213
1.070
0.981
0.835
0.718
0.774
0.919
1.011
1.108
1.387
1.534
1.752
1.952
1.937
1.949
1.884
1.982
1.961
1.994
1.920
1.811
1.824
1.884
1.907
2.076
2.211
2.268
2.340
2.272
2.217
2.199
2.059
2.022
2.068
2.004
1.978
2.033
1.826
1.686
1.574
1.534
1.552
1.667
1.583
1.492
1.368
1.195
1.106
1.135
1.008
0.881
0.780
0.699
0.709
0.742
0.819
0.880
0.879
0.928
0.968
0.999
0.974
0.904
0.823
0.859
0.762
0.710
0.693
0.704
0.888
1.211
1.518
1.690
1.827
1.761
1.709
1.792
1.984
1.937
1.950
2.260
2.058
1.871
1.622
1.498
1.373
1.298
1.214
1.196
1.232
1.435
1.473
1.554
1.643
1.689
1.726
1.681
1.595
1.551
1.466
1.423
1.488
1.415
1.232
1.111
1.064
0.901
0.846
0.902
1.021
1.142
1.189
1.276
1.296
1.287
1.329
1.363
1.341
1.373
1.423
1.513
1.661
1.754
1.753
1.652
1.572
1.507
1.406
1.300
1.215
1.272
1.417
1.634
1.857
2.061
2.249
2.274
2.144
2.215
2.147
2.218
2.199
2.209
2.242
2.144
2.015
1.862
1.865
1.767
1.638
1.586
1.669
1.735
1.863
1.940
2.002
2.027
1.996
1.972
1.953
2.037
1.930
1.969
1.900
1.845
1.801
1.741
1.668
1.634
1.482
1.461
1.344
1.525
1.570
1.681
1.695
1.731
1.785
1.753
1.777
1.747
1.922
2.038
2.105
2.184
1.972
1.728
1.632
1.481
1.285
1.228
1.207
1.216
1.373
1.673
1.813
1.901
2.021
2.191
2.078
1.987
1.940
1.827
1.787
1.729
1.633
1.557
1.520
1.516
1.613
1.590
1.422
1.188
1.225
1.380
1.504
1.553
1.618
1.619
1.795
1.761
1.659
1.727
1.732
1.735
1.663
1.531
1.524
1.370
1.171
0.961
1.119
1.145
1.241
1.343
1.424
1.464
1.447
1.532
1.551
1.541
1.632
1.606
1.535
1.503
1.552
1.542
1.583
1.442
1.403
1.398
1.368
1.445
1.331
1.339
1.397
1.642
1.739
1.716
1.848
2.028
2.348
2.703
2.937
3.050
2.940
2.652
2.497
2.297
1.988
1.840
1.622
1.573
1.733
1.486
1.439
1.351
1.556
1.520
1.441
1.453
1.562
1.650
1.745
1.596
1.477
1.456
1.415
1.382
1.256
1.129
1.054
1.043
0.884
0.807
0.721
0.777
0.921
0.987
1.065
1.127
1.176
1.216
1.273
1.318
1.255
1.329
1.463
1.720
1.826
1.711
1.719
1.550
1.990
2.217
2.274
2.069
1.730
1.484
1.162
0.980
0.859
0.687
0.600
0.530
0.599
0.604
0.758
0.807
0.870
1.221
1.302
1.316
1.403
1.198
1.133
1.006
1.055
1.194
1.305
1.419
1.485
1.638
1.661
1.703
1.713
1.695
1.606
1.635
1.633
1.631
1.455
1.314
1.276
1.221
1.452
1.461
1.544
1.685
1.623
1.574
1.559
1.522
1.543
1.459
1.492
1.594
1.550
1.515
1.462
1.445
1.481
1.384
1.358
1.286
1.204
1.163
1.055
1.044
1.110
1.438
1.576
1.661
1.878
1.803
1.817
1.804
1.768
1.764
1.711
1.694
1.605
1.584
1.442
1.379
1.453
1.287
1.230
1.059
1.097
1.178
1.267
1.214
1.221
1.127
1.251
1.276
1.271
1.392
1.438
1.451
1.460
1.518
1.515
1.437
1.324
1.209
1.118
1.119
1.095
1.051
1.091
1.098
1.128
1.203
1.337
1.395
1.441
1.427
1.542
1.634
1.782
1.800
1.965
1.747
1.498
1.323
1.209
1.142
1.163
1.156
1.125
1.225
1.280
1.374
1.374
1.349
1.404
1.448
1.509
1.507
1.531
1.524
1.495
1.521
1.366
1.293
1.210
1.293
1.409
1.527
1.622
1.397
1.493
1.494
1.520
1.466
1.598
1.603
1.583
1.691
1.728
1.632
1.531
1.450
1.435
1.348
1.228
1.158
1.226
1.356
1.385
1.433
1.471
1.552
1.516
1.488
1.491
1.442
1.454
1.413
1.280
1.249
1.374
1.400
1.620
1.671
1.737
1.614
1.466
1.348
1.128
0.978
0.957
1.091
1.198
1.558
1.796
1.887
1.960
2.068
2.029
1.823
1.709
1.717
1.899
1.994
1.995
1.946
1.857
1.685
1.648
1.469
1.250
1.125
1.175
1.190
1.352
1.632
1.805
1.944
2.030
1.899
1.794
1.735
1.738
1.641
1.563
1.500
1.300
1.165
1.107
1.086
1.218
1.225
1.405
1.649
1.619
1.595
1.551
1.566
1.578
1.637
1.660
1.578
1.712
1.820
1.831
1.765
1.662
1.479
1.283
1.127
1.001
1.001
0.951
0.986
1.113
1.191
1.278
1.397
1.443
1.454
1.438
1.376
1.325
1.285
1.253
1.503
1.652
1.797
1.937
1.625
1.300
1.165
1.057
1.070
1.081
1.140
1.187
1.475
1.605
1.684
1.747
1.748
1.773
1.718
1.650
1.695
1.731
1.735
1.613
1.565
1.477
1.432
1.295
1.286
1.304
1.418
1.485
1.563
1.600
1.530
1.524
1.519
1.565
1.552
1.542
1.608
1.712
1.694
1.655
1.449
1.409
1.278
1.147
1.068
1.229
1.358
1.537
1.829
1.788
1.781
1.675
1.640
1.537
1.579
1.638
1.661
1.629
1.603
1.557
1.496
1.322
1.157
1.076
1.011
1.058
1.047
1.087
1.145
1.266
1.263
1.435
1.473
1.478
1.533
1.576
1.536
1.604
1.658
1.651
1.771
1.817
1.703
1.563
1.425
1.290
1.207
1.241
1.218
1.374
1.399
1.469
1.425
1.490
1.817
1.904
1.898
1.943
2.105
2.034
1.902
1.847
1.727
1.532
1.350
1.205
1.264
1.236
1.139
1.236
1.364
1.416
1.408
1.401
1.421
1.512
1.534
1.578
1.737
1.715
1.747
1.772
1.793
1.759
1.657
1.551
1.466
1.348
1.353
1.282
1.376
1.451
1.486
1.563
1.576
1.561
1.523
1.594
1.600
1.555
1.444
1.455
1.514
1.536
1.804
1.743
1.719
1.726
1.580
1.539
1.506
1.580
1.564
1.701
1.811
1.849
1.829
1.938
1.976
1.980
2.009
2.057
2.271
2.492
2.368
2.070
1.931
1.745
1.596
1.527
1.471
1.502
1.552
1.791
1.958
2.066
2.028
1.972
1.953
1.912
1.905
1.849
1.754
1.628
1.578
1.687
1.725
1.855
1.734
1.587
1.495
1.421
1.461
1.544
1.810
1.948
2.109
2.187
2.249
2.400
2.145
2.016
1.937
1.900
1.820
1.781
1.625
1.425
1.315
1.477
1.531
1.600
1.505
1.554
1.568
1.505
1.504
1.553
1.692
1.779
1.773
1.743
1.795
1.786
1.779
1.823
1.833
1.742
1.568
1.480
1.309
1.147
1.243
1.344
1.625
1.575
1.485
1.463
1.470
1.326
1.386
1.434
1.547
1.613
1.765
1.837
1.970
2.126
1.876
1.625
1.475
1.405
1.274
1.144
1.340
1.572
1.658
1.801
1.891
1.838
1.770
1.716
1.698
1.733
1.812
1.849
1.854
1.808
1.722
1.602
1.407
1.301
1.315
