1883.000
2195.500
2351.750
2431.875
2471.937
2489.969
2500.984
2506.492
2509.246
1252.623
626.312
311.156
155.578
75.789
35.895
15.947
5.974
0.987
-1.507
-0.753
-2.377
-3.188
-1.594
-2.797
-1.399
-2.699
-1.350
-2.675
-1.337
-2.669
-1.334
-2.667
-3.334
-3.667
-1.833
-0.917
-2.458
-3.229
-1.615
-2.807
-1.404
-2.702
-3.351
-3.675
-1.838
-0.919
-2.459
-1.230
-0.615
-2.307
-3.154
-1.577
-2.788
-3.394
-1.697
-0.849
-2.424
-3.212
-3.606
-1.803
-0.902
-2.451
-3.225
-3.613
-1.806
-0.903
-2.452
-3.226
-1.613
-0.806
-2.403
-3.202
-1.601
-2.800
-1.400
-2.700
-3.350
-3.675
-1.837
-2.919
-3.459
-3.730
-3.865
-3.932
-3.966
-3.983
-3.992
-1.996
-2.998
-1.499
-0.749
-0.375
-0.187
-2.094
-3.047
-1.523
-2.762
-3.381
-1.690
-0.845
-0.423
-0.211
-0.106
-2.053
-1.026
-2.513
6.743
3.372
-0.314
-2.157
-11.079
-21.539
-28.770
-24.385
-30.192
-31.096
-31.548
-47.774
-31.887
-25.944
-28.972
-40.486
-36.243
-44.122
-48.061
-50.030
-49.015
-56.508
-54.254
-59.127
-69.563
-76.782
-78.391
-87.195
-85.598
-58.799
-47.399
-49.700
-48.850
-66.425
-81.212
-90.606
-85.303
-76.652
-78.326
-95.163
-119.581
-133.791
-124.895
-110.448
-103.224
-99.612
-97.806
-72.903
-70.451
-101.226
-106.613
-103.306
-99.653
-41.827
-22.913
-11.457
-7.728
-3.864
-1.932
-2.966
-1.483
-2.741
-3.371
-3.685
-3.843
-3.921
-1.961
-2.980
-3.490
-3.745
-3.872
-3.936
-1.968
-0.984
-0.492
-0.246
-0.123
-0.062
-0.031
-0.015
-0.008
-0.004
-0.002
-0.001
16.000
62.000
69.000
80.500
110.250
135.125
139.563
141.781
172.891
204.445
198.223
203.111
213.556
226.778
239.389
191.695
95.847
45.924
22.962
11.481
5.740
0.870
-1.565
-0.782
-2.391
-1.196
-2.598
-3.299
-1.649
-2.825
-1.412
-2.706
-1.353
-2.677
-3.338
-1.669
-2.835
-1.417
-0.709
-0.354
-2.177
-1.089
-0.544
-0.272
-0.136
-0.068
-2.034
-3.017
-3.508
-3.754
-1.877
-0.939
-0.469
-0.235
-2.117
-3.059
-1.529
-2.765
-1.382
-2.691
-1.346
-2.673
-1.336
-0.668
-0.334
-0.167
-2.083
-1.042
-0.521
-2.260
-3.130
-1.565
-2.783
-3.391
-3.696
-3.848
-3.924
-3.962
-1.981
-2.990
-1.495
-2.748
-1.374
-2.687
-3.343
-3.672
-3.836
-3.918
-1.959
-0.979
-2.490
-1.245
-2.622
-1.311
-2.656
-3.328
-3.664
-1.832
-0.916
-0.458
-2.229
-1.114
-0.557
-2.279
-1.139
-2.570
-1.285
5.358
0.679
-1.661
-2.830
-3.415
-3.708
-3.854
-1.927
-2.963
-3.482
-1.741
-2.870
-3.435
-1.718
-0.859
-0.429
-2.215
-3.107
-3.554
-3.777
-3.888
-3.944
-1.972
-2.986
-3.493
-1.746
-0.873
-2.437
-1.218
-0.609
-2.305
-3.152
-1.576
-2.788
-1.394
-0.697
-2.348
-3.174
-3.587
-1.794
-2.897
-1.448
-0.724
-0.362
-2.181
-3.090
-1.545
-2.773
-3.386
-3.693
-1.847
-2.923
-3.462
-3.731
-3.865
-1.933
-0.966
-2.483
-3.242
-1.621
-2.810
-3.405
-1.703
-2.851
-3.426
-3.713
-3.856
-1.928
-0.964
-0.482
-2.241
-3.120
-1.560
-2.780
-1.390
-2.695
-1.347
-2.674
-1.337
-0.668
-2.334
-1.167
-2.584
-3.292
-1.646
-0.823
-2.411
-3.206
-1.603
-2.801
-3.401
-3.700
-1.850
-0.925
-2.463
-3.231
-3.616
-3.808
-3.904
-3.952
-1.976
-2.988
-1.494
-0.747
-2.373
-1.187
-2.593
-3.297
-3.648
-1.824
-0.912
-2.456
4.772
0.386
-1.807
-2.903
-3.452
-3.726
-3.863
-3.931
-3.966
-1.983
-2.991
-3.496
-3.748
-3.874
-3.937
-3.968
-3.984
-3.992
-3.996
-3.998
-1.999
-2.999
-1.500
-2.750
-3.375
-3.687
-3.844
-3.922
-3.961
-3.980
-1.990
-2.995
-3.498
-1.749
-0.874
-2.437
-1.219
-2.609
-1.305
-2.652
-1.326
-2.663
-3.331
-3.666
-1.833
-2.916
-3.458
-1.729
-0.865
-0.432
-2.216
-1.108
-2.554
-1.277
-2.638
-3.319
4.340
0.170
0.085
-1.957
-0.979
5.511
0.755
0.378
-1.811
-0.906
-0.453
-2.226
-3.113
-3.557
-3.778
-3.889
-1.945
-2.972
-1.486
-2.743
-1.372
-2.686
-1.343
-2.671
-1.336
-2.668
-1.334
-2.667
-1.333
-0.667
-0.333
-2.167
-1.083
-0.542
-0.271
-0.135
-2.068
-3.034
-3.517
-3.758
-1.879
-2.940
-1.470
-2.735
-1.367
-0.684
-2.342
-3.171
-3.585
-1.793
-2.896
-1.448
-0.724
-2.362
-3.181
-1.590
-2.795
-3.398
-3.699
-3.849
-1.925
-0.962
-2.481
-1.241
-0.620
-0.310
-2.155
-3.077
-3.539
-1.769
-0.885
-2.442
-1.221
-2.611
-1.305
-0.653
-2.326
-1.163
-0.582
-0.291
-2.145
-1.073
-0.536
-2.268
-3.134
-3.567
-3.783
-3.892
-3.946
-1.973
-2.986
-3.493
-3.747
4.127
2.063
1.032
-1.484
-0.742
-2.371
-3.185
-3.593
-3.796
-1.898
-2.949
-1.475
-2.737
-1.369
-2.684
-3.342
-3.671
-1.836
-2.918
-1.459
-2.729
-1.365
-0.682
-2.341
-1.171
-2.585
-1.293
-0.646
-2.323
-1.162
-2.581
-1.290
-2.645
-1.323
-0.661
-2.331
-1.165
-0.583
-0.291
-2.146
-1.073
-0.536
5.732
2.866
-0.567
-0.284
-2.142
-3.071
-3.535
-3.768
-3.884
-3.942
-3.971
-1.985
-2.993
-1.496
-0.748
-2.374
-3.187
-3.593
-3.797
-3.898
-1.949
-0.975
-0.487
-2.244
-1.122
-0.561
-2.280
-3.140
-1.570
-0.785
-0.393
-2.196
-1.098
-0.549
-0.275
-2.137
-1.069
-0.534
-2.267
4.866
0.433
-1.783
-2.892
-3.446
-1.723
-0.861
-2.431
-1.215
-0.608
-0.304
-2.152
-3.076
-1.538
-2.769
-3.384
-1.692
-0.846
-2.423
-3.211
-3.606
-1.803
-0.901
-0.451
-2.225
-3.113
-3.556
-1.778
-2.889
-1.445
-0.722
-0.361
-0.181
-2.090
-1.045
-0.523
-2.261
-3.131
-3.565
-3.783
-3.891
-1.946
-0.973
-2.486
-3.243
-3.622
-3.811
-1.905
-2.953
-1.476
-0.738
-0.369
-0.185
-2.092
-3.046
-1.523
-2.761
-3.381
-1.690
-0.845
-2.423
-3.211
-1.606
-0.803
-2.401
-3.201
-3.600
-1.800
-2.900
-3.450
-3.725
-3.862
-3.931
-3.966
-1.983
-2.991
-1.496
-2.748
-3.374
-1.687
-0.843
-0.422
-0.211
-2.105
-1.053
-0.526
-0.263
-2.132
-3.066
-3.533
-3.766
-1.883
-0.942
-0.471
-2.235
-1.118
-0.559
-0.279
-0.140
-2.070
-3.035
-1.517
-2.759
-3.379
-1.690
-0.845
-2.422
-3.211
-3.606
-3.803
-3.901
-1.951
-0.975
-2.488
-1.244
-2.622
-3.311
-1.655
-0.828
-0.414
-0.207
-2.103
-3.052
-3.526
-3.763
-3.881
-3.941
-3.970
-3.985
-1.993
-2.996
-1.498
-2.749
-3.374
-1.687
-2.844
-3.422
-3.711
-1.855
-0.928
-2.464
-1.232
-2.616
-3.308
-3.654
-3.827
-3.913
-1.957
-0.978
-2.489
-3.245
-3.622
-3.811
-3.906
-3.953
-1.976
-2.988
-1.494
-2.747
-3.373
-1.687
-0.843
-0.422
-2.211
-3.105
-3.553
-3.776
-3.888
-1.944
-0.972
-2.486
-1.243
-2.621
-1.311
-2.655
-1.328
-2.664
-3.332
-1.666
-0.833
-0.416
-2.208
-1.104
-0.552
-0.276
-2.138
-3.069
-3.534
-1.767
-2.884
-1.442
-2.721
-3.360
-1.680
-2.840
-1.420
-0.710
-0.355
-0.178
-2.089
-1.044
-0.522
-0.261
-2.131
-3.065
-1.533
-2.766
-1.383
-0.692
-0.346
-2.173
-3.086
-3.543
-3.772
-3.886
-3.943
-3.971
-3.986
-1.993
-2.996
-3.498
-1.749
-0.875
-2.437
-3.219
-1.609
-2.805
-1.402
-2.701
-3.351
-3.675
-3.838
-1.919
-2.959
-3.480
-3.740
-1.870
-0.935
-0.467
-0.234
-0.117
-2.058
-3.029
-1.515
-2.757
-1.379
-0.689
-0.345
-0.172
-0.086
-2.043
-1.022
-0.511
-2.255
-3.128
-3.564
-1.782
-2.891
-1.445
-2.723
-3.361
-3.681
-3.840
-3.920
-3.960
-3.980
-3.990
-3.995
-1.997
-2.999
-1.499
-0.750
-0.375
-0.187
-2.094
-3.047
-3.523
-3.762
-1.881
-2.940
-1.470
-0.735
-2.368
-1.184
-2.592
-1.296
-0.648
-0.324
-2.162
-3.081
-1.540
-2.770
-3.385
-3.693
-3.846
-3.923
-1.962
-2.981
-1.490
-2.745
-3.373
-3.686
-1.843
-0.922
-0.461
-0.230
-2.115
-3.058
-1.529
-0.764
5.618
18.809
31.405
63.702
45.851
14.926
-26.537
-69.269
-74.634
-79.317
-97.659
-122.829
-127.415
-111.707
-95.854
-87.927
-67.963
-49.982
-50.991
-59.495
-77.748
-94.874
-119.437
-141.718
-126.859
-129.430
-152.715
-182.357
-189.179
-176.589
-152.295
-132.147
-114.074
-97.037
-82.518
-59.259
-53.630
-58.815
-63.407
-73.704
-92.852
-88.426
-46.213
-33.106
135.447
241.723
222.862
205.431
214.715
297.358
244.679
186.339
139.170
123.585
133.792
160.896
176.448
190.224
197.112
192.556
208.278
216.139
236.070
244.035
234.017
245.009
256.504
230.252
211.126
177.563
158.782
183.391
217.695
228.848
256.424
286.212
269.106
342.553
177.277
104.638
50.319
23.160
11.580
5.790
0.895
-1.552
-0.776
-2.388
-3.194
-1.597
-0.799
-2.399
-1.200
-2.600
-3.300
4.350
0.175
0.088
0.044
0.022
-1.989
-0.995
-0.497
-2.249
-1.124
-2.562
-3.281
-3.640
-1.820
-2.910
-1.455
-2.727
-1.364
-0.682
-0.341
-2.170
-1.085
-2.543
-3.271
-3.636
-1.818
-0.909
-0.454
-0.227
-2.114
-1.057
-2.528
-3.264
-1.632
-0.816
-0.408
-0.204
-2.102
-1.051
-2.525
-3.263
-1.631
-0.816
-2.408
-1.204
-2.602
-1.301
-0.650
-2.325
-3.163
-3.581
-1.791
-2.895
-3.448
-3.724
-3.862
-3.931
-3.965
-3.983
-3.991
-3.996
-1.998
-2.999
-3.499
-3.750
-1.875
-0.937
-0.469
-2.234
-3.117
-1.559
-0.779
-0.390
-2.195
-3.097
-1.549
-0.774
-2.387
-1.194
-0.597
-2.298
-3.149
-3.575
-3.787
-3.894
-3.947
-1.973
-0.987
-0.493
-2.247
-3.123
-1.562
-2.781
-1.390
-2.695
-3.348
-1.674
-2.837
-1.418
-0.709
-0.355
-0.177
-2.089
-3.044
-3.522
-3.761
-1.881
-0.940
-0.470
-2.235
-3.117
-1.559
-2.779
-3.390
-3.695
-3.847
-1.924
-0.962
-0.481
-0.240
-2.120
-1.060
-0.530
-2.265
-3.132
-1.566
-0.783
-2.392
-1.196
-2.598
-3.299
-1.649
-0.825
-2.412
-1.206
-0.603
-2.302
-3.151
-3.575
-3.788
-1.894
-2.947
-1.473
-2.737
-3.368
-3.684
-1.842
-0.921
-2.460
-3.230
-3.615
-1.808
-0.904
-0.452
-0.226
-0.113
-0.056
-2.028
-3.014
-1.507
-0.754
-0.377
-2.188
-1.094
-0.547
-0.274
-0.137
-2.068
-3.034
-3.517
-3.759
-1.879
-2.940
-1.470
-2.735
-1.367
-0.684
-0.342
-0.171
-2.085
-3.043
-1.521
-0.761
-0.380
-2.190
-1.095
-0.548
-0.274
-2.137
-1.068
-2.534
-3.267
-1.634
-2.817
-3.408
-1.704
-2.852
-3.426
-3.713
-1.856
-2.928
-3.464
-3.732
-3.866
-1.933
-2.966
-1.483
-2.742
-3.371
-3.685
-1.843
-2.921
-1.461
-2.730
-1.365
-0.683
-2.341
-1.171
-0.585
-0.293
-0.146
-0.073
-2.037
-3.018
-3.509
-3.755
-1.877
-0.939
-0.469
-0.235
-2.117
-1.059
-0.529
-0.265
-0.132
-2.066
-3.033
-3.516
-1.758
-0.879
-0.440
-0.220
-0.110
-0.055
-2.027
-1.014
-2.507
-1.253
-0.627
-2.313
-3.157
-3.578
-1.789
-2.895
-3.447
-3.724
-1.862
-0.931
-2.465
-3.233
-3.616
-1.808
-2.904
-1.452
-2.726
-3.363
-1.681
-2.841
-3.420
-3.710
-3.855
-3.927
-1.964
-2.982
-1.491
-2.745
-1.373
-0.686
-2.343
-3.172
-3.586
-3.793
-3.896
-1.948
-2.974
-1.487
-0.744
-2.372
-1.186
-0.593
-2.296
-3.148
-1.574
-2.787
-3.393
-1.697
-2.848
-3.424
-3.712
-3.856
-3.928
-3.964
-3.982
-1.991
-2.995
-3.498
-1.749
-0.874
-2.437
-3.219
-3.609
-3.805
-3.902
-3.951
-3.976
-1.988
-2.994
-3.497
-3.748
-3.874
-3.937
-3.969
-3.984
-3.992
-3.996
-1.998
-2.999
-1.499
-0.750
-2.375
-3.187
-3.594
-1.797
-0.898
-2.449
-3.225
-1.612
-2.806
-3.403
-3.701
-3.851
-3.925
-1.963
-0.981
-2.491
-3.245
-3.623
-3.811
-3.906
-3.953
-3.976
-3.988
-1.994
-2.997
-3.498
4.251
2.125
-0.937
-2.469
-3.234
-1.617
-2.809
-3.404
-3.702
-3.851
-1.926
-0.963
-2.481
-3.241
-3.620
-1.810
-0.905
-2.453
-1.226
-2.613
-3.307
-3.653
-3.827
-3.913
-3.957
-3.978
-1.989
-0.995
-2.497
-3.249
-1.624
-0.812
-2.406
-1.203
-0.602
-0.301
-0.150
-2.075
-1.038
-2.519
-3.259
-1.630
-2.815
-3.407
-1.704
-0.852
-0.426
-2.213
-1.106
-0.553
-0.277
-0.138
-0.069
-2.035
-3.017
-3.509
-3.754
-3.877
-3.939
-1.969
-2.985
-1.492
-2.746
-3.373
-3.686
-1.843
-2.922
-1.461
-0.730
-0.365
-2.183
-1.091
-0.546
-2.273
-1.136
-0.568
-2.284
-3.142
-3.571
-1.785
-0.893
-0.446
-0.223
-2.112
-3.056
-3.528
-3.764
-3.882
-3.941
-1.970
-2.985
-3.493
-1.746
-2.873
-1.437
-0.718
-2.359
-1.180
-2.590
-3.295
-1.647
-0.824
-2.412
-3.206
-1.603
-2.801
-3.401
-1.700
-2.850
-1.425
-0.713
-2.356
-1.178
-2.589
-3.294
-3.647
-3.824
-1.912
-2.956
-3.478
-3.739
-1.869
-2.935
-1.467
-2.734
-1.367
-0.683
-2.342
-1.171
-0.585
-8.293
17.854
-31.073
-143.537
-257.768
-290.884
-313.442
-292.721
-290.360
-329.180
-340.590
-324.295
-282.148
-181.074
-84.537
-44.268
-24.134
-12.067
-6.034
-5.017
-4.508
-4.254
-4.127
-50.063
44.968
118.484
129.242
150.621
131.311
129.655
118.828
113.414
144.707
152.354
130.177
127.088
111.544
87.772
67.886
57.943
58.972
61.486
44.743
46.372
13.186
14.593
37.296
26.648
11.324
13.662
30.831
29.416
54.708
51.354
97.677
118.839
81.419
80.710
104.355
108.177
84.089
96.044
112.022
86.011
67.006
87.503
91.751
83.876
73.938
50.969
25.485
28.742
44.371
62.186
31.093
13.546
4.773
0.387
-1.807
-2.903
-1.452
-2.726
-3.363
-3.681
-1.841
-0.920
-2.460
-1.230
-2.615
-1.308
-2.654
-3.327
-1.663
-2.832
-3.416
-1.708
-0.854
-2.427
-1.213
-2.607
-3.303
-3.652
-1.826
-0.913
-2.456
-3.228
-1.614
-0.807
-2.403
-1.202
-2.601
-1.300
-2.650
-3.325
-3.663
-1.831
-2.916
-3.458
-1.729
-0.864
-0.432
-0.216
-0.108
-2.054
-1.027
-2.513
-1.257
-0.628
-0.314
-2.157
-3.079
-1.539
-2.770
-1.385
-2.692
-1.346
-0.673
-0.337
-2.168
-3.084
-3.542
-1.771
-2.885
-3.443
-3.721
-3.861
-3.930
-3.965
-1.983
-0.991
-2.496
-1.248
-0.624
-2.312
-3.156
-3.578
-1.789
-0.894
-2.447
-3.224
-3.612
-3.806
-1.903
-2.951
-3.476
-1.738
-2.869
-3.434
-1.717
-2.859
-1.429
-0.715
-0.357
-2.179
-1.089
-2.545
-3.272
-1.636
-0.818
-0.409
-2.204
-3.102
-1.551
-0.776
-0.388
-2.194
-3.097
-1.548
-0.774
-2.387
-3.194
-1.597
-2.798
-1.399
-2.700
-1.350
-0.675
-2.337
-1.169
-2.584
-3.292
-1.646
-0.823
-0.412
-2.206
-3.103
-3.551
-1.776
-2.888
-3.444
-3.722
-1.861
-2.930
-1.465
-2.733
-3.366
-1.683
-2.842
-1.421
-0.710
-2.355
-1.178
-0.589
-2.294
-1.147
-0.574
-0.287
-2.143
-3.072
-1.536
-2.768
-3.384
-3.692
-1.846
-2.923
-1.461
-2.731
-3.365
-3.683
-3.841
-1.921
-0.960
-0.480
-2.240
-3.120
-3.560
-1.780
-0.890
-0.445
-2.222
-3.111
-3.556
-3.778
-1.889
-2.944
-3.472
-1.736
-0.868
-0.434
-2.217
-3.108
-1.554
-2.777
-1.389
-2.694
-3.347
-3.674
-1.837
-2.918
-3.459
-3.730
-1.865
-0.932
-2.466
-3.233
-3.617
-1.808
-2.904
-3.452
-3.726
-1.863
-2.931
-3.466
-1.733
-2.866
-1.433
-0.717
-0.358
-0.179
-0.090
-2.045
-1.022
-0.511
-2.256
-3.128
-1.564
-2.782
-3.391
-3.695
-1.848
-2.924
-1.462
-2.731
-3.365
-3.683
-1.841
-0.921
-2.460
-3.230
-1.615
-0.808
-0.404
-0.202
-2.101
-3.050
-1.525
-0.763
-2.381
-3.191
-1.595
-0.798
-0.399
-2.199
-1.100
-0.550
-2.275
-3.137
-3.569
-3.784
-1.892
-2.946
-1.473
-2.736
-1.368
-0.684
-2.342
-1.171
-2.585
-3.293
-3.646
-1.823
-2.912
-1.456
-0.728
-2.364
-1.182
-2.591
-1.295
-2.648
-1.324
-2.662
-3.331
-3.665
-1.833
-2.916
-3.458
-3.729
-1.865
-2.932
-1.466
-0.733
-2.367
-1.183
-0.592
-0.296
-0.148
-2.074
-3.037
-1.518
-2.759
-1.380
-0.690
-0.345
-2.172
-1.086
-0.543
-0.272
-0.136
-2.068
-3.034
-3.517
-3.758
-3.879
-3.940
-1.970
-2.985
-1.492
-2.746
-3.373
-3.687
-3.843
-3.922
-3.961
-1.980
-2.990
-1.495
-0.748
-0.374
-2.187
-1.093
-2.547
-3.273
-1.637
-2.818
-3.409
-1.705
-0.852
-0.426
-0.213
-2.107
-1.053
-0.527
-0.263
-0.132
-2.066
-1.033
-2.516
-3.258
-3.629
-1.815
-0.907
-0.454
-2.227
-1.113
-0.557
-0.278
-2.139
-1.070
-2.535
-3.267
-1.634
-2.817
-1.408
-2.704
-1.352
-2.676
-3.338
-3.669
-3.834
-3.917
-1.959
-2.979
-1.490
-2.745
-3.372
-1.686
-2.843
-3.422
-3.711
-1.855
-0.928
-0.464
-2.232
-3.116
-1.558
-2.779
-3.389
-1.695
-2.847
-3.424
-1.712
-2.856
-3.428
-1.714
-2.857
-3.428
-1.714
-0.857
-2.429
-1.214
-2.607
-3.304
-3.652
-3.826
-3.913
-3.956
-3.978
-3.989
-3.995
-1.997
-0.999
-2.499
-3.250
-1.625
-0.812
-0.406
-0.203
-0.102
-2.051
-3.025
-3.513
-1.756
-0.878
-2.439
-1.220
-2.610
-3.305
-1.652
-2.826
-1.413
-2.707
-1.353
-0.677
-2.338
-3.169
-3.585
-1.792
-0.896
-2.448
-1.224
-2.612
-1.306
-0.653
-2.326
-1.163
-0.582
-2.291
-3.145
-3.573
-1.786
-2.893
-3.447
-3.723
-3.862
-3.931
-1.965
-0.983
-2.491
-1.246
-0.623
-2.311
-1.156
-2.578
-3.289
-3.644
-1.822
-0.911
-0.456
-2.228
-3.114
-3.557
-1.778
-2.889
-3.445
-3.722
-1.861
-0.931
-0.465
-2.233
-1.116
-0.558
-0.279
-2.140
-1.070
-2.535
-1.267
-2.634
-1.317
-0.658
-0.329
-0.165
-0.082
-0.041
-2.021
-3.010
-3.505
-3.753
-1.876
-2.938
-1.469
-0.735
-0.367
-2.184
-3.092
-3.546
-1.773
-2.886
-1.443
-2.722
-1.361
-2.680
-3.340
-1.670
-2.835
-3.417
-1.709
-0.854
-0.427
-0.214
-2.107
-3.053
-1.527
-2.763
-1.382
-2.691
-3.345
-3.673
-3.836
-1.918
-0.959
-2.480
-1.240
-2.620
-3.310
-3.655
-1.827
-2.914
-3.457
-3.728
-3.864
-1.932
-0.966
-0.483
-2.241
-1.121
-0.560
-0.280
-2.140
-3.070
-3.535
-3.767
-1.884
-0.942
-0.471
-2.235
-3.118
-3.559
-3.779
-1.890
-0.945
-2.472
-3.236
-1.618
-2.809
-3.404
-3.702
-1.851
-0.926
-0.463
-0.231
-2.116
-1.058
-0.529
-0.264
-0.132
-2.066
-1.033
-2.516
-3.258
-3.629
-3.815
-3.907
-1.954
-0.977
-0.488
-0.244
-0.122
-2.061
-3.030
-3.515
-3.758
-3.879
-3.939
-3.970
-1.985
-2.992
-3.496
-1.748
-2.874
-3.437
-3.718
-1.859
-2.930
-3.465
-3.732
-3.866
-1.933
-0.967
-2.483
-1.242
-0.621
-0.310
-0.155
-0.078
-2.039
-1.019
-2.510
-1.255
-2.627
-1.314
-2.657
-1.328
-0.664
-2.332
-3.166
-3.583
-3.791
-3.896
-1.948
-0.974
-0.487
-0.243
-2.122
-1.061
-2.530
-1.265
-2.633
-1.316
-0.658
-2.329
-3.164
-3.582
-3.791
-3.896
-1.948
-0.974
-2.487
-1.243
-0.622
-0.311
-0.155
-2.078
-3.039
-1.519
-0.760
-0.380
-0.190
-0.095
-2.047
-1.024
-0.512
-0.256
-0.128
-0.064
-0.032
-2.016
-1.008
-0.504
-2.252
-3.126
-1.563
-0.781
-0.391
-0.195
-2.098
-1.049
-2.524
-3.262
-3.631
-1.816
-2.908
-1.454
-0.727
-0.363
-2.182
-3.091
-3.545
-3.773
-1.886
-0.943
-0.472
-2.236
-3.118
-3.559
-3.779
-3.890
-3.945
-3.972
-3.986
-1.993
-0.997
-0.498
-2.249
-3.125
-1.562
-2.781
-3.391
6.305
1.152
-41.424
-110.712
-121.356
-108.678
-102.339
-117.169
-122.585
-127.292
-135.646
-147.823
-155.912
-165.956
-180.978
-186.489
-189.244
-176.622
-178.311
-195.156
-187.578
-175.789
-169.894
-164.947
-162.474
-83.237
-41.618
-20.809
-12.405
-6.202
-3.101
-1.551
-0.775
-0.388
-0.194
-2.097
-1.048
-0.524
-2.262
-1.131
-2.565
-1.283
-0.641
-0.321
-2.160
-3.080
-1.540
-2.770
-1.385
-2.692
-3.346
-1.673
-0.837
-0.418
-0.209
-0.105
-2.052
-1.026
-0.513
-0.257
-2.128
-1.064
-0.532
-2.266
-3.133
-3.566
-1.783
-0.892
-2.446
-1.223
-2.611
-1.306
-0.653
-2.326
-1.163
-0.582
-0.291
-2.145
-1.073
-2.536
-1.268
-2.634
-3.317
-1.659
-0.829
-0.415
-2.207
-1.104
-2.552
-3.276
-1.638
-2.819
-1.409
-2.705
-3.352
-3.676
-3.838
-3.919
-3.959
-3.980
-3.990
-3.995
-1.997
-2.999
-3.499
-3.750
-1.875
-2.937
-3.469
-1.734
-2.867
-1.434
-2.717
-3.358
-1.679
-2.840
-3.420
-3.710
-1.855
-0.927
-0.464
-2.232
-1.116
-2.558
-1.279
-0.639
-2.320
-1.160
-2.580
-1.290
-2.645
-3.322
-3.661
-3.831
-1.915
-2.958
-3.479
-3.739
-1.870
-0.935
-2.467
-1.234
-0.617
-0.308
-2.154
-3.077
-3.539
-3.769
-1.885
-2.942
-3.471
-1.736
-2.868
-1.434
-2.717
-1.358
-0.679
-2.340
-3.170
-3.585
-3.792
-1.896
-2.948
-3.474
-3.737
-1.868
-2.934
-3.467
-3.734
-1.867
-2.933
-1.467
-2.733
-3.367
-1.683
-2.842
-1.421
-2.710
-1.355
-2.678
-3.339
-3.669
-3.835
-3.917
-1.959
-0.979
-0.490
-0.245
-0.122
-2.061
-1.031
-0.515
-0.258
-0.129
-0.064
-2.032
-3.016
-1.508
-0.754
-2.377
-1.188
-2.594
-1.297
-2.649
-1.324
-0.662
-2.331
-3.165
-3.583
-3.791
-3.896
-1.948
-2.974
-1.487
-0.743
-0.372
-2.186
-3.093
-3.546
-1.773
-2.887
-1.443
-2.722
-3.361
-3.680
-3.840
-1.920
-2.960
-3.480
-3.740
-3.870
-3.935
-1.967
-0.984
-2.492
-1.246
-0.623
-2.311
-3.156
-3.578
-1.789
-2.894
-3.447
-3.724
-3.862
-1.931
-0.965
-0.483
-0.241
-2.121
-3.060
-1.530
-2.765
-1.383
-2.691
-3.346
-1.673
-2.836
-1.418
-2.709
-3.355
-1.677
-2.839
-3.419
-1.710
-0.855
-0.427
-0.214
-0.107
-0.053
-2.027
-1.013
-2.507
-3.253
-3.627
-3.813
-3.907
-1.953
-2.977
-1.488
-2.744
-1.372
-2.686
-3.343
-1.671
-0.836
-2.418
-3.209
-1.604
-2.802
-1.401
-2.701
-3.350
-3.675
-3.838
-1.919
-2.959
-3.480
-1.740
-0.870
-0.435
-2.217
-1.109
-0.554
-0.277
-2.139
-1.069
-0.535
-0.267
-0.134
-0.067
-2.033
-1.017
-2.508
-1.254
-2.627
-1.314
-2.657
-1.328
-0.664
-0.332
-2.166
-1.083
-2.541
-1.271
-2.635
-3.318
-1.659
-2.829
-3.415
-3.707
-3.854
-1.927
-2.963
-3.482
-3.741
-3.870
-1.935
-2.968
-3.484
-3.742
-3.871
-1.935
-2.968
-3.484
-3.742
-3.871
-3.935
-1.968
-2.984
-3.492
-1.746
-0.873
-0.436
-0.218
-0.109
-2.055
-1.027
-2.514
-3.257
-3.628
-3.814
-3.907
-1.954
-2.977
-1.488
-0.744
