26.656
31.141
33.258
34.191
34.596
35.048
35.462
35.356
34.866
17.495
8.873
4.686
2.343
1.797
1.586
2.043
2.396
2.261
2.193
1.846
1.548
1.524
1.450
1.537
1.394
1.509
1.255
1.127
1.064
1.094
0.860
0.742
1.246
1.435
1.405
1.578
1.789
1.457
1.353
1.552
1.651
1.575
1.413
1.331
1.228
1.239
1.495
1.435
1.155
0.765
0.695
0.722
0.799
0.962
0.856
1.053
1.401
1.576
1.850
1.988
2.244
2.309
2.467
2.359
1.742
2.496
2.560
2.468
2.609
1.929
1.777
1.201
0.663
0.769
0.822
0.848
0.987
1.431
1.590
1.295
1.710
1.793
1.646
1.698
1.599
1.487
1.618
1.559
1.217
1.484
1.679
1.402
0.951
0.913
0.956
0.853
0.801
0.901
1.200
1.413
1.581
1.291
1.458
1.479
1.677
1.651
1.388
1.569
1.472
1.298
1.212
0.981
1.053
0.839
0.607
1.116
1.495
1.685
1.217
1.359
1.492
1.496
1.560
1.468
1.921
1.961
2.168
2.271
1.886
1.943
1.784
1.767
1.571
1.348
1.049
0.899
0.575
-0.463
-1.356
-1.991
-1.870
-1.873
-1.686
-1.281
-0.953
-0.789
-0.520
-0.260
-0.442
-0.409
-0.704
-0.540
-0.270
-0.198
-0.349
-0.674
-0.900
-1.200
-1.538
-1.269
-0.884
0.183
1.529
2.452
3.913
4.207
4.041
3.833
3.291
2.646
2.198
2.036
1.956
1.728
1.739
1.619
1.185
1.092
0.984
1.242
1.371
1.248
1.249
1.312
1.406
1.703
1.976
1.988
1.932
1.778
1.764
1.507
1.316
0.970
1.173
1.211
1.168
0.772
0.636
0.693
0.784
0.642
0.571
0.910
1.143
1.384
1.442
1.721
1.798
1.961
1.856
1.803
1.526
1.263
1.257
1.941
2.033
1.829
0.727
1.113
1.432
1.841
1.983
1.929
2.027
1.388
1.007
0.878
1.064
1.157
0.204
1.039
1.082
1.291
1.458
1.541
1.458
-0.896
-1.511
-1.568
-1.846
-1.736
-2.368
-2.309
-2.092
-1.859
-1.429
-3.652
-4.514
-4.507
-3.191
-6.096
-7.048
-9.461
-15.731
-18.740
-20.245
-19.310
-20.968
-25.484
-21.492
-20.996
-18.811
-21.155
-22.765
-23.945
-20.160
-23.330
-23.040
-24.020
-25.385
-26.943
-28.034
-29.642
-27.509
-24.317
-29.408
-30.454
-16.290
-22.020
-23.572
-30.286
-26.643
-26.884
-24.692
-21.971
-23.736
-26.243
-25.372
-23.123
-24.562
-25.781
-30.766
-30.133
-27.566
-26.783
-23.267
-21.383
-26.754
-27.315
-24.595
-27.485
-29.617
-32.996
-29.873
-27.249
-28.312
-23.844
-24.797
-26.898
-27.574
-27.662
-26.019
-24.072
-25.161
-26.331
-29.165
-30.520
-29.760
-31.193
-30.534
-27.204
-28.040
-31.395
-29.822
-28.849
-30.674
-25.337
-27.481
-28.741
-28.558
-29.904
-24.952
-26.476
-24.238
-24.244
-26.122
-30.624
-29.062
-25.093
-27.234
-30.242
-26.746
-25.248
-29.187
-27.906
-28.203
-27.539
-21.645
-21.822
-28.036
-27.206
-31.103
-25.676
-23.463
-25.294
-23.772
-25.136
-26.193
-24.222
-25.111
-26.305
-29.340
-25.545
-26.023
-25.574
-29.287
-30.581
-29.978
-27.552
-28.276
-26.950
-29.038
-29.206
-27.791
-25.583
-28.729
-27.490
-24.370
-23.935
-21.905
-23.640
-24.008
-27.941
-28.721
-26.360
-21.180
-23.965
-23.420
-23.835
-24.418
-27.646
-26.636
-24.130
-26.440
-26.970
-23.548
-23.024
-24.574
-28.975
-31.300
-30.650
-27.075
-28.850
-29.675
-26.838
-28.919
-27.772
-25.136
-23.318
-22.597
-24.236
-25.618
-27.122
-28.123
-31.562
-26.718
-26.172
-23.711
-21.418
-27.584
-31.667
-30.084
-29.729
-26.927
-26.214
-25.482
-26.866
-28.370
-28.748
-26.874
-24.749
-27.375
-27.125
-30.563
-29.094
-33.297
-32.211
-31.731
-26.053
-27.589
-31.482
-31.241
-27.433
-25.654
-30.452
-31.539
-30.394
-25.197
-32.224
-29.487
-33.556
-33.653
-31.702
-31.226
-25.988
-30.619
-34.247
-29.624
-31.249
-32.062
-26.094
-26.109
-28.055
-26.277
-25.014
-28.007
-26.566
-23.158
-24.392
-23.821
-23.723
-26.424
-29.650
-29.762
-27.944
-29.097
-26.486
-28.430
-28.028
-27.076
-26.538
-27.082
-26.353
-29.614
-31.245
-30.185
-30.967
-27.484
-29.617
-28.808
-29.842
-27.983
-29.429
-26.402
-25.826
-19.538
-7.082
-12.041
-7.333
-3.479
-0.864
-0.557
0.221
1.173
0.961
0.731
0.865
0.808
0.216
-1.267
-0.259
-1.129
-0.065
0.593
1.921
1.023
2.449
1.099
2.175
0.400
0.575
9.725
6.925
9.025
5.137
5.131
15.066
10.220
4.360
4.680
8.402
17.889
22.694
24.097
24.798
26.024
26.450
30.287
28.956
26.228
28.489
31.995
26.372
23.811
19.968
21.984
20.054
17.090
15.170
5.585
0.042
-1.541
-7.271
-4.698
-4.036
3.919
13.335
17.417
22.959
23.604
27.427
28.026
26.763
25.694
25.722
24.361
24.805
27.278
28.139
18.944
20.097
20.549
11.274
25.325
15.287
4.581
-13.709
3.395
5.323
8.911
11.206
10.790
8.395
15.573
10.724
14.549
13.775
8.137
11.694
9.659
8.517
2.696
-1.402
9.861
0.931
10.778
10.951
12.101
10.113
3.931
8.278
7.389
10.132
16.753
14.314
13.095
14.485
9.617
12.809
19.654
14.515
17.257
11.691
13.158
12.829
11.852
10.239
17.244
13.560
6.905
15.577
25.289
16.519
15.447
18.599
16.049
15.587
14.419
9.209
-0.270
10.552
9.151
7.388
12.944
6.034
12.580
11.665
15.457
13.291
21.021
20.010
17.818
10.409
13.079
6.665
12.207
17.791
7.521
16.260
15.068
17.221
17.611
19.180
18.090
18.608
9.304
12.527
19.201
17.725
14.238
17.244
5.184
10.405
11.452
16.726
15.051
15.400
15.388
9.944
14.409
19.205
12.102
19.301
14.276
19.888
15.944
15.722
5.361
12.618
17.809
21.154
7.890
2.007
11.129
10.564
13.407
6.454
13.977
10.113
4.119
16.622
13.123
13.437
6.906
15.765
17.133
16.129
22.064
11.657
17.704
17.664
18.145
11.260
19.255
21.877
22.564
19.219
16.360
11.555
6.152
17.514
17.194
20.410
17.767
10.759
14.442
18.971
10.485
20.243
21.934
20.592
11.733
13.929
8.840
9.045
9.710
16.230
14.365
19.245
15.435
11.342
12.234
10.117
11.621
20.373
21.311
25.906
17.515
10.133
14.254
6.627
1.251
12.063
26.906
27.578
26.664
29.082
25.041
19.520
8.698
1.099
0.737
4.681
5.653
5.201
-1.274
-5.512
-7.881
-8.941
-12.095
-11.423
-12.399
-9.699
-9.475
-12.487
-14.119
-15.684
-16.592
-15.546
-13.711
-9.668
-10.459
-12.730
-5.740
-5.932
-6.154
-1.452
-6.601
-0.363
-3.494
5.565
-4.717
-5.984
-2.867
-7.496
-10.373
-11.999
-5.187
1.094
0.547
3.398
-9.113
-6.744
-2.247
-6.499
-7.374
-4.625
-15.000
-16.688
-14.344
-12.609
-9.805
5.723
15.424
21.399
24.387
24.194
26.222
29.611
29.618
28.871
32.998
31.374
29.125
29.000
26.437
23.219
24.797
26.773
28.324
29.350
26.112
28.181
27.903
28.389
24.757
23.878
23.439
24.470
25.110
25.430
28.902
23.701
26.351
27.113
25.994
24.559
25.155
26.265
26.882
26.441
23.346
27.860
27.180
24.152
25.076
25.538
25.207
25.478
28.677
26.963
24.982
27.053
27.214
27.232
27.303
29.527
28.076
26.850
23.613
22.681
22.528
23.326
25.851
25.113
24.619
24.684
23.967
22.171
23.773
24.199
27.287
29.268
26.384
26.942
26.596
24.798
21.961
24.481
24.865
27.870
27.435
27.780
28.952
29.101
30.988
29.181
29.341
26.795
25.710
27.542
26.271
25.573
25.724
26.299
27.712
25.919
26.147
28.823
29.974
28.862
28.494
24.997
24.311
27.218
27.984
29.179
29.152
32.889
30.882
28.691
26.970
25.485
26.367
25.809
26.967
28.983
25.367
27.121
28.935
25.718
27.921
29.398
28.324
26.912
29.768
31.197
29.723
28.487
27.993
28.622
30.123
29.437
29.781
25.078
29.539
28.457
26.916
29.458
28.791
25.583
24.417
22.271
27.823
29.474
31.737
28.556
27.840
28.420
25.648
28.761
31.256
31.690
29.408
25.204
27.602
26.551
25.650
25.263
27.381
26.316
27.595
28.360
27.805
25.090
27.482
29.616
32.121
30.060
27.155
28.452
25.351
26.551
30.713
28.481
24.053
18.464
23.482
25.491
26.433
27.841
27.733
26.992
27.308
26.467
27.421
28.898
29.324
30.224
31.612
26.994
27.184
26.467
27.296
29.835
22.730
15.303
7.089
3.419
1.210
0.417
0.209
0.042
0.333
0.354
0.552
0.963
1.357
1.241
1.120
1.310
1.593
1.734
1.492
1.183
0.904
1.765
1.695
1.910
1.517
0.884
0.629
0.565
0.407
0.266
0.445
0.910
0.955
0.790
0.957
0.729
0.864
1.057
0.903
0.889
0.945
1.097
1.174
1.399
1.450
1.037
0.894
0.447
0.473
0.299
0.337
0.356
0.616
0.745
0.685
0.968
1.046
0.961
0.918
0.709
0.604
0.865
0.932
0.841
0.858
0.804
0.714
0.482
0.491
0.496
0.810
1.093
1.671
1.711
2.168
1.834
1.479
1.490
1.932
1.966
2.170
1.960
1.730
1.990
2.682
2.716
1.796
0.773
0.074
-0.776
-1.013
-0.944
-0.785
-0.392
-0.196
-0.036
0.295
0.585
0.542
0.896
1.323
1.537
1.518
1.134
0.879
1.002
0.939
0.407
0.391
0.695
0.598
0.611
0.743
0.809
1.154
1.452
1.539
1.457
1.603
1.614
1.619
2.122
2.249
2.312
2.531
1.890
1.633
1.379
1.002
0.938
1.032
1.016
0.820
1.035
1.205
1.352
1.614
1.682
1.778
1.764
1.945
1.785
1.642
1.571
1.411
1.580
1.478
1.301
0.901
0.950
0.725
0.675
0.462
0.356
0.678
1.089
1.232
1.366
1.933
2.029
2.327
2.538
2.207
2.103
1.864
2.119
1.997
2.061
1.843
1.609
1.742
1.933
1.967
2.358
2.554
2.527
2.576
2.288
2.144
2.134
1.817
1.846
2.048
1.899
1.887
2.068
1.534
1.330
1.227
1.301
1.463
1.794
1.522
1.323
1.099
0.800
0.775
1.012
0.756
0.566
0.470
0.423
0.586
0.731
0.928
1.026
0.951
1.038
1.081
1.103
0.989
0.807
0.653
0.827
0.601
0.550
0.588
0.669
1.147
1.823
2.287
2.331
2.353
1.926
1.713
1.919
2.334
2.042
2.021
2.761
2.005
1.565
1.095
1.047
0.961
0.981
0.928
1.026
1.201
1.725
1.675
1.775
1.887
1.881
1.878
1.689
1.469
1.422
1.274
1.262
1.506
1.315
0.908
0.766
0.821
0.535
0.580
0.852
1.176
1.401
1.388
1.506
1.441
1.345
1.423
1.461
1.356
1.428
1.526
1.701
1.975
2.050
1.900
1.575
1.413
1.331
1.166
1.020
0.948
1.224
1.612
2.056
2.403
2.639
2.819
2.597
2.111
2.305
2.090
2.295
2.210
2.230
2.302
2.026
1.763
1.507
1.691
1.533
1.329
1.352
1.676
1.838
2.106
2.178
2.214
2.170
2.022
1.949
1.912
2.143
1.822
1.973
1.799
1.712
1.668
1.584
1.480
1.490
1.182
1.279
1.077
1.663
1.707
1.916
1.833
1.854
1.927
1.776
1.825
1.725
2.175
2.337
2.356
2.428
1.776
1.263
1.257
1.066
0.783
0.891
1.008
1.129
1.564
2.220
2.297
2.274
2.387
2.631
2.128
1.876
1.813
1.594
1.609
1.555
1.402
1.326
1.351
1.425
1.713
1.606
1.178
0.714
1.044
1.522
1.761
1.755
1.815
1.720
2.110
1.867
1.559
1.779
1.765
1.757
1.566
1.283
1.391
1.071
0.723
0.424
1.087
1.168
1.397
1.573
1.662
1.643
1.509
1.692
1.658
1.579
1.790
1.645
1.447
1.411
1.581
1.540
1.645
1.260
1.255
1.315
1.283
1.516
1.196
1.285
1.455
2.040
2.083
1.854
2.114
2.432
3.029
3.577
3.726
3.613
3.056
2.278
2.077
1.788
1.269
1.260
1.005
1.190
1.782
1.141
1.196
1.098
1.736
1.556
1.340
1.420
1.710
1.855
1.990
1.495
1.247
1.311
1.281
1.265
1.008
0.816
0.783
0.891
0.571
0.535
0.455
0.728
1.114
1.182
1.278
1.327
1.351
1.363
1.431
1.466
1.233
1.429
1.714
2.232
2.241
1.746
1.748
1.311
2.531
2.828
2.664
1.957
1.166
0.833
0.354
0.302
0.338
0.169
0.210
0.230
0.552
0.589
0.982
0.991
1.058
1.841
1.733
1.554
1.652
1.014
0.944
0.722
0.986
1.368
1.559
1.717
1.733
1.992
1.871
1.873
1.811
1.718
1.484
1.617
1.621
1.623
1.186
0.968
1.046
1.023
1.699
1.599
1.737
1.994
1.684
1.530
1.515
1.445
1.535
1.330
1.477
1.739
1.557
1.466
1.358
1.366
1.496
1.248
1.249
1.124
1.000
1.000
0.812
0.906
1.141
1.945
2.035
2.017
2.384
1.942
1.908
1.829
1.727
1.738
1.619
1.622
1.436
1.468
1.171
1.148
1.449
1.037
1.018
0.697
0.973
1.237
1.431
1.215
1.233
0.991
1.371
1.373
1.311
1.593
1.609
1.554
1.527
1.639
1.569
1.347
1.111
0.930
0.840
0.982
0.991
0.933
1.092
1.108
1.179
1.340
1.607
1.616
1.620
1.498
1.749
1.874
2.125
2.000
2.312
1.594
1.047
0.836
0.793
0.834
1.042
1.083
1.042
1.333
1.417
1.583
1.479
1.365
1.495
1.560
1.655
1.577
1.601
1.550
1.463
1.544
1.147
1.073
0.974
1.300
1.587
1.794
1.897
1.198
1.537
1.518
1.572
1.411
1.768
1.696
1.598
1.862
1.868
1.559
1.342
1.233
1.304
1.152
0.951
0.913
1.206
1.541
1.520
1.573
1.599
1.737
1.556
1.465
1.483
1.366
1.433
1.342
1.046
1.085
1.480
1.490
1.995
1.935
1.967
1.546
1.211
1.043
0.646
0.511
0.693
1.159
1.392
2.196
2.473
2.361
2.306
2.403
2.139
1.569
1.410
1.580
2.102
2.239
2.119
1.935
1.717
1.359
1.429
1.090
0.732
0.679
1.027
1.138
1.569
2.160
2.330
2.415
2.395
1.885
1.630
1.565
1.657
1.454
1.352
1.301
0.900
0.763
0.819
0.909
1.330
1.290
1.707
2.166
1.833
1.666
1.521
1.573
1.599
1.737
1.743
1.497
1.873
2.062
1.968
1.734
1.492
1.121
0.810
0.655
0.578
0.789
0.769
0.947
1.286
1.393
1.509
1.692
1.658
1.579
1.477
1.301
1.213
1.169
1.147
1.823
2.037
2.206
2.353
1.364
0.682
0.653
0.639
0.882
1.003
1.189
1.282
1.954
2.039
2.020
2.010
1.880
1.877
1.689
1.532
1.703
1.789
1.770
1.447
1.411
1.268
1.259
1.004
1.127
1.251
1.563
1.656
1.766
1.758
1.504
1.502
1.501
1.625
1.563
1.531
1.703
1.914
1.769
1.635
1.130
1.190
0.970
0.797
0.774
1.324
1.600
1.925
2.462
2.044
1.897
1.573
1.537
1.331
1.540
1.708
1.729
1.614
1.557
1.466
1.358
0.991
0.746
0.748
0.749
0.999
1.000
1.125
1.250
1.500
1.375
1.750
1.687
1.594
1.672
1.711
1.543
1.709
1.792
1.708
1.979
1.990
1.620
1.310
1.092
0.921
0.898
1.137
1.131
1.565
1.533
1.641
1.446
1.598
2.361
2.306
2.090
2.108
2.429
2.089
1.732
1.678
1.464
1.107
0.866
0.745
1.123
1.124
0.937
1.281
1.578
1.601
1.488
1.432
1.466
1.670
1.648
1.699
2.037
1.831
1.853
1.864
1.869
1.747
1.499
1.312
1.218
1.047
1.211
1.105
1.428
1.589
1.607
1.741
1.683
1.591
1.483
1.679
1.652
1.513
1.257
1.378
1.564
1.594
2.235
1.867
1.746
1.748
1.374
1.374
1.375
1.625
1.562
1.906
2.078
2.039
1.894
2.135
2.130
2.065
2.095
2.172
2.649
3.012
2.443
1.659
1.517
1.258
1.129
1.190
1.220
1.422
1.586
2.168
2.397
2.448
2.162
1.956
1.915
1.833
1.854
1.739
1.557
1.341
1.358
1.742
1.808
2.092
1.671
1.335
1.230
1.177
1.401
1.638
2.256
2.378
2.564
2.532
2.516
2.758
1.941
1.721
1.673
1.711
1.606
1.615
1.308
0.966
0.921
1.523
1.636
1.756
1.440
1.595
1.610
1.430
1.465
1.607
1.929
2.027
1.888
1.757
1.878
1.814
1.782
1.891
1.883
1.629
1.252
1.188
0.907
0.703
1.164
1.457
2.103
1.739
1.432
1.403
1.452
1.101
1.363
1.494
1.747
1.811
2.093
2.109
2.304
2.527
1.701
1.163
1.019
1.072
0.911
0.768
1.446
1.973
1.986
2.181
2.215
1.920
1.710
1.605
1.615
1.745
1.935
1.967
1.921
1.773
1.574
1.349
0.987
0.931
1.153
