15.840
20.672
24.538
28.430
31.544
33.235
35.388
37.111
37.689
30.951
25.561
21.249
16.999
13.599
11.679
9.343
7.475
6.780
5.424
4.339
4.271
3.417
3.534
3.627
2.901
2.321
2.657
2.126
2.500
2.000
2.400
2.720
2.176
2.541
2.833
2.266
2.613
2.090
1.672
2.138
1.710
2.168
1.735
1.388
1.110
0.888
1.510
1.208
0.967
0.773
1.419
1.135
1.708
2.166
2.533
2.026
2.421
1.937
1.550
1.240
1.792
2.233
1.787
2.229
1.783
1.427
1.141
0.913
0.731
0.584
0.468
0.374
1.099
1.679
2.143
1.715
2.172
2.537
2.030
2.424
2.739
2.991
3.193
3.354
3.484
3.587
2.869
2.296
1.836
1.469
1.975
1.580
2.064
2.451
1.961
1.569
1.255
1.004
1.603
1.283
1.026
1.621
1.297
1.037
1.630
1.304
1.843
1.474
1.180
0.944
1.555
1.244
1.795
2.236
2.589
2.871
2.297
2.637
2.910
3.128
3.302
2.642
2.914
3.131
3.305
2.644
2.115
2.492
1.994
1.595
1.276
1.821
1.457
1.965
1.572
1.258
1.806
1.445
1.156
0.925
1.540
1.232
0.985
1.588
1.271
1.817
2.253
2.603
2.882
3.106
3.284
2.628
2.902
3.122
2.497
1.998
1.598
2.079
2.463
1.970
1.576
2.061
2.449
2.759
3.007
2.406
2.725
2.980
3.184
2.547
2.038
1.630
2.104
1.683
2.147
2.517
2.814
2.251
2.601
2.081
1.665
2.132
2.505
2.804
3.043
3.235
2.588
2.070
1.656
1.325
1.860
1.488
1.990
2.392
2.714
2.171
2.537
2.029
2.424
2.739
2.991
3.193
2.554
2.843
3.075
2.460
1.968
1.574
2.059
2.448
1.958
1.566
1.253
1.802
2.242
2.594
2.075
2.460
2.768
2.214
2.571
2.857
2.286
2.629
2.103
1.682
1.346
1.077
0.861
1.489
1.991
1.593
1.274
1.819
1.456
1.164
0.932
1.545
1.236
0.989
1.591
2.073
2.458
2.767
2.213
1.771
-1.783
-0.627
-0.501
-0.401
-2.721
-2.177
-4.141
-6.513
-5.211
-3.368
-9.095
-12.876
-19.901
-18.321
-26.656
-24.525
-22.020
-27.216
-27.373
-28.298
-25.039
-25.631
-26.105
-26.484
-27.587
-27.670
-28.536
-26.029
-24.023
-24.818
-23.055
-20.844
-13.475
-13.180
-20.144
-19.315
-21.052
-20.042
-19.233
-24.187
-21.749
-23.800
-25.440
-23.552
-25.241
-23.393
-21.915
-23.132
-24.105
-25.684
-30.147
-33.718
-33.374
-29.900
-30.320
-30.656
-24.525
-22.020
-23.216
-21.773
-20.618
-22.095
-20.876
-22.301
-23.440
-25.152
-29.722
-33.378
-29.102
-32.882
-29.505
-32.404
-32.323
-32.259
-29.007
-29.606
-26.085
-24.068
-22.454
-23.563
-25.251
-29.801
-23.840
-22.272
-20.218
-18.574
-26.860
-24.688
-25.350
-26.680
-30.944
-27.955
-24.764
-23.011
-24.809
-26.247
-29.798
-27.038
-28.031
-31.225
-28.180
-22.544
-23.635
-25.308
-26.646
-27.717
-22.174
-20.939
-23.151
-28.121
-34.497
-27.597
-28.478
-31.582
-34.866
-31.093
-28.074
-25.659
-22.928
-27.142
-24.914
-19.931
-22.345
-30.676
-33.341
-33.073
-28.858
-22.286
-17.829
-17.463
-20.371
-22.697
-21.357
-20.286
-25.029
-26.423
-26.738
-26.991
-27.193
-24.154
-21.723
-22.979
-20.783
-19.026
-14.421
-14.737
-14.990
-18.392
-13.913
-13.531
-13.225
-12.980
-16.784
-19.027
-17.622
-17.297
-13.038
-16.030
-18.424
-21.139
-23.312
-27.449
-28.359
-25.888
-29.510
-26.008
-27.206
-27.365
-24.292
-25.034
-26.427
-23.542
-25.233
-26.587
-27.669
-27.736
-25.388
-29.111
-26.489
-24.391
-25.113
-22.490
-20.392
-21.914
-29.531
-29.225
-28.980
-29.584
-29.267
-29.814
-35.851
-31.081
-28.065
-25.652
-26.121
-27.297
-27.438
-25.150
-23.320
-25.056
-26.445
-20.356
-22.685
-20.548
-26.038
-24.031
-22.425
-24.340
-25.872
-30.297
-30.638
-26.910
-27.928
-27.943
-27.954
-31.163
-27.331
-24.265
-25.812
-23.049
-20.840
-19.072
-18.457
-20.366
-22.693
-23.754
-28.603
-25.283
-25.826
-27.061
-28.049
-24.839
-22.271
-20.217
-21.774
-23.819
-24.655
-22.924
-20.739
-22.191
-26.553
-23.643
-22.114
-24.091
-28.073
-28.058
-25.647
-29.317
-29.054
-32.043
-31.235
-28.188
-22.550
-26.840
-20.672
-16.538
-12.430
-9.944
-7.155
-4.924
-3.939
-2.352
-1.081
-0.065
-0.052
0.758
1.407
1.125
1.700
1.360
1.088
0.871
1.496
1.997
1.598
2.078
2.463
5.970
11.976
13.581
14.865
9.492
8.393
7.515
12.412
23.529
19.623
22.899
21.519
23.615
25.292
29.834
27.867
22.294
18.635
18.108
18.486
21.989
23.991
22.393
21.114
20.092
16.873
13.499
11.599
6.879
6.303
5.043
4.834
4.667
7.734
10.187
14.550
11.640
13.312
13.849
15.080
18.464
21.171
24.137
23.309
21.847
27.878
32.702
32.562
30.049
31.240
31.392
22.713
28.571
32.456
35.565
34.852
35.082
25.665
27.732
22.986
21.589
17.271
20.217
19.373
18.699
21.359
17.087
20.070
32.856
33.485
26.788
31.030
31.224
24.979
26.383
24.307
19.445
9.156
14.525
5.220
4.176
7.341
5.873
11.098
16.078
23.263
19.410
9.128
8.102
6.482
11.586
16.468
10.775
12.620
20.496
17.197
13.757
20.606
17.285
17.828
20.662
17.330
14.664
15.731
16.585
14.068
12.054
13.643
11.715
12.572
20.457
13.966
23.973
29.578
34.062
31.250
32.200
32.960
29.568
24.454
22.764
22.211
20.969
29.575
20.460
10.768
5.414
5.131
8.105
9.684
11.747
18.998
22.398
25.119
16.895
17.516
7.613
10.090
18.472
27.578
28.462
26.770
22.216
17.773
20.618
23.694
26.156
30.524
25.220
16.976
17.580
17.264
10.612
18.889
19.111
21.689
21.351
14.681
11.745
10.196
14.557
14.845
12.676
10.941
11.953
10.362
15.490
18.792
22.233
21.787
18.229
21.784
14.227
5.781
11.025
3.220
12.976
10.381
5.105
1.684
14.147
12.118
9.694
8.555
10.044
14.435
12.348
20.279
20.223
10.578
8.463
3.570
3.656
12.525
14.020
21.616
14.893
15.914
16.731
14.185
17.748
21.398
26.719
28.575
20.460
25.968
24.774
17.419
14.736
18.988
21.591
24.473
19.578
18.862
6.290
5.832
7.866
7.092
8.874
7.099
16.079
16.063
16.051
23.241
22.592
21.274
20.219
16.175
12.940
13.552
4.442
-2.847
-4.677
-6.942
-8.753
-9.403
-10.722
-8.578
-6.062
-7.250
-2.600
-2.080
-1.664
1.869
2.295
2.636
2.109
5.687
8.550
3.640
3.712
0.569
-5.145
-10.516
-14.813
-14.250
-13.800
-14.240
-16.992
-13.594
-10.875
-18.300
-17.040
-12.832
-9.466
-9.973
-14.378
-14.702
-14.162
-10.530
-4.424
-5.939
-4.751
-0.601
3.519
6.015
5.612
-1.910
-3.928
-3.143
-2.514
5.189
4.951
11.161
16.129
16.103
23.282
28.226
32.181
32.144
32.116
29.692
27.754
25.403
24.323
19.458
16.366
13.093
20.874
26.300
27.440
25.952
24.761
26.209
24.967
23.974
23.179
28.943
29.555
27.644
28.515
30.012
28.010
25.608
26.886
28.709
30.167
31.334
28.267
26.614
27.691
29.353
29.882
33.506
34.005
36.804
35.843
29.474
26.779
25.424
23.539
19.631
25.305
30.644
30.915
31.132
31.306
32.244
25.796
30.236
30.589
31.671
28.537
30.030
27.224
25.779
24.623
26.899
27.919
29.535
30.028
31.222
32.178
29.742
27.794
28.635
26.108
24.086
22.469
24.375
22.700
21.360
24.288
25.830
27.864
26.292
27.433
25.147
24.117
22.494
27.595
28.476
29.981
31.185
31.348
29.078
24.062
22.450
24.360
23.488
25.990
27.992
26.394
24.315
23.452
19.562
19.649
18.919
22.336
24.268
29.015
32.812
29.449
29.959
27.168
32.134
32.107
32.886
33.509
33.207
29.765
31.012
32.010
35.208
37.766
36.613
35.690
38.952
35.162
32.129
29.704
30.163
31.330
31.464
32.371
32.297
29.838
33.470
40.376
38.701
38.161
33.729
33.383
29.906
30.325
34.660
34.928
31.142
28.914
26.331
24.265
23.412
22.730
18.984
15.187
9.749
14.200
14.560
18.848
24.678
23.743
19.794
23.035
21.628
23.703
18.962
21.570
23.656
26.125
24.100
25.680
24.544
23.635
28.508
29.206
32.965
33.572
33.258
30.606
30.885
27.908
31.926
29.541
30.833
28.666
26.133
24.906
23.925
23.140
28.112
28.890
29.512
30.809
31.847
26.278
21.822
18.258
15.406
12.325
10.660
9.328
8.262
6.610
6.088
4.870
3.896
3.917
3.934
3.147
3.317
2.654
2.123
1.699
2.159
2.527
2.022
1.617
2.094
2.475
2.780
3.024
3.219
3.375
3.500
2.800
3.040
2.432
2.746
2.997
2.397
2.718
2.174
2.539
2.031
2.425
1.940
2.352
1.882
2.305
2.644
2.115
1.692
2.154
1.723
2.178
1.743
2.194
1.755
1.404
1.123
0.899
1.519
2.015
1.612
2.090
2.472
1.977
2.382
1.906
2.324
1.860
1.488
1.990
1.592
1.274
1.019
1.615
2.092
2.474
1.979
2.383
2.706
2.965
2.372
1.898
2.318
2.655
2.124
1.699
1.359
1.087
0.870
1.496
1.197
0.957
0.766
1.413
1.130
1.704
2.163
2.531
2.824
3.060
3.248
3.398
2.718
2.175
1.740
2.192
1.753
2.203
2.562
2.850
3.080
3.264
2.611
2.889
3.111
2.489
1.991
2.393
2.714
2.971
3.177
3.342
2.673
2.939
2.351
1.881
1.505
1.204
1.763
2.210
2.568
2.855
3.084
3.267
2.614
2.091
2.473
1.978
1.582
1.266
1.013
1.610
1.288
1.031
1.624
1.300
1.040
1.632
2.105
1.684
1.347
1.078
1.662
1.330
1.864
1.491
1.193
0.954
0.763
1.411
1.129
1.703
2.162
1.730
1.384
1.107
0.886
1.509
2.007
2.405
1.924
2.339
1.872
2.297
1.838
2.270
1.816
2.253
1.802
1.442
1.953
2.363
1.890
1.512
1.210
1.768
1.414
1.931
2.345
2.676
2.941
3.153
2.522
2.818
2.254
2.603
2.083
1.666
1.333
1.866
1.493
1.194
1.756
1.404
1.924
1.539
1.231
1.785
2.228
1.782
2.226
1.781
1.425
1.140
0.912
1.529
1.223
1.779
1.423
1.138
0.911
0.729
0.583
1.266
1.813
1.450
1.160
0.928
1.543
1.234
0.987
1.590
2.072
2.457
1.966
2.373
1.898
2.319
2.655
2.124
1.699
2.159
2.527
2.022
1.618
1.294
1.035
1.628
1.303
1.042
0.834
1.467
1.174
1.739
2.191
1.753
2.202
2.562
2.049
2.440
2.752
2.201
2.561
2.049
2.439
1.951
2.361
1.889
2.311
2.649
2.919
2.335
2.668
2.135
2.508
2.806
2.245
1.796
1.437
1.149
1.719
2.176
2.540
2.832
2.266
1.813
2.250
2.600
2.880
2.304
1.843
2.275
1.820
2.256
1.805
1.444
1.955
1.564
2.051
1.641
1.313
1.050
0.840
1.472
1.178
0.942
0.754
1.403
1.122
0.898
1.518
1.215
0.972
0.777
1.422
1.938
1.550
1.240
0.992
1.594
2.075
2.460
2.768
3.014
2.411
1.929
2.343
2.675
2.140
2.512
2.009
1.608
1.286
1.029
1.623
1.298
1.839
2.271
1.817
1.453
1.163
1.730
2.184
1.747
2.198
1.758
2.207
1.765
1.412
1.130
0.904
0.723
0.578
0.463
1.170
1.736
1.389
1.111
0.889
1.511
2.009
2.407
2.726
2.181
2.544
2.036
2.428
2.743
2.194
2.555
2.044
2.435
1.948
1.559
1.247
1.798
2.238
2.590
2.072
1.658
2.126
1.701
2.161
1.729
2.183
1.746
2.197
1.758
1.406
1.925
1.540
2.032
1.626
1.300
1.040
0.832
1.466
1.173
1.738
1.390
1.112
0.890
1.512
1.210
0.968
0.774
0.619
0.495
1.196
0.957
1.566
1.253
1.802
2.242
1.793
2.235
1.788
1.430
1.144
1.715
2.172
2.538
2.830
2.264
2.611
2.089
1.671
1.337
1.870
1.496
1.197
1.757
2.206
2.565
2.852
2.281
1.825
1.460
1.168
1.734
2.188
2.550
2.840
3.072
3.258
3.406
2.725
2.980
3.184
3.347
2.678
2.942
2.354
2.683
2.146
1.717
2.174
2.539
2.831
3.065
2.452
2.762
3.009
3.207
2.566
2.853
3.082
3.266
3.413
3.530
2.824
2.259
1.807
1.446
1.957
2.365
2.692
2.954
3.163
3.330
2.664
2.131
1.705
1.364
1.891
1.513
2.010
1.608
2.087
2.469
2.775
3.020
2.416
1.933
1.546
1.237
0.990
1.592
2.073
2.459
2.767
3.014
3.211
3.369
2.695
2.956
2.365
2.692
2.953
3.163
3.330
3.464
3.571
3.657
2.926
2.340
1.872
1.498
1.198
0.959
0.767
0.614
1.291
1.833
2.266
2.613
2.890
2.312
1.850
2.280
1.824
2.259
2.607
2.086
1.669
1.335
1.068
1.654
1.323
1.059
0.847
0.678
0.542
1.234
1.787
1.430
1.144
1.715
1.372
1.098
0.878
0.702
1.362
1.090
1.672
2.137
2.510
2.008
1.606
1.285
1.828
2.262
1.810
1.448
1.158
0.927
0.741
1.393
1.914
1.532
2.025
1.620
2.096
1.677
2.142
2.513
2.011
2.408
2.727
2.181
1.745
1.396
1.917
1.533
2.027
2.421
1.937
2.350
1.880
1.504
1.203
0.962
0.770
0.616
0.493
0.394
1.115
0.892
1.514
1.211
0.969
1.575
1.260
1.008
0.806
0.645
1.316
1.053
1.642
2.114
2.491
1.993
2.394
1.915
2.332
1.866
1.493
1.194
1.755
1.404
1.123
0.899
0.719
0.575
1.260
1.808
1.446
1.957
2.366
2.693
2.154
1.723
2.179
2.543
2.034
1.627
1.302
1.842
1.473
1.979
1.583
2.066
1.653
1.322
1.058
0.846
0.677
0.542
0.433
1.147
1.717
2.174
2.539
2.031
1.625
2.100
1.680
2.144
1.715
1.372
1.098
0.878
0.703
1.362
1.090
0.872
0.697
1.358
1.086
0.869
0.695
0.556
0.445
0.356
1.085
0.868
0.694
0.555
0.444
1.155
0.924
0.739
0.592
1.273
1.819
1.455
1.164
0.931
1.545
1.236
1.789
1.431
1.145
0.916
0.733
0.586
1.269
1.815
2.252
1.802
2.241
2.593
2.874
3.100
2.480
1.984
2.387
2.710
2.168
2.534
2.027
2.422
2.737
2.190
1.752
1.402
1.121
0.897
0.718
0.574
0.459
0.367
1.094
0.875
0.700
1.360
1.888
1.510
1.208
1.767
2.213
2.571
2.057
2.445
1.956
1.565
1.252
1.802
2.241
2.593
2.074
1.660
2.128
2.502
2.802
2.241
1.793
2.234
1.788
1.430
1.144
0.915
1.532
1.226
1.781
2.224
1.780
1.424
1.139
1.711
2.169
2.535
2.828
2.262
1.810
2.248
2.598
2.879
3.103
2.482
1.986
1.589
2.071
2.457
2.765
2.212
2.570
2.056
2.445
1.956
2.365
1.892
2.313
2.651
2.921
2.336
1.869
2.295
1.836
2.269
1.815
1.452
1.162
1.729
1.383
1.907
1.525
2.020
1.616
1.293
1.834
2.268
2.614
2.891
2.313
1.850
1.480
1.184
1.747
1.398
1.918
1.535
2.028
2.422
2.738
2.990
2.392
1.914
2.331
1.865
2.292
2.633
2.907
2.325
2.660
2.128
1.703
2.162
2.530
2.824
2.259
1.807
1.446
1.157
1.725
1.380
1.904
2.323
1.859
2.287
1.830
1.464
1.171
1.737
1.389
1.911
1.529
1.223
0.979
1.583
1.266
1.013
0.810
0.648
0.519
1.215
1.772
2.218
2.574
2.059
2.447
2.758
3.006
2.405
1.924
2.339
1.871
1.497
1.198
0.958
1.567
2.053
2.443
1.954
1.563
2.051
2.440
1.952
1.562
1.250
1.000
0.800
1.440
1.152
0.921
0.737
1.390
1.912
2.329
1.864
1.491
1.993
1.594
2.075
2.460
2.768
3.015
2.412
1.929
1.543
2.035
2.428
1.942
1.554
1.243
0.994
0.796
1.436
1.149
1.719
2.175
2.540
2.832
2.266
2.613
2.090
1.672
1.338
1.870
1.496
1.997
2.397
2.718
2.174
1.740
2.192
1.753
1.403
1.922
2.338
2.670
2.136
1.709
1.367
1.094
0.875
1.500
2.000
1.600
2.080
1.664
1.331
1.065
0.852
0.682
0.545
0.436
1.149
1.719
2.175
2.540
2.032
2.426
1.941
2.352
2.682
2.146
1.716
2.173
1.739
2.191
2.553
2.042
1.634
1.307
1.846
1.476
1.181
1.745
1.396
1.117
1.693
1.355
1.084
0.867
1.494
1.995
2.396
1.917
1.533
2.027
2.421
1.937
1.550
1.240
0.992
0.793
1.435
1.148
0.918
1.535
2.028
1.622
1.298
1.838
2.271
1.816
1.453
1.162
1.730
2.184
2.547
2.038
1.630
