-13.920
-17.536
-20.429
-21.943
-23.954
-24.763
-26.211
-26.569
-27.655
-28.524
-29.219
-28.975
-28.780
-29.424
-29.939
-29.551
-29.241
-29.793
-30.234
-32.987
-35.190
-36.952
-35.961
-35.169
-34.535
-34.028
-33.623
-33.298
-33.038
-32.831
-31.864
-31.092
-31.273
-31.419
-31.535
-31.628
-37.302
15.758
54.207
59.365
60.292
38.634
21.307
10.646
-1.083
-297.667
-496.533
-611.627
-687.701
-700.561
-655.649
-530.919
-430.335
-349.868
-275.894
-313.516
-318.012
-264.010
-217.608
-173.286
-39.429
19.657
45.326
106.661
153.328
206.663
217.330
263.464
265.171
251.337
194.670
150.136
-180.691
-435.753
-355.002
-289.602
-237.281
-195.425
-161.940
-135.152
-113.722
-99.777
-88.622
-77.297
-68.238
-60.990
-54.392
-49.114
-45.691
-42.953
-39.962
-38.370
-36.296
-35.437
-33.949
-32.759
-31.807
-31.046
-30.437
-29.949
