1899.781
2216.328
2374.727
2454.051
2493.650
2513.388
2523.319
2528.097
2530.549
1265.212
632.793
316.834
158.792
79.646
40.260
20.630
10.628
6.251
3.563
2.532
2.016
1.508
1.316
0.846
0.610
0.243
0.434
0.654
0.452
0.788
0.957
1.228
0.864
0.619
0.997
1.123
0.999
1.312
1.156
1.265
1.258
1.379
1.252
1.313
0.594
0.422
0.211
0.168
-0.041
-0.083
0.146
0.135
0.255
0.815
1.032
1.204
1.539
1.020
0.635
0.630
0.502
0.501
0.313
0.157
0.453
0.164
0.019
0.385
0.505
0.565
0.720
0.422
0.336
0.481
0.803
0.776
0.576
0.663
0.456
0.541
0.583
0.666
0.396
0.448
0.661
0.331
0.228
0.926
1.026
0.888
0.819
0.534
0.080
0.040
-0.043
0.166
0.145
0.510
0.380
0.440
0.407
0.579
0.602
0.301
0.213
0.294
0.209
0.480
0.552
0.089
0.044
-0.165
0.042
0.084
-0.083
-0.229
-0.052
0.286
0.331
0.853
0.989
1.119
1.060
0.842
0.609
0.492
0.371
0.373
0.311
0.343
0.359
-0.071
-0.285
-0.205
-0.415
-0.395
-0.573
-0.036
0.357
0.678
1.089
0.607
0.553
0.527
0.263
0.194
0.097
0.111
0.180
0.028
-0.111
-0.118
-0.622
-0.498
-0.562
-0.593
-0.422
-0.211
-0.418
-0.147
0.052
0.026
-0.175
0.100
0.237
0.306
0.340
0.420
0.148
0.261
0.318
0.221
0.173
-0.038
-0.269
-0.572
0.151
-0.112
0.194
0.785
0.330
0.290
0.895
1.135
1.067
0.784
0.579
0.977
1.176
1.150
1.075
0.975
0.425
0.212
0.231
0.178
-0.098
-0.237
-0.306
-0.466
0.455
0.602
0.614
1.119
0.747
0.436
0.343
0.359
0.242
0.371
0.373
0.249
0.312
0.718
0.797
0.336
0.355
-0.010
-0.068
-0.346
-0.236
-0.243
-0.184
-0.217
0.141
0.321
0.660
0.643
0.634
0.629
0.752
0.751
0.563
0.219
0.172
0.211
0.730
0.990
1.120
0.935
0.467
0.109
-0.508
-0.629
-0.815
-0.470
-0.048
0.664
1.019
1.197
0.849
0.424
0.400
0.137
0.381
0.315
0.220
0.423
0.461
0.356
0.115
-0.193
-0.346
-0.423
-0.462
-0.481
-0.491
-0.245
-0.060
0.157
0.516
0.071
0.160
-0.107
-0.054
0.098
0.361
0.306
0.278
0.139
0.194
0.285
0.017
-0.179
-0.152
0.174
0.212
0.231
0.428
0.401
0.263
0.132
0.128
0.314
0.282
0.516
0.695
0.598
0.611
0.743
0.372
0.311
0.280
0.328
0.164
-0.106
-0.178
-0.276
-0.576
-0.350
-0.113
0.256
0.315
0.220
0.173
0.336
0.356
0.303
0.276
0.326
0.600
0.363
0.369
0.497
0.498
-0.063
-0.094
-0.110
-0.117
0.254
0.314
0.532
1.016
0.883
1.254
1.002
1.063
1.094
0.922
0.773
0.512
0.318
0.222
0.298
0.587
0.293
0.022
0.011
0.568
0.471
0.423
0.399
0.512
0.131
0.128
-0.124
-0.062
0.282
0.203
0.289
0.394
0.385
0.380
0.565
0.657
0.579
0.227
0.238
-0.006
-0.190
-0.158
-0.329
-0.227
-0.051
0.287
0.768
1.072
0.723
0.549
0.524
0.075
0.162
0.394
-0.053
0.598
0.424
0.212
0.356
-0.072
-0.411
-0.768
-0.822
-0.848
-0.924
-1.025
-1.012
-0.569
-0.284
-0.080
-0.227
-0.176
-0.588
-0.607
-0.491
-0.496
-0.310
-0.030
-0.203
-0.039
-0.207
-0.416
-0.458
-0.792
-0.771
-0.948
-0.849
-0.925
-1.087
-0.794
-0.522
-0.324
-0.224
-0.112
0.006
0.066
-0.155
-0.202
-0.289
0.043
-0.041
-0.146
-0.010
-0.193
-0.409
0.170
-0.227
-0.364
0.318
-0.404
-0.389
-0.445
-0.347
-0.236
-0.181
-0.215
-0.170
-0.085
0.020
-0.365
-0.683
-0.404
-0.452
-0.289
-0.519
-0.947
-1.224
-1.237
-1.368
-1.309
-1.405
-1.390
-1.258
-1.066
-0.971
-0.735
-0.743
-0.434
-0.530
-0.390
-0.320
-0.160
-0.080
-0.103
-0.114
-0.370
-0.560
-1.092
-1.171
-1.023
-1.199
-1.037
-1.019
-0.822
-0.598
-0.049
-0.087
0.519
-0.116
0.067
-0.029
-0.015
-0.320
-0.285
-0.330
-0.353
-0.239
-0.682
-0.716
-1.108
-1.242
-0.996
-1.060
-1.030
-1.015
-0.695
-0.410
-0.518
-0.384
-0.129
0.435
0.530
0.890
0.757
0.504
0.002
0.001
-0.312
-0.344
-0.547
-0.648
-1.012
-0.881
-1.128
-1.189
-0.970
-0.735
-0.555
-0.715
-0.670
-0.648
-0.636
-0.693
0.028
0.327
0.351
0.300
-0.100
-0.363
-0.369
-0.497
-0.436
-0.968
-1.109
-1.242
-0.746
-0.561
-0.218
-0.359
-0.555
-0.402
-0.201
-0.163
-0.269
-0.322
-0.349
-0.549
-0.150
-0.262
-0.381
-0.066
0.155
-0.298
-0.586
-0.668
-0.709
-0.980
-0.927
-1.026
-0.701
-0.600
-0.425
-0.400
-0.700
-0.475
-0.488
-0.056
-0.091
0.017
-0.179
-0.152
-0.389
-0.319
-0.472
-0.111
0.069
0.160
-0.420
-0.648
-0.574
-0.600
-0.237
-0.119
-0.122
-0.124
-0.499
-0.562
-0.281
-0.578
-0.414
-0.207
-0.354
-0.239
0.005
0.065
-0.030
-0.890
-0.883
-0.816
-0.908
-0.767
-0.883
-0.879
-0.690
-0.220
-0.173
-0.211
-0.043
-0.084
-0.167
-0.021
0.177
0.026
-0.237
-0.181
-0.091
0.080
0.165
0.082
-0.459
-0.792
-1.021
-0.386
-0.443
0.029
0.327
0.101
-0.075
-0.287
-0.206
-0.103
-0.052
-0.401
-0.325
-0.100
-0.175
0.100
-0.075
-0.163
-0.581
-0.728
-0.802
-0.838
-0.919
-0.897
-0.886
-0.631
-0.003
-0.001
0.062
0.093
-0.141
-0.321
-0.098
-0.049
-0.275
-0.325
-0.162
-0.456
-0.353
-0.177
0.099
-0.201
0.025
0.075
-0.400
-0.825
-0.725
-0.425
-0.088
0.019
-0.053
0.473
0.612
0.681
0.528
0.701
0.288
0.144
0.009
0.005
0.065
-0.405
-0.453
-0.289
-0.395
-0.572
-0.661
-0.706
-0.290
-0.083
-0.104
-0.115
-0.057
0.284
0.954
1.040
0.707
0.729
0.302
-0.099
0.013
0.006
-0.247
-0.624
-0.749
-0.750
-0.687
-0.531
-0.766
-0.758
-0.692
-0.346
-0.360
-0.368
-0.246
-0.061
-0.218
-0.172
0.914
0.832
0.853
0.677
0.776
1.138
0.319
-0.216
-0.420
-0.648
-0.699
-0.537
-0.644
-0.447
-0.223
0.013
0.132
0.128
0.002
-0.124
-0.187
-0.219
-0.109
-0.117
-0.059
-0.092
-0.046
-0.023
-0.262
-0.381
-0.441
-0.408
-0.516
-0.508
-0.317
0.029
0.077
-0.337
-0.168
0.041
-0.042
0.166
0.333
0.291
0.896
0.948
0.911
0.768
0.509
0.004
-0.185
-0.405
0.110
0.242
0.371
0.498
-0.001
-0.188
0.031
0.140
0.445
0.473
0.174
0.399
0.262
0.194
0.284
0.267
0.196
0.035
-0.107
-0.241
-0.246
-0.248
-0.374
-0.562
-0.469
-0.547
-0.273
-0.324
-0.225
0.138
0.194
0.347
0.361
0.430
0.465
0.545
0.647
0.511
0.380
0.190
0.095
-0.203
-0.164
0.043
0.022
-0.177
-0.026
-0.138
0.306
1.090
1.170
1.023
1.011
1.318
1.097
1.111
1.368
1.309
0.967
0.983
0.867
0.621
0.373
0.124
-0.188
0.218
-0.141
-0.133
-0.004
-0.002
0.249
0.437
0.468
0.484
0.429
0.277
0.076
0.100
0.300
0.338
0.669
0.459
0.417
0.396
0.073
-0.026
-0.138
-0.132
0.122
-0.002
0.249
0.499
0.562
0.656
0.203
0.289
0.082
0.353
0.239
0.744
0.685
1.092
1.234
0.617
0.433
0.154
-0.048
-0.087
-0.168
-0.334
-0.042
-0.209
-0.229
0.135
0.193
0.534
0.517
0.321
0.223
0.049
0.149
0.325
0.287
0.269
0.447
0.723
0.237
0.181
-0.160
-0.517
-0.509
-0.692
-0.533
-0.267
-0.133
0.121
0.373
0.186
0.281
1.015
0.758
0.691
0.846
0.485
0.118
-0.066
0.029
0.015
-0.243
0.254
0.502
0.563
0.282
0.078
-0.148
-0.074
0.088
0.231
0.616
0.995
0.998
1.186
0.593
0.797
0.336
0.293
0.146
0.761
0.630
0.690
0.470
0.297
-0.164
-0.519
-0.635
-0.630
-0.690
-0.345
-0.173
-0.086
0.019
0.072
0.286
0.330
0.290
0.270
0.947
0.911
0.643
0.759
1.504
0.940
0.220
-0.078
0.086
-0.270
-0.447
-0.036
0.607
0.991
0.870
0.810
0.655
0.390
0.320
0.035
0.330
0.352
0.676
0.963
1.981
1.741
1.495
0.873
0.874
0.749
-0.000
-1.125
-4.688
-19.781
-31.953
-36.977
-18.926
-10.400
-7.513
-6.881
-7.253
-7.377
-8.938
-11.282
-14.891
-18.633
-23.817
-24.158
-26.642
-29.571
-34.411
-33.080
-32.478
-35.301
-35.526
-34.575
-35.475
-37.988
-38.369
-41.685
-47.092
-54.359
-56.304
-61.027
-65.764
-79.694
-90.472
-94.736
-106.868
-113.622
-114.686
-114.405
-107.140
-105.258
-107.129
-107.940
-103.782
-97.891
-92.946
-93.285
-94.955
-97.103
-107.364
-116.932
-116.966
-110.921
-104.710
-99.418
-95.709
-85.230
-84.927
-87.214
-85.794
-81.397
-81.261
-86.318
-90.284
-95.205
-106.665
-116.645
-116.510
-120.443
-122.846
-126.236
-125.055
-126.653
-129.826
-127.351
-121.925
-119.775
-113.888
-101.381
-108.316
-122.658
-125.392
-121.696
-123.660
-114.018
-118.196
-113.911
-111.580
-107.478
-100.739
-97.869
-93.122
-97.249
-102.812
-109.594
-111.797
-107.398
-101.699
-93.475
-88.800
-89.213
-95.481
-95.491
-89.745
-82.123
-73.999
-68.874
-71.437
-81.531
-81.266
-80.820
-71.660
-66.455
-66.353
-73.364
-35.119
-17.685
-9.030
-4.452
-1.914
-0.707
-0.353
-0.114
0.130
0.128
0.376
0.813
0.844
0.860
0.992
0.746
0.623
0.124
-0.063
-0.282
-0.391
-0.321
-0.410
-0.455
-0.165
0.167
0.209
0.292
0.271
0.385
0.380
0.565
0.532
0.391
0.196
0.285
1.080
1.165
0.895
0.635
0.505
0.252
-0.124
-0.312
-0.531
-0.578
-0.289
-0.270
-0.072
0.026
0.076
0.288
0.206
0.103
0.114
0.182
0.278
0.202
-0.024
-0.137
0.681
0.466
0.420
0.523
-0.114
-0.244
-0.185
-0.092
0.016
-0.117
-0.058
-0.029
0.048
0.211
0.293
0.084
0.104
-0.010
0.245
-0.003
-0.001
-0.188
-0.469
-0.547
-0.149
-0.199
-0.350
-0.487
-0.369
-0.309
0.033
-0.234
-0.117
-0.121
-0.123
0.251
0.063
0.094
-0.078
0.336
0.605
0.803
0.276
-0.362
-0.494
-0.497
-0.311
-0.406
-0.578
-0.414
-0.207
0.146
0.448
1.162
0.893
1.009
0.692
0.596
0.485
0.243
0.059
-0.096
0.015
-0.305
-0.278
-0.389
-0.257
-0.691
-0.846
-0.860
-0.680
-0.590
-0.233
-0.179
-0.402
-0.201
-0.163
-0.144
0.053
-0.224
-0.174
-0.087
-0.169
-0.147
-0.011
-0.318
-0.597
-0.673
-0.524
-0.512
-0.319
-0.409
-0.267
0.054
-0.036
-0.143
0.116
0.120
0.248
0.374
1.062
1.093
1.109
1.179
0.590
0.482
0.304
-0.286
-0.330
-0.228
-0.239
-0.057
-0.279
-0.077
-0.163
0.043
0.022
-0.177
0.099
0.050
0.150
0.012
0.256
0.378
0.251
0.001
0.000
0.063
0.031
-0.172
-0.273
-0.199
-0.225
-0.487
-0.494
-0.372
0.626
1.126
1.188
1.344
1.359
1.555
0.840
1.232
1.241
1.120
1.123
0.624
0.374
1.000
0.875
0.625
0.500
-0.313
-0.531
-0.516
-0.445
-0.098
0.076
-0.087
0.269
0.259
0.130
0.065
0.220
0.235
-0.008
0.371
0.498
0.624
0.437
0.031
-0.297
-0.336
-0.293
-0.397
-0.636
-0.380
0.185
0.342
0.359
0.492
0.433
0.467
0.233
0.242
0.433
0.842
0.733
1.242
0.621
0.623
0.124
-0.376
-0.313
-0.531
-0.328
-0.477
-0.551
-0.338
0.143
0.447
0.536
0.268
0.196
0.286
0.330
0.352
0.426
0.213
-0.144
-0.072
-0.098
-0.112
-0.556
-0.591
-0.608
-0.554
-0.652
-0.701
-0.351
-0.363
0.131
0.378
0.501
0.751
0.688
0.719
0.734
0.680
0.527
0.514
0.444
0.597
0.423
-0.163
-0.269
-0.385
-0.317
-0.221
-0.361
-0.180
-0.215
0.205
0.290
0.520
0.635
0.317
1.159
1.454
1.040
1.457
0.979
0.739
0.682
0.528
0.139
-0.118
-0.246
-0.436
-0.593
-0.609
-0.492
-0.371
0.002
0.251
0.438
0.531
0.641
0.508
0.441
0.596
0.548
0.711
0.606
0.428
0.526
0.638
0.194
-0.341
-0.295
-0.085
-0.168
-0.334
-0.167
0.041
0.083
0.104
0.114
-0.005
0.247
0.249
0.312
0.406
0.390
0.320
0.285
0.892
0.759
0.754
0.565
0.595
0.235
0.117
-0.191
0.092
0.171
0.398
0.636
0.693
0.471
0.673
1.087
0.731
0.490
0.495
0.748
0.749
0.812
0.906
0.453
0.226
0.113
-0.131
-0.190
-0.220
-0.048
0.039
0.269
0.572
0.411
0.330
0.540
0.832
1.541
1.333
1.291
1.333
0.979
0.677
0.401
0.513
0.194
-0.028
-0.139
0.055
0.090
0.857
1.054
1.214
1.295
0.835
0.605
0.115
0.495
0.622
0.436
0.593
0.671
0.461
0.418
0.396
0.136
0.005
-0.060
0.032
0.204
0.227
0.051
0.213
0.169
0.522
0.698
0.287
0.331
0.415
0.333
0.229
0.489
0.557
0.466
0.483
0.741
0.496
0.310
0.155
0.015
-0.118
-0.059
-0.092
-0.109
0.071
0.410
0.705
0.665
0.457
0.479
1.114
1.307
1.278
1.452
1.226
0.988
0.806
0.653
0.327
0.163
0.144
0.135
-0.058
-0.279
-0.202
-0.101
0.324
0.662
0.581
0.603
0.364
0.307
0.341
0.545
0.585
0.793
0.709
0.417
0.396
0.510
0.443
0.096
-0.139
-0.070
-0.035
-0.268
-0.071
0.152
0.138
0.382
0.378
0.189
0.157
0.079
0.289
0.332
0.291
0.395
0.760
1.130
1.315
1.282
1.266
0.696
0.285
0.330
-0.023
-0.074
0.276
0.325
0.663
0.894
1.259
1.380
1.315
1.282
0.954
0.539
0.582
0.166
0.333
0.666
0.583
0.667
0.521
0.135
0.193
0.096
0.236
0.305
0.527
0.639
0.757
0.878
0.939
1.157
1.016
1.008
0.754
1.002
0.813
0.469
0.672
0.898
0.637
0.381
0.190
0.220
0.047
0.711
0.856
0.865
1.495
1.060
0.905
-0.860
0.507
1.254
1.439
1.470
1.235
1.117
1.121
0.873
0.561
0.593
0.547
0.648
-0.176
0.974
-8.263
-21.881
-52.691
-93.470
-148.923
-202.711
-242.668
-287.209
-343.542
-385.521
-374.636
-190.380
-94.690
-47.283
-23.829
-11.852
-4.051
-7.151
244.675
653.837
847.856
932.178
776.089
387.857
194.428
97.339
48.982
24.866
12.995
7.498
4.374
2.624
2.125
1.187
0.656
0.141
-0.055
0.348
0.611
0.493
0.559
0.467
0.546
0.460
-0.020
0.177
0.214
0.169
0.147
0.386
0.380
0.190
-0.092
-0.109
0.008
-0.183
-0.404
-0.452
-0.226
-0.051
0.412
0.206
0.103
0.364
0.119
0.185
-0.033
0.046
0.210
0.230
0.115
0.245
0.372
-0.064
0.093
-0.204
-1.727
