1296.600
1670.820
1931.574
2115.302
2243.911
2332.738
2394.916
2438.442
2470.109
1727.877
1209.514
846.659
592.662
413.663
288.364
200.655
140.458
97.121
66.785
45.549
30.685
21.479
13.835
9.685
5.579
3.906
1.534
-0.126
-1.288
-0.902
-1.831
-2.482
-1.737
-2.416
-1.691
-2.384
-2.869
-3.208
-2.246
-2.772
-3.140
-2.198
-1.539
-1.077
-0.754
-0.528
-1.569
-2.299
-1.609
-2.326
-1.628
-1.140
-0.798
-1.759
-1.231
-0.862
-1.803
-2.462
-2.924
-3.246
-3.472
-2.431
-2.902
-3.231
-2.262
-2.783
-1.948
-2.564
-2.995
-2.096
-2.667
-1.867
-1.307
-2.115
-1.480
-1.036
-0.725
-1.708
-2.395
-1.677
-1.174
-2.022
-1.415
-2.191
-2.733
-1.913
-1.339
-0.938
-1.856
-2.499
-2.950
-2.065
-2.645
-1.852
-2.496
-1.747
-1.223
-2.056
-2.639
-3.047
-2.133
-2.693
-1.885
-2.520
-1.764
-1.235
-0.864
-1.805
-2.463
-1.724
-1.207
-0.845
-0.591
-1.614
-2.330
-1.631
-1.142
-1.999
-1.399
-2.180
-2.726
-1.908
-1.336
-2.135
-2.694
-3.086
-2.160
-2.712
-1.899
-1.329
-0.930
-1.851
-2.496
-2.947
-3.263
-2.284
-2.799
-1.959
-1.371
-2.160
-2.712
-3.098
-2.169
-2.718
-3.103
-2.172
-2.720
-1.904
-1.333
-0.933
-0.653
-0.457
-0.320
-1.424
-2.197
-2.738
-1.916
-1.341
-2.139
-2.697
-1.888
-2.522
-1.765
-1.236
-2.065
-1.445
-1.012
-1.908
-2.536
-2.975
-2.083
-2.658
-3.060
-3.342
-3.540
-3.678
-3.774
-3.842
-3.889
-2.723
-3.106
-2.174
-2.722
-3.105
-3.374
-2.362
-1.653
-1.157
-2.010
-2.607
-1.825
-1.277
-2.094
-1.466
-1.026
-1.918
-2.543
-1.780
-1.246
-2.072
-2.650
-3.055
-2.139
-2.697
-3.088
-3.362
-3.553
-2.487
-1.741
-2.419
-2.893
-2.025
-1.418
-0.992
-0.695
-1.686
-2.380
-1.666
-1.166
-0.816
-1.772
-1.240
-2.068
-2.648
-3.053
-3.337
-2.336
-2.835
-1.985
-1.389
-0.972
-0.681
-0.477
-1.534
-1.073
-1.951
-2.566
-2.996
-3.297
-2.308
-1.616
-2.331
-2.832
-1.982
-2.587
-1.811
-2.468
-1.728
-2.409
-1.686
-2.381
-1.666
-1.166
-2.016
-2.612
-1.828
-2.480
-2.936
-2.055
-2.638
-1.847
-2.493
-2.945
-2.061
-1.443
-1.010
-0.707
-1.695
-2.386
-2.870
-3.209
-2.247
-2.773
-1.941
-2.559
-2.991
-2.094
-2.666
-3.066
-2.146
-2.702
-3.092
-2.164
-1.515
-2.260
-1.582
-2.308
-2.815
-3.171
-2.219
-2.754
-1.928
-2.549
-2.984
-3.289
-2.302
-1.612
-2.328
-2.830
-3.181
-3.427
-3.599
-2.519
-1.763
-2.434
-2.904
-3.233
-2.263
-1.584
-2.309
-2.816
-3.171
-3.420
-3.594
-2.516
-2.961
-3.273
-3.491
-3.644
-3.750
-3.825
-2.678
-1.874
-2.512
-2.958
-2.071
-1.450
-2.215
-2.750
-3.125
-3.388
-2.371
-1.660
-2.362
-1.653
-1.157
-2.010
-1.407
-2.185
-2.729
-3.111
-3.377
-2.364
-1.655
-1.158
-2.011
-1.408
-2.185
-2.730
-3.111
-2.178
-1.524
-2.267
-1.587
-1.111
-0.778
-0.544
-1.581
-1.107
-0.775
-0.542
-0.380
-0.266
-0.186
-0.130
-0.091
-1.264
-2.085
-2.659
-1.861
-1.303
-2.112
-1.478
-2.235
-2.764
-3.135
-2.195
-1.536
-2.275
-1.593
-1.115
-1.980
-1.386
-2.170
-2.719
-3.103
-2.172
-2.721
-3.104
-3.373
-3.561
-2.493
-2.945
-3.261
-3.483
-3.638
-3.747
-3.823
-2.676
-1.873
-1.311
-0.918
-0.642
-0.450
-1.515
-1.060
-0.742
-0.520
-0.364
-1.455
-1.018
-0.713
-1.699
-1.189
-2.032
-2.623
-3.036
-3.325
-2.328
-1.629
-2.340
-1.638
-2.347
-1.643
-1.150
-2.005
-2.603
-3.022
-2.116
-1.481
-1.037
-1.926
-2.548
-2.984
-2.088
-1.462
-1.023
-1.916
-1.341
-0.939
-1.857
-2.500
-2.950
-2.065
-1.446
-1.012
-1.908
-1.336
-2.135
-1.495
-2.246
-1.572
-1.101
-1.970
-2.579
-3.005
-2.104
-1.473
-2.231
-1.562
-1.093
-0.765
-0.536
-0.375
-1.462
-1.024
-1.917
-1.342
-2.139
-2.697
-3.088
-2.162
-1.513
-1.059
-0.741
-0.519
-0.363
-0.254
-0.178
-1.325
-0.927
-0.649
-1.654
-1.158
-2.011
-1.407
-2.185
-1.530
-1.071
-1.950
-1.365
-0.955
-1.869
-1.308
-0.916
-0.641
-0.449
-1.514
-2.260
-1.582
-2.307
-1.615
-1.131
-0.791
-1.754
-2.428
-2.899
-2.030
-2.621
-3.034
-3.324
-3.527
-3.669
-2.568
-2.998
-3.298
-3.509
-2.456
-1.719
-1.204
-2.042
-1.430
-1.001
-0.701
-0.490
-1.543
-1.080
-0.756
-0.529
-0.371
-1.459
-2.222
-2.755
-3.129
-3.390
-2.373
-1.661
-2.363
-1.654
-1.158
-0.810
-0.567
-0.397
-1.478
-2.235
-1.564
-1.095
-1.966
-1.377
-2.164
-2.714
-3.100
-3.370
-2.359
-2.851
-3.196
-3.437
-2.406
-1.684
-2.379
-1.665
-2.366
-2.856
-1.999
-1.399
-0.980
-0.686
-0.480
-1.536
-2.275
-2.793
-3.155
-2.208
-1.546
-2.282
-2.797
-1.958
-2.571
-1.800
-1.260
-0.882
-0.617
-0.432
-1.502
-2.252
-1.576
-1.103
-0.772
-0.541
-0.378
-1.465
-1.025
-1.918
-2.542
-1.780
-1.246
-0.872
-0.610
-0.427
-1.499
-1.049
-0.735
-1.714
-1.200
-2.040
-1.428
-1.000
-0.700
-1.690
-1.183
-0.828
-0.580
-0.406
-1.484
-1.039
-0.727
-0.509
-0.356
-0.249
-1.375
-0.962
-1.874
-2.511
-1.758
-2.431
-2.901
-3.231
-3.462
-2.423
-2.896
-2.027
-2.619
-3.033
-2.123
-2.686
-1.880
-2.516
-2.961
-2.073
-1.451
-2.216
-1.551
-1.086
-0.760
-0.532
-1.572
-2.301
-2.810
-3.167
-3.417
-3.592
-2.514
-1.760
-1.232
-0.862
-0.604
-1.623
-1.136
-1.995
-1.397
-0.978
-0.684
-1.679
-1.175
-0.823
-1.776
-1.243
-2.070
-2.649
-1.854
-1.298
-0.909
-1.836
-2.485
-1.740
-1.218
-0.852
-0.597
-1.618
-2.332
-1.633
-1.143
-2.000
-1.400
-2.180
-2.726
-3.108
-3.376
-2.363
-2.854
-3.198
-2.238
-2.767
-3.137
-3.396
-3.577
-2.504
-2.953
-3.267
-3.487
-2.441
-2.909
-3.236
-3.465
-2.426
-1.698
-2.389
-2.872
-2.010
-1.407
-0.985
-0.690
-0.483
-1.538
-1.077
-1.954
-2.567
-2.997
-2.098
-1.469
-1.028
-1.920
-2.544
-1.781
-2.446
-1.712
-1.199
-0.839
-1.787
-2.451
-2.916
-3.241
-3.469
-3.628
-2.540
-1.778
-2.444
-2.911
-3.238
-2.266
-2.786
-3.151
-3.405
-3.584
-2.509
-2.956
-2.069
-2.648
-1.854
-2.498
-1.748
-1.224
-0.857
-1.800
-2.460
-2.922
-3.245
-2.272
-2.790
-1.953
-2.567
-1.797
-2.458
-1.721
-2.404
-1.683
-1.178
-0.825
-1.777
-1.244
-2.071
-2.650
-1.855
-2.498
-1.749
-1.224
-0.857
-1.800
-2.460
-1.722
-1.205
-2.044
-1.431
-2.201
-1.541
-2.279
-2.795
-1.957
-2.570
-2.999
-3.299
-3.509
-2.457
-2.920
-2.044
-2.631
-3.041
-3.329
-2.330
-2.831
-1.982
-2.587
-3.011
-2.108
-2.675
-1.873
-1.311
-2.118
-1.482
-1.038
-0.726
-0.508
-0.356
-1.449
-2.214
-1.550
-1.085
-0.760
-0.532
-1.572
-2.300
-2.810
-3.167
-3.417
-3.592
-2.514
-1.760
-1.232
-2.062
-1.444
-1.011
-0.707
-1.695
-2.387
-1.671
-1.169
-0.819
-0.573
-0.401
-0.281
-1.397
-2.178
-1.524
-1.067
-1.947
-2.563
-1.794
-2.456
-1.719
-1.203
-0.842
-1.790
-1.253
-2.077
-2.654
-3.058
-3.340
-2.338
-2.837
-1.986
-2.590
-1.813
-2.469
-2.928
-2.050
-2.635
-3.044
-3.331
-2.332
-1.632
-2.343
-1.640
-2.348
-1.643
-1.150
-2.005
-1.404
-0.983
-0.688
-0.481
-1.537
-2.276
-2.793
-3.155
-2.209
-2.746
-3.122
-3.386
-2.370
-1.659
-2.361
-1.653
-2.357
-1.650
-2.355
-1.648
-2.354
-2.848
-1.993
-2.595
-3.017
-2.112
-2.678
-1.875
-1.312
-2.119
-1.483
-2.238
-1.567
-1.097
-1.968
-2.577
-1.804
-1.263
-0.884
-1.819
-2.473
-2.931
-2.052
-2.636
-1.845
-1.292
-0.904
-0.633
-0.443
-1.510
-1.057
-1.940
-2.558
-1.791
-2.453
-2.917
-3.242
-2.269
-1.589
-2.312
-1.618
-1.133
-1.993
-2.595
-1.817
-2.472
-1.730
-2.411
-2.888
-2.021
-2.615
-1.830
-1.281
-0.897
-1.828
-1.279
-0.896
-0.627
-0.439
-0.307
-1.415
-2.191
-1.533
-1.073
-1.951
-1.366
-2.156
-2.709
-1.896
-1.328
-0.929
-1.850
-2.495
-2.947
-2.063
-2.644
-1.851
-2.495
-1.747
-1.223
-0.856
-0.599
-1.619
-1.134
-1.993
-1.395
-2.177
-2.724
-3.107
-3.375
-2.362
-2.854
-1.997
-1.398
-0.979
-0.685
-0.480
-0.336
-0.235
-0.165
-0.115
-0.081
-0.056
-10.840
-18.388
-27.271
-20.290
-14.203
-9.942
-6.959
-6.072
-4.250
-7.775
-11.443
-12.810
-18.567
-18.997
-22.898
-26.828
-29.580
-30.306
-32.014
-32.010
-32.007
-33.205
-34.043
-33.430
-37.801
-37.261
-41.683
-44.778
-51.745
-51.821
-56.675
-60.072
-70.851
-84.395
-93.877
-100.514
-109.960
-111.772
-111.840
-111.888
-107.122
-103.785
-106.250
-107.975
-105.582
-99.108
-99.375
-103.163
-102.214
-109.950
-115.365
-114.355
-113.649
-113.154
-108.008
-100.806
-95.764
-92.235
-93.364
-89.355
-86.548
-85.784
-90.049
-91.834
-94.284
-104.399
-117.479
-117.035
-120.325
-123.827
-125.079
-121.155
-124.409
-126.686
-122.280
-119.196
-121.837
-120.086
-112.860
-113.802
-118.062
-125.843
-122.890
-119.623
-117.336
-116.935
-110.655
-111.058
-111.341
-107.939
-104.357
-107.850
-104.295
-103.006
-110.505
-115.753
-111.027
-101.719
-96.403
-92.682
-90.078
-93.054
-90.338
-88.437
-87.106
-84.974
-83.482
-83.637
-82.546
-82.982
-82.088
-77.861
-73.703
-75.592
-78.114
-55.880
-40.316
-29.421
-20.595
-15.616
-10.931
-7.652
-5.356
-3.749
-3.825
-2.677
-3.074
-3.352
-3.546
-3.682
-3.778
-3.844
-3.891
-3.924
-3.947
-2.763
-1.934
-1.354
-0.948
-0.663
-0.464
-1.525
-1.068
-0.747
-0.523
-1.566
-1.096
-0.767
-0.537
-0.376
-1.463
-2.224
-1.557
-2.290
-1.603
-1.122
-0.785
-1.750
-2.425
-2.897
-3.228
-3.460
-3.622
-3.735
-2.615
-1.830
-2.481
-1.737
-2.416
-2.891
-3.224
-2.257
-2.780
-3.146
-2.202
-2.741
-1.919
-2.543
-1.780
-1.246
-0.872
-0.611
-1.627
-1.139
-1.997
-1.398
-2.179
-1.525
-1.068
-0.747
-0.523
-1.566
-1.096
-1.967
-2.577
-1.804
-1.263
-0.884
-0.619
-0.433
-0.303
-1.412
-0.989
-1.892
-1.324
-2.127
-1.489
-2.242
-1.570
-1.099
-0.769
-0.538
-1.577
-1.104
-0.773
-1.741
-2.419
-2.893
-3.225
-2.258
-2.780
-3.146
-3.402
-3.582
-3.707
-2.595
-3.016
-2.112
-1.478
-1.035
-1.924
-1.347
-2.143
-1.500
-2.250
-1.575
-2.302
-1.612
-1.128
-0.790
-0.553
-0.387
-1.471
-1.030
-0.721
-0.505
-1.553
-1.087
-0.761
-0.533
-1.573
-2.301
-2.811
-1.967
-1.377
-0.964
-1.875
-2.512
-1.759
-1.231
-0.862
-1.803
-2.462
-2.924
-2.046
-1.433
-1.003
-0.702
-0.491
-1.544
-2.281
-2.797
-1.958
-1.370
-0.959
-1.871
-2.510
-2.957
-3.270
-3.489
-2.442
-1.710
-2.397
-1.678
-1.174
-2.022
-2.615
-3.031
-2.122
-1.485
-2.240
-1.568
-1.097
-1.968
-1.378
-0.964
-0.675
-0.473
-0.331
-1.432
-1.002
-0.701
-0.491
-1.544
-2.281
-2.796
-3.157
-3.410
-3.587
-3.711
-3.798
-3.858
-3.901
-3.931
-3.951
-2.766
-3.136
-2.195
-2.737
-1.916
-2.541
-1.779
-2.445
-2.912
-3.238
-2.267
-2.787
-3.151
-2.205
-2.744
-1.921
-2.544
-2.981
-2.087
-1.461
-2.222
-2.756
-1.929
-1.350
-0.945
-1.862
-1.303
-0.912
-0.639
-0.447
-0.313
-0.219
-0.153
-1.307
-0.915
-1.841
-2.488
-1.742
-1.219
-0.854
-1.797
-2.458
-1.721
-2.405
-2.883
-3.218
-2.253
-2.777
-3.144
-2.201
-1.540
-2.278
-1.595
-1.116
-0.781
-1.747
-1.223
-2.056
-2.639
-3.047
-3.333
-2.333
-2.833
-3.183
-3.428
-2.400
-2.880
-2.016
-2.611
-1.828
-2.479
-1.736
-1.215
-2.050
-1.435
-1.005
-1.903
-1.332
-2.133
-2.693
-1.885
-1.319
-2.124
-1.487
-1.041
-1.928
-1.350
-0.945
-1.861
-1.303
-0.912
-0.638
-0.447
-0.313
-0.219
-1.353
-2.147
-1.503
-2.252
-2.776
-1.944
-2.560
-2.992
-2.095
-2.666
-3.066
-2.146
-1.503
-2.252
-1.576
-2.303
-2.812
-3.169
-2.218
-2.753
-3.127
-2.189
-1.532
-1.072
-0.751
-0.526
-1.568
-1.097
-1.968
-2.578
-1.804
-1.263
-0.884
-0.619
-1.633
-2.343
-2.840
-3.188
-2.232
-1.562
-2.294
-2.805
-1.964
-2.575
-1.802
-1.262
-0.883
-0.618
-0.433
-1.503
-1.052
-0.736
-0.515
-1.561
-1.093
-0.765
-0.535
-1.575
-1.102
-1.972
-1.380
-2.166
-2.716
-3.101
-2.171
-2.720
-1.904
-2.533
-2.973
-2.081
-2.657
-1.860
-2.502
-2.951
-2.066
-2.646
-3.052
-3.337
-2.336
-1.635
-2.344
-2.841
-3.189
-2.232
-1.562
-1.094
-0.766
-1.736
-2.415
-2.891
-3.223
-3.456
-3.619
-3.734
-3.813
-3.869
-3.909
-3.936
-2.755
-3.129
-2.190
-1.533
-1.073
-1.951
-2.566
-1.796
-2.457
-1.720
-1.204
-2.043
-1.430
-2.201
-1.541
-1.078
-1.955
-1.368
-0.958
-1.871
-2.509
-2.957
-2.070
-2.649
-3.054
-3.338
-2.336
-2.836
-3.185
-3.429
-3.601
-2.520
-1.764
-2.435
-2.904
-3.233
-3.463
-2.424
-2.897
-3.228
-2.259
-1.582
-2.307
-2.815
-3.170
-3.419
-2.394
-2.875
-2.013
-2.609
-3.026
-3.318
-2.323
-2.826
-1.978
-2.585
-3.009
-2.106
-1.475
-1.032
-1.923
-2.546
-2.982
-3.287
-3.501
-2.451
-1.716
-1.201
-0.841
-0.588
-1.612
-1.128
-1.990
-1.393
-0.975
-1.882
-2.518
-2.962
-2.074
-1.452
-2.216
-1.551
-2.286
-2.800
-3.160
-2.212
-2.748
-3.124
-2.187
-1.531
-1.071
-0.750
-1.725
-1.208
-2.045
-2.632
-1.842
-2.489
-1.743
-2.420
-2.894
-3.226
-2.258
-2.781
-1.946
-1.362
-2.154
-2.708
-1.895
-2.527
-1.769
-2.438
-2.907
-3.235
-3.464
-2.425
-2.897
-2.028
-2.620
-1.834
-2.484
-2.939
-2.057
-1.440
-1.008
-0.706
-0.494
-0.346
-1.442
-1.009
-1.907
-1.335
-0.934
-0.654
-0.458
-1.520
-2.264
-1.585
-2.309
-1.617
-1.132
-0.792
-0.555
-0.388
-0.272
-0.190
-1.333
-0.933
-1.853
-2.497
-1.748
-2.424
-2.897
-3.228
-2.259
-1.582
-2.307
-2.815
-3.170
-2.219
-1.554
-1.087
-1.961
-2.573
-3.001
-2.101
-2.670
-3.069
-2.149
-2.704
-3.093
-2.165
-1.515
-1.061
-1.943
-2.560
-1.792
-2.454
-1.718
-1.203
-2.042
-2.629
-3.040
-2.128
-7.490
-16.043
-36.430
-63.901
-108.331
-152.632
-189.642
-234.750
-284.325
-328.627
-345.239
-241.667
-170.367
-119.257
-84.680
-59.276
-41.493
-30.245
112.028
395.220
593.454
721.418
705.392
492.575
343.602
239.322
166.325
115.228
79.459
54.422
36.895
24.627
17.239
12.067
8.447
4.713
2.099
0.269
0.189
-1.068
-0.748
-0.523
-0.366
-1.456
-1.019
-1.914
-1.340
-2.138
-2.696
-1.887
-1.321
-2.125
-1.487
-2.241
-2.769
-3.138
-3.397
-3.578
-2.504
-1.753
-2.427
-1.699
-2.389
-2.872
-2.011
-1.408
-0.985
-0.690
-0.483
-0.338
-0.237
-0.166
-1.316
-0.921
-0.645
-0.451
-0.316
