2507.750
2508.250
2508.750
2508.000
2508.000
2508.500
2507.125
2508.250
2507.250
0.375
1.625
1.500
1.125
0.875
1.750
1.750
1.625
1.750
1.250
1.750
1.375
1.500
1.375
0.750
0.875
0.250
0.625
1.125
1.000
1.375
1.500
1.500
1.375
1.625
1.375
1.625
1.625
1.625
1.250
1.250
1.250
1.000
1.250
0.500
0.250
0.250
0.750
0.500
0.750
0.875
1.125
0.875
1.125
1.500
1.125
1.500
1.125
0.250
0.375
1.250
1.125
1.125
0.375
1.250
1.375
1.000
0.375
0.500
0.500
0.500
0.000
-0.250
-0.375
1.000
1.250
0.875
1.125
1.625
1.000
0.875
1.125
1.250
1.250
1.625
1.125
1.125
0.750
0.125
0.125
0.000
-0.250
-2.500
-2.000
-0.875
-1.250
-4.000
-1.250
-1.625
-0.125
1.125
1.500
0.750
1.125
0.250
0.750
1.125
5.750
-4.250
-12.625
-8.625
-17.000
-31.875
-31.625
-28.750
-40.000
-31.500
-42.000
-63.625
-23.000
-22.375
-37.250
-52.875
-40.125
-55.500
-54.875
-44.500
-51.125
-73.750
-49.625
-63.000
-74.750
-80.125
-89.250
-94.125
-78.875
-41.125
-42.625
-47.500
-54.500
-79.625
-93.000
-95.750
-88.500
-73.625
-83.750
-119.250
-153.500
-147.375
-121.500
-102.375
-97.875
-105.000
-87.250
-55.500
-68.500
-127.875
-107.125
-103.250
-99.250
10.750
-3.250
-0.125
0.125
-0.500
0.500
-1.125
-0.875
-0.500
0.625
-0.125
0.625
0.375
-0.125
1.250
0.000
1.625
1.250
1.250
1.250
1.625
1.250
1.000
1.000
0.500
0.125
0.750
0.500
0.750
-0.875
-4.500
-19.250
120.875
81.625
82.500
148.875
153.000
142.125
153.375
206.875
236.500
177.625
202.250
224.500
233.000
253.375
133.375
1.750
1.625
0.625
1.625
2.125
1.875
1.750
1.375
1.750
1.750
1.000
1.625
1.375
0.000
0.625
0.625
0.375
0.375
-0.125
0.500
0.875
0.500
0.750
1.250
1.250
0.875
0.375
1.000
0.250
1.125
0.375
0.375
0.875
1.125
0.625
-0.250
-0.125
-0.375
0.125
0.000
-0.125
0.000
0.625
0.375
0.750
0.750
1.375
0.875
0.750
0.250
0.875
0.625
0.875
1.000
0.625
0.750
0.250
0.375
0.000
-0.625
0.000
0.500
0.625
1.125
1.375
1.250
0.625
0.750
1.375
0.375
1.250
0.875
1.375
1.000
0.875
1.000
0.750
0.125
0.875
0.500
-0.125
0.125
0.500
0.500
0.625
0.875
1.500
1.375
1.000
1.250
1.125
1.375
0.875
1.375
1.000
0.750
1.125
1.000
0.125
0.250
0.750
0.750
0.375
-0.250
0.000
0.500
1.000
1.125
1.125
1.750
1.000
1.375
0.750
1.250
1.000
1.375
0.750
1.250
1.625
1.250
0.750
0.375
0.375
0.375
0.750
-0.125
0.750
0.625
1.750
2.000
1.500
1.625
1.625
1.625
1.125
0.625
0.500
1.250
1.625
1.250
1.125
0.875
0.500
0.000
0.500
0.250
0.125
0.000
0.625
1.375
1.750
1.000
0.875
1.250
1.125
0.875
1.125
0.500
1.500
0.625
1.250
1.000
0.750
0.500
-0.250
-0.125
-0.250
0.250
0.125
0.125
1.125
0.625
0.875
1.375
1.500
0.750
1.500
1.375
1.625
1.500
1.500
1.000
0.500
0.375
0.250
0.625
0.375
0.375
0.375
0.125
0.625
0.875
1.750
1.750
1.625
1.000
1.125
1.500
1.250
1.875
1.375
1.750
0.625
1.500
1.125
1.375
0.750
0.875
1.125
0.750
0.375
0.500
0.875
1.375
1.625
1.875
1.625
1.750
1.250
1.375
1.375
1.500
1.375
1.250
1.750
1.500
1.250
0.625
0.875
0.625
0.625
0.875
0.875
1.125
1.375
1.375
1.375
1.500
1.375
1.250
1.625
2.000
1.250
1.750
1.000
1.625
0.875
0.875
0.750
0.750
0.375
0.000
-0.250
0.375
0.875
1.125
1.500
1.625
1.250
0.750
1.250
1.625
1.625
1.625
1.625
1.000
1.125
1.375
1.500
0.125
0.250
0.000
0.375
0.375
0.500
0.125
0.875
1.500
1.250
0.625
1.125
0.750
1.625
1.500
1.000
1.500
1.125
1.000
1.375
0.750
0.875
0.750
0.500
1.000
-0.125
0.750
0.750
1.375
1.500
1.375
1.375
0.750
1.125
1.500
1.875
2.000
1.750
0.000
1.000
1.250
1.375
1.125
1.250
0.875
-0.125
1.125
1.000
1.000
0.875
1.250
1.875
1.750
1.625
1.500
1.125
1.375
1.500
1.625
1.000
0.875
1.625
0.625
1.250
1.125
1.250
0.500
0.500
0.750
-0.125
0.125
0.750
1.625
1.625
1.500
1.375
1.250
1.500
1.250
1.125
1.625
1.000
1.500
1.125
0.875
0.250
0.500
0.750
0.125
0.750
0.375
0.750
-0.125
1.375
1.125
1.500
1.625
1.500
1.625
2.125
1.625
1.250
1.125
1.875
1.875
1.250
0.875
0.750
0.875
0.250
0.500
0.625
0.000
-0.250
1.000
1.000
1.500
1.500
1.375
1.375
1.250
1.250
1.125
1.000
1.250
1.625
0.875
1.250
0.875
0.625
0.500
0.000
0.000
0.000
0.625
0.750
1.125
1.250
1.000
1.250
1.250
1.375
1.500
1.250
1.125
0.750
1.500
1.250
1.375
0.500
0.625
0.500
0.250
0.625
1.000
0.250
0.875
1.500
1.375
1.750
0.875
1.000
1.750
1.875
1.625
1.375
1.500
1.125
1.250
1.250
0.250
0.375
-0.125
0.125
0.125
-0.250
0.000
0.625
1.375
1.125
1.250
0.625
1.625
1.375
1.125
1.250
1.500
1.250
0.500
1.250
1.625
1.250
1.000
0.500
0.125
0.625
0.500
0.500
0.375
1.375
1.125
1.250
1.625
1.875
1.500
0.500
1.250
0.750
1.125
1.125
0.375
0.500
1.125
0.625
0.375
-0.250
0.250
0.750
0.750
0.875
0.750
1.375
1.375
1.000
0.875
1.750
1.250
0.750
0.750
0.250
0.500
0.875
0.250
0.625
0.750
-0.125
0.375
-0.250
-0.375
0.375
0.625
0.000
1.000
0.875
1.500
1.250
1.875
1.625
1.750
1.875
1.250
1.375
1.750
1.375
1.375
1.375
0.875
0.625
1.125
1.125
0.500
1.000
0.875
0.875
1.500
1.375
1.500
1.250
1.500
0.750
1.500
1.625
1.125
1.125
1.375
1.500
1.750
0.250
0.750
0.250
0.000
0.750
0.250
0.125
0.500
1.625
1.250
1.125
0.875
0.750
1.125
1.500
1.125
0.250
0.875
1.000
1.250
0.750
1.375
0.875
0.875
0.125
-0.250
0.125
0.000
0.500
0.750
1.375
1.250
1.500
1.375
1.500
1.500
1.500
0.875
1.125
1.875
1.375
1.125
2.000
1.500
0.875
1.000
0.750
0.625
0.250
0.125
1.625
2.000
1.375
1.250
1.125
1.500
2.000
1.375
1.125
1.125
1.500
1.500
1.375
1.500
0.375
1.125
1.125
0.875
0.500
0.375
1.375
1.250
1.125
1.625
1.375
1.875
1.500
1.750
1.375
1.500
1.125
1.125
0.875
0.625
1.375
1.000
0.750
0.750
0.500
0.500
0.500
0.625
0.125
1.125
1.625
1.375
1.375
1.250
1.625
1.500
2.000
1.375
1.375
1.625
1.625
1.625
1.250
0.625
0.375
0.250
0.500
0.625
0.125
0.375
0.750
1.125
1.250
1.625
1.500
1.500
1.375
1.000
1.125
1.625
0.875
1.000
1.375
1.875
1.000
0.625
0.625
1.000
0.750
-0.125
0.250
0.875
1.250
1.250
0.875
1.250
0.875
1.250
1.125
1.000
0.750
0.625
1.125
0.750
1.125
1.000
0.375
0.500
1.000
0.125
0.250
0.500
-0.625
0.375
0.750
1.250
1.125
1.250
1.250
1.375
1.375
0.875
1.125
1.250
1.125
0.750
1.125
0.500
0.250
0.000
0.625
0.750
0.750
0.625
0.750
0.750
0.625
0.750
1.000
1.250
1.750
1.125
0.500
0.625
-0.125
0.500
0.500
0.750
1.250
0.250
0.375
-0.250
1.625
20.250
35.750
42.750
85.125
18.875
-26.250
-76.625
-107.375
-88.125
-92.375
-120.000
-145.250
-138.000
-104.000
-85.000
-79.125
-47.875
-29.250
-46.250
-68.250
-93.500
-124.250
-154.750
-158.250
-111.125
-135.250
-174.000
-209.625
-200.000
-162.625
-129.875
-122.500
-91.125
-78.375
-67.500
-39.125
-53.875
-69.000
-74.250
-92.125
-112.750
-77.000
-7.000
-35.125
339.250
349.875
197.625
188.750
228.125
391.375
182.500
130.375
89.500
111.625
147.500
190.125
185.625
194.750
229.000
193.750
221.750
234.625
262.000
255.250
230.500
257.625
264.750
195.750
182.750
142.750
135.625
206.625
249.250
229.500
285.750
311.250
247.875
427.125
2.625
-8.000
0.500
0.875
-0.375
0.750
1.125
1.875
1.375
1.875
1.500
1.250
1.875
1.250
1.500
1.125
0.750
1.250
1.625
1.375
1.000
0.250
0.000
0.375
-0.375
-0.750
0.125
0.625
1.125
1.000
1.125
0.875
0.500
1.125
1.125
0.500
1.625
0.625
0.750
1.250
2.250
0.375
-0.125
0.500
0.875
0.125
0.250
0.500
1.250
1.625
0.625
1.000
1.250
0.750
1.250
1.500
1.375
1.500
1.500
1.125
1.250
1.875
0.750
0.125
0.500
0.375
0.500
0.625
0.875
1.125
1.125
1.875
1.750
1.125
1.125
1.125
1.500
1.250
1.250
1.375
1.125
1.250
1.250
0.625
0.625
0.875
0.125
0.375
0.625
0.250
0.500
0.750
0.875
1.000
0.500
0.750
1.500
1.250
1.375
0.875
0.875
1.125
0.875
0.625
0.625
0.375
-0.750
-0.125
0.500
0.375
-0.375
-0.375
0.250
0.750
0.375
0.875
0.875
-0.125
0.750
0.500
0.625
1.125
1.125
1.000
1.000
0.500
0.125
0.000
0.500
-0.500
-0.625
-0.500
-0.375
0.125
0.250
0.500
0.000
0.250
0.125
-0.250
0.625
0.250
0.625
0.875
0.625
0.250
0.625
0.750
-0.250
-1.000
-0.375
-0.500
-0.125
0.000
0.250
0.625
0.250
0.125
0.125
-0.625
0.875
0.125
0.000
0.625
0.375
0.625
0.750
0.000
-0.375
-0.375
-1.500
-0.625
-1.000
-0.875
-1.000
-1.000
0.250
0.125
0.375
0.625
0.625
0.500
0.500
0.750
0.625
0.375
0.375
0.375
0.750
0.875
0.125
-0.625
-0.875
-0.625
0.125
-1.250
0.000
0.125
0.875
0.875
0.750
1.125
0.750
1.125
1.125
0.250
1.000
1.000
1.000
1.000
1.125
1.250
-0.125
-0.125
0.250
0.125
-0.625
-0.250
0.000
0.500
0.750
0.500
0.750
0.750
1.000
0.875
0.625
0.750
1.125
0.625
0.750
0.500
0.375
0.625
-0.250
0.250
0.125
-0.250
-0.125
0.250
0.875
0.625
1.000
0.375
1.000
1.375
1.375
1.375
1.375
0.875
0.500
1.375
0.875
1.250
0.875
-0.875
-0.125
0.750
0.500
0.500
0.250
0.375
0.875
0.750
1.000
1.125
1.500
1.250
0.875
0.875
1.250
1.250
0.625
0.625
1.000
0.625
-0.875
0.250
0.000
-0.125
0.625
0.250
0.375
1.375
2.250
1.250
1.375
1.250
1.125
0.875
1.125
0.750
1.500
1.625
1.500
1.250
1.375
0.625
0.750
-0.250
0.375
-0.125
0.250
-0.375
1.000
1.500
1.375
1.125
1.250
0.875
0.750
0.875
0.250
0.750
1.250
0.750
1.000
0.875
0.375
0.250
0.125
-0.250
-0.375
0.125
0.250
0.625
0.750
0.875
1.125
0.750
1.000
1.500
1.250
1.250
0.625
0.875
1.000
0.875
1.125
0.500
0.000
0.250
0.375
0.625
0.250
-0.375
0.250
0.875
1.000
0.750
1.000
1.000
1.000
1.500
1.250
1.125
0.875
0.750
1.250
0.750
0.500
0.250
0.000
-0.500
-0.375
-0.250
-0.250
0.000
0.500
0.750
0.750
1.125
0.625
0.625
0.875
0.875
0.500
0.875
1.125
0.875
0.500
1.000
0.125
0.375
0.500
-0.375
0.250
0.125
0.000
0.750
1.000
0.875
1.500
0.875
0.750
1.000
1.000
0.750
0.750
0.625
0.625
0.500
1.125
0.250
-0.375
-0.250
0.125
0.000
-0.125
-0.500
0.375
0.625
1.000
0.375
1.250
0.750
1.000
1.500
0.125
0.625
0.375
0.125
0.375
0.125
0.375
-0.125
-1.000
-0.750
0.000
-0.375
-0.375
0.000
0.750
0.750
0.875
0.500
0.875
0.750
0.750
0.625
0.375
0.125
0.625
0.750
0.875
0.250
-0.125
-0.500
-0.125
0.125
0.125
0.125
0.250
1.000
1.125
1.125
1.375
0.625
0.500
1.000
1.250
0.375
0.875
0.875
1.250
1.250
1.125
0.125
0.000
0.000
-0.500
-0.125
0.250
-0.375
0.250
1.125
0.250
1.000
1.000
0.875
0.625
1.000
0.500
0.875
0.750
0.625
0.500
0.875
0.500
0.375
-0.125
-0.500
0.125
-0.875
-1.000
-0.250
1.125
0.125
0.250
1.125
0.500
1.375
-17.000
53.250
-85.000
-274.375
-372.250
-328.125
-330.625
-263.500
-295.625
-370.625
-351.500
-298.875
-235.625
-72.875
9.250
1.000
0.750
0.750
0.875
0.125
1.250
0.625
-6.250
-75.125
150.125
174.625
149.000
169.375
107.000
136.000
113.125
109.500
168.375
152.625
112.125
124.500
100.375
67.250
43.250
40.750
59.375
61.500
33.875
40.875
-15.375
17.125
53.375
4.250
8.250
11.500
46.625
23.125
76.375
56.375
140.250
131.500
24.125
89.500
113.125
102.875
58.125
115.500
115.375
67.000
45.875
104.250
90.250
69.375
52.125
25.125
9.375
33.625
67.375
83.375
0.625
0.500
-0.125
-1.125
-0.250
-1.000
-0.250
0.375
0.750
0.250
1.250
0.625
0.625
0.375
0.500
0.375
0.625
0.750
1.500
0.625
0.250
0.625
-0.250
-0.250
-0.500
0.125
-0.500
-0.375
0.000
0.250
0.625
0.500
0.875
0.500
0.000
0.875
1.000
0.625
0.875
0.375
0.625
0.375
-0.250
0.125
-0.500
-0.625
-0.250
-0.375
0.125
-0.250
0.125
0.750
0.750
0.125
0.875
1.000
0.250
0.500
0.750
0.875
0.875
0.625
0.625
0.875
0.250
-0.375
-0.625
-0.500
-0.375
-0.125
-1.000
0.250
0.500
0.875
0.375
0.500
0.875
0.250
0.250
0.375
0.250
0.000
-0.375
0.125
0.500
0.375
-0.250
-0.250
0.000
-0.750
-0.250
-0.125
-0.250
1.000
0.125
0.375
0.125
0.250
0.500
0.500
1.000
1.125
0.250
-0.250
0.625
0.500
0.375
-0.750
-0.875
-0.875
-0.875
-0.250
-1.125
-0.375
0.125
0.375
0.500
0.125
0.250
-0.250
0.375
-0.250
0.125
-0.125
0.125
-0.250
0.125
-0.625
-0.375
-0.500
0.125
-0.750
-0.500
-0.500
-1.125
-0.250
0.000
0.250
-0.125
0.625
0.000
0.625
-0.125
-0.250
0.125
-0.125
0.500
0.500
0.500
-0.125
-0.250
-0.875
-0.375
-0.750
-0.750
-0.500
-0.375
0.000
-0.125
0.000
0.625
0.500
0.500
0.500
0.250
0.000
0.000
0.500
0.250
-0.250
-0.125
-0.625
-0.250
-0.625
-0.875
-0.750
-0.375
-1.125
-0.375
0.000
0.750
0.500
-0.125
0.250
0.375
0.125
0.250
0.375
0.375
0.250
0.375
0.375
-0.125
-0.375
-0.375
-0.375
0.000
-0.750
-0.375
0.000
0.875
0.375
0.750
0.000
0.250
-0.125
0.125
0.125
0.375
0.500
0.500
0.125
-0.250
-0.500
-0.875
-0.125
-1.125
-0.625
-0.500
-0.625
0.125
0.250
0.750
0.625
1.000
0.875
0.125
0.750
-0.125
0.500
0.125
0.250
0.250
0.375
-0.125
-0.125
-1.125
-0.125
-0.375
-0.625
-0.375
-0.500
0.125
-0.125
0.500
0.125
0.125
0.750
0.375
0.625
0.125
0.250
0.125
0.250
0.500
0.125
0.125
-0.500
-0.625
-0.875
-0.750
-1.000
-0.250
-0.625
0.500
0.000
0.625
0.500
-0.125
-0.375
0.375
-0.625
-0.250
0.125
0.500
0.375
-0.250
0.250
-0.250
-0.375
0.000
-0.875
-0.375
-1.000
-0.625
0.000
0.500
0.750
0.125
0.375
0.500
0.500
0.500
0.375
0.125
-0.500
-0.250
-0.125
0.125
-0.375
-0.875
-0.500
-0.625
-1.000
-0.500
-0.250
-0.625
0.625
0.500
0.500
-0.125
-0.125
0.250
0.125
0.000
0.250
0.250
-0.250
0.250
0.000
0.375
-0.375
-1.500
-0.875
-1.000
-1.125
-0.750
-0.375
-0.250
-0.500
-0.750
0.000
-0.375
-0.750
0.125
-0.125
-0.500
0.125
-0.625
-0.500
0.250
-0.375
-1.125
-1.000
-1.375
-0.750
-0.875
-0.750
-1.000
-0.250
0.000
-0.500
0.750
0.000
0.000
0.125
0.000
-0.250
0.125
-0.250
0.125
0.000
0.125
-0.125
-0.375
-1.375
-1.125
-0.125
-0.625
-1.250
-0.500
-0.125
-0.125
-0.375
-0.250
-0.625
0.500
0.125
0.125
0.250
-0.500
-0.875
-0.375
-0.250
-0.875
-1.125
-1.625
-1.500
-1.750
-1.750
-1.500
-1.250
-0.625
0.125
-0.625
-0.375
-0.250
0.000
-0.125
-0.250
-0.375
-0.500
-0.250
0.250
-0.375
-0.500
-1.000
-1.125
-0.750
-0.875
-1.625
-0.625
-0.875
-0.500
0.000
0.125
0.000
0.250
0.375
0.250
0.500
-0.250
0.125
0.250
0.250
0.375
0.375
-0.125
-0.875
-0.500
-0.500
-0.750
-1.125
-0.750
-0.250
0.125
0.375
0.375
-0.375
0.250
0.500
0.000
-0.125
0.375
0.000
0.000
-0.375
-0.250
-0.250
-0.500
-0.875
-0.750
-0.875
-1.250
-0.500
-0.750
0.250
0.250
-0.250
-0.500
0.000
-0.250
0.125
-0.250
-0.125
0.125
0.125
-0.375
0.125
0.000
-0.750
-0.500
-0.875
-0.750
-1.000
-0.875
-1.250
0.000
-0.250
0.250
-0.375
0.000
0.000
-0.500
0.000
0.250
0.125
0.125
0.125
-0.375
0.125
-1.125
-1.500
-0.750
-1.375
-0.500
-1.125
-1.625
-1.000
-0.125
0.250
-0.125
-0.125
-0.250
0.000
-0.125
0.500
-0.250
-0.750
-1.125
-0.500
0.000
-0.625
-1.250
-1.875
-1.125
-0.750
-1.500
-1.375
-0.500
-0.375
0.250
-0.375
0.000
0.375
-0.750
-0.500
-0.375
-0.500
-0.375
-0.250
-0.625
-1.000
-1.125
-1.375
-1.875
-1.625
-1.750
-1.500
-1.125
-0.625
-1.000
-0.500
-1.250
-0.125
-1.000
0.000
-0.750
-0.750
-0.375
-1.125
0.000
0.250
0.125
-0.250
-1.375
-1.250
-1.875
-1.000
-1.125
-1.375
-1.625
-0.250
-0.375
-0.250
-0.625
0.375
0.250
-1.000
-0.250
-0.500
0.000
0.125
-0.125
-0.875
-0.875
-1.000
-1.125
-1.500
-1.000
-0.875
-1.000
-1.375
-0.875
-0.875
-0.250
0.125
-0.375
-0.625
-0.375
-0.375
-1.000
-1.000
-0.875
-0.875
-1.000
-0.875
-1.500
-1.875
-1.500
-1.625
-1.125
-1.500
-1.875
-0.375
-0.375
-0.750
-0.625
-0.625
-0.750
-0.500
-0.750
-0.625
-0.625
-0.875
-0.375
0.000
-0.875
-0.500
-1.875
-1.375
-1.000
-1.125
-0.750
-1.375
-0.875
-0.375
0.250
0.250
-0.625
-0.500
-0.625
-0.375
0.125
-0.500
-0.500
0.000
0.375
-0.625
-0.500
-0.500
-0.750
-0.875
-1.125
-1.500
-1.500
-0.625
-0.250
-0.375
-0.750
0.125
-0.500
0.125
0.000
-0.125
-0.500
-0.625
0.000
-0.125
-0.125
-0.500
-0.875
-0.625
-0.500
-0.375
-0.750
-0.750
-0.875
-0.625
-0.375
0.125
-0.750
0.000
-0.750
0.125
0.125
0.375
0.000
0.125
-0.500
-0.250
-0.750
-0.875
-1.500
-1.125
-0.875
-1.500
-1.625
-1.625
-1.000
-0.875
-0.250
-0.250
-1.250
-0.375
0.250
0.000
-0.375
0.375
-0.125
-0.625
0.125
-1.875
21.125
-4.250
-95.500
-185.625
-131.500
-90.000
-97.750
-128.500
-126.000
-122.250
-144.250
-167.500
-169.875
-175.875
-192.625
-197.625
-187.250
-171.125
-184.250
-202.500
-181.500
-155.500
-158.125
-161.875
-161.125
21.875
-0.750
-0.375
-0.750
-1.000
0.125
0.125
0.125
-0.625
-1.125
-1.000
-1.625
-1.500
-1.000
-1.875
-1.125
-1.000
-0.250
-0.625
-1.125
-0.750
-0.875
-1.375
-0.875
-1.375
-1.250
-0.750
-1.375
-1.250
-1.500
-1.500
-2.000
-2.000
-2.000
-2.000
-1.750
-1.625
-1.125
-0.625
-1.250
-1.125
-0.625
-0.875
-0.500
-0.250
-0.500
-0.500
0.125
-0.500
-0.375
-0.750
-0.875
-1.375
-1.625
-1.250
-1.250
-1.750
-0.875
-0.125
-0.375
-0.375
-0.500
-0.500
-0.250
-1.000
-0.625
-1.375
-0.875
-1.250
-0.500
-1.375
-1.125
-2.375
-1.750
-1.500
-1.875
-1.875
-2.000
-1.000
-1.250
-0.750
-1.125
-1.125
-1.000
-1.250
-0.750
-0.375
-1.125
-0.750
-1.000
-0.500
-1.000
-1.000
-1.625
-1.875
-1.625
-2.125
-2.125
-1.375
-1.250
-0.500
-0.500
-0.875
-0.500
-1.000
-0.625
-0.875
-0.250
-0.625
-0.625
-1.000
-1.250
-1.000
-2.000
-1.375
-1.625
-0.875
-1.375
-2.125
-1.500
-1.250
-1.250
-0.750
-0.500
-0.500
-0.625
-0.625
-0.500
-0.375
-0.500
-1.000
-1.125
-0.625
-0.875
-1.500
-2.125
-1.875
-2.000
-1.875
-1.875
-1.750
-1.250
-1.000
-0.875
-0.625
-0.875
-1.375
-1.000
-0.875
-1.250
-0.875
-1.000
-0.875
-1.625
-1.000
-1.750
-1.750
-1.375
-2.500
-2.125
-2.375
-1.875
-1.375
-0.375
-1.375
-1.125
-1.250
-0.625
-0.625
-1.250
-0.500
-1.500
-1.250
-1.250
-0.750
-0.625
-1.750
-2.125
-2.000
-1.875
-2.000
-2.250
-1.875
-2.000
-1.500
-1.625
-1.125
-1.625
-0.875
-0.875
-1.125
-1.500
-1.750
-1.125
-1.875
-1.250
-1.750
-2.500
-2.750
-1.875
-2.625
-2.625
-2.250
-2.875
-2.375
-1.750
-2.000
-2.250
-2.250
-2.125
-1.750
-1.750
-2.000
-1.875
-2.000
-1.875
-1.250
-1.375
-1.875
-2.625
-2.125
-2.625
-2.875
-2.875
-2.375
-1.500
-1.750
-1.250
-1.375
-1.625
-2.000
-0.750
-1.250
-1.750
-1.000
-1.750
-1.375
-1.000
-1.625
-2.250
-2.875
-2.500
-3.125
-2.750
-2.375
-2.125
-1.375
-1.125
-1.875
-1.750
-2.000
-1.750
-1.125
-1.000
-1.500
-2.250
-2.125
-1.375
-1.500
-1.750
-2.250
-2.125
-2.375
-2.500
-2.375
-2.375
-2.250
-1.125
-1.250
-1.625
-1.500
-1.500
-1.500
-1.750
-1.875
-1.875
-1.750
-1.250
-1.625
-1.375
-2.125
-2.625
-3.375
-2.875
-2.500
-2.250
-2.375
-2.375
-1.500
-2.000
-1.750
-1.250
-2.000
-1.625
-1.750
-1.875
-1.750
-1.750
-2.000
-1.875
-1.875
-2.500
-2.250
-2.375
-2.125
-2.875
-2.250
-2.875
-2.375
-2.625
-1.875
-2.125
-1.750
-2.000
-1.875
-2.000
-1.750
-2.125
-2.000
-2.250
-2.250
-1.625
-2.625
-2.625
-3.250
-2.750
-2.625
-2.500
-2.500
-1.875
-1.375
-1.000
-1.125
-2.125
-1.875
-1.875
-1.125
-2.125
-1.125
-1.500
-2.125
-1.875
