-44.000
-32.000
-32.000
-28.000
-32.000
-28.000
-32.000
-28.000
-32.000
-32.000
-32.000
-28.000
-28.000
-32.000
-32.000
-28.000
-28.000
-32.000
-32.000
-44.000
-44.000
-44.000
-32.000
-32.000
-32.000
-32.000
-32.000
-32.000
-32.000
-32.000
-28.000
-28.000
-32.000
-32.000
-32.000
-32.000
-60.000
228.000
208.000
80.000
64.000
-48.000
-48.000
-32.000
-48.000
-1484.000
-1292.000
-1072.000
-992.000
-752.000
-476.000
-32.000
-28.000
-28.000
20.000
-464.000
-336.000
-48.000
-32.000
4.000
496.000
256.000
148.000
352.000
340.000
420.000
260.000
448.000
272.000
196.000
-32.000
-28.000
-1504.000
-1456.000
-32.000
-28.000
-28.000
-28.000
-28.000
-28.000
-28.000
-44.000
-44.000
-32.000
-32.000
-32.000
-28.000
-28.000
-32.000
-32.000
-28.000
-32.000
-28.000
-32.000
-28.000
-28.000
-28.000
-28.000
-28.000
-28.000
