-3.720
-5.134
-6.477
-7.553
-8.776
-9.737
-10.850
-11.708
-12.722
-13.686
-14.602
-15.272
-15.908
-16.713
-17.477
-18.003
-18.503
-19.178
-19.819
-21.028
-22.177
-23.268
-23.704
-24.119
-24.513
-24.887
-25.243
-25.581
-25.902
-26.207
-26.296
-26.382
-26.663
-26.929
-27.183
-27.424
-29.053
-16.200
-4.990
-0.740
2.497
-0.028
-2.427
-3.905
-6.110
-80.005
-140.604
-187.174
-227.415
-253.645
-264.762
-253.124
-241.868
-231.175
-218.616
-230.885
-236.141
-226.734
-216.997
-205.947
-170.850
-149.507
-134.632
-110.300
-87.785
-62.396
-46.276
-21.562
-6.884
3.260
1.497
0.022
-75.179
-144.220
-138.609
-133.079
-127.825
-122.833
-118.092
-113.587
-109.308
-106.042
-102.940
-99.393
-96.024
-92.822
-89.581
-86.502
-83.777
-81.188
-78.529
-76.202
-73.792
-71.703
-69.517
-67.442
-65.469
-63.596
-61.816
-60.125
