1907.000
2225.500
2382.750
2463.375
2503.688
2521.844
2530.922
2535.461
2539.731
1267.865
633.933
316.966
158.483
77.242
36.621
16.310
8.155
2.078
-0.961
-2.481
-3.240
-1.620
-2.810
-1.405
-2.702
-1.351
-2.676
-3.338
-3.669
-1.834
-2.917
-3.459
-1.729
-2.865
-1.432
-2.716
-3.358
-3.679
-1.839
-2.920
-3.460
-1.730
-0.865
-0.432
-0.216
-0.108
-2.054
-3.027
-1.513
-2.757
-1.378
-0.689
-0.345
-2.172
-1.086
-0.543
-2.272
-3.136
-3.568
-3.784
-3.892
-1.946
-2.973
-3.486
-1.743
-2.872
-1.436
-2.718
-3.359
-1.679
-2.840
-1.420
-0.710
-2.355
-1.177
-0.589
-0.294
-2.147
-3.074
-1.537
-0.768
-2.384
-1.192
-2.596
-3.298
-1.649
-0.824
-0.412
-2.206
-3.103
-3.551
-1.776
-2.888
-1.444
-2.722
-1.361
-0.680
-2.340
-3.170
-3.585
-1.793
-2.896
-1.448
-2.724
-1.362
-0.681
-0.341
-2.170
-3.085
-1.543
-0.771
-0.386
-0.193
-2.096
-3.048
-1.524
-0.762
-2.381
-1.190
-2.595
-3.298
-1.649
-0.824
-2.412
-3.206
-3.603
-1.802
-2.901
-1.450
-0.725
-0.363
-2.181
-3.091
-3.545
-3.773
-1.886
-2.943
-1.472
-0.736
-2.368
-3.184
-3.592
-1.796
-2.898
-3.449
-1.724
-2.862
-1.431
-0.716
-0.358
-0.179
-0.089
-0.045
-2.022
-3.011
-3.506
-1.753
-0.876
-2.438
-3.219
-1.610
-2.805
-1.402
-0.701
-2.351
-1.175
-0.588
-2.294
-3.147
-3.573
-1.787
-2.893
-3.447
-3.723
-3.862
-3.931
-3.965
-3.983
-3.991
-1.996
-2.998
-1.499
-2.749
-3.375
-3.687
-1.844
-0.922
-0.461
-2.230
-3.115
-1.558
-0.779
-2.389
-1.195
-0.597
-2.299
-3.149
-1.575
-0.787
-2.394
-3.197
-3.598
-1.799
-2.900
-3.450
-3.725
-3.862
-1.931
-0.966
-2.483
-3.241
-1.621
-0.810
-0.405
-0.203
-2.101
-3.051
-1.525
-0.763
-0.381
-2.191
-1.095
-2.548
-3.274
-3.637
-3.818
-1.909
-2.955
-1.477
-0.739
-0.369
-0.185
-0.092
-2.046
-1.023
-2.512
-3.256
-3.628
-3.814
-1.907
-0.953
-2.477
-3.238
-1.619
-2.810
-1.405
-2.702
-1.351
-2.676
-1.338
-2.669
-1.334
-0.667
-2.334
-3.167
-1.583
-2.792
-3.396
-1.698
-2.849
-1.424
-2.712
-3.356
-1.678
-0.839
-0.420
-0.210
-2.105
-3.052
-3.526
-3.763
-1.882
-2.941
-1.470
-2.735
-3.368
-1.684
-2.842
-3.421
-1.710
-2.855
-3.428
-1.714
-0.857
-2.428
-1.214
-2.607
-3.304
-3.652
-1.826
-2.913
-1.456
-2.728
-3.364
-3.682
-1.841
-0.921
-2.460
-3.230
-3.615
-3.807
-3.904
-1.952
-0.976
-2.488
-3.244
-3.622
-1.811
-0.905
-2.453
-3.226
-3.613
-3.807
-3.903
-1.952
-2.976
-3.488
-3.744
-3.872
-3.936
-3.968
-1.984
-0.992
-2.496
-3.248
-1.624
-0.812
-2.406
-3.203
-3.601
-3.801
-1.900
-0.950
-2.475
-1.238
-0.619
-2.309
-1.155
-2.577
-3.289
-3.644
-3.822
-1.911
-0.956
-0.478
-2.239
-1.119
-2.560
-3.280
-3.640
-1.820
-0.910
-2.455
-1.227
-0.614
-0.307
-0.153
-2.077
-1.038
-0.519
-0.260
-0.130
-0.065
-0.032
-0.016
-0.008
-2.004
-3.002
-3.501
-1.750
-0.875
-2.438
-1.219
-2.609
-3.305
-3.652
-1.826
-0.913
-2.457
-1.228
-0.614
-2.307
-1.154
-2.577
-3.288
-3.644
-1.822
-2.911
-3.455
-3.728
-3.864
-1.932
-2.966
-3.483
-3.741
-3.871
-3.935
-3.968
-1.984
-0.992
-0.496
-0.248
-0.124
-0.062
-2.031
-1.015
-0.508
-0.254
-0.127
-2.063
-1.032
-0.516
-2.258
-1.129
-2.564
-3.282
-3.641
-3.821
-1.910
-0.955
-2.478
-1.239
-2.619
-1.310
-0.655
-2.327
-3.164
-3.582
-1.791
-0.895
-0.448
-2.224
-3.112
-3.556
-1.778
-0.889
-0.444
-2.222
-1.111
-0.556
-2.278
-3.139
-3.569
-1.785
-0.892
-0.446
-2.223
-1.112
-2.556
-1.278
-2.639
-1.319
-0.660
-2.330
-3.165
-3.582
-1.791
-0.896
-2.448
-1.224
-0.612
-0.306
-0.153
-0.076
-2.038
-1.019
-2.510
-1.255
-2.627
-3.314
-3.657
-1.828
-0.914
-0.457
-0.229
-0.114
-0.057
-0.029
-0.014
-2.007
-1.004
-0.502
-2.251
-1.125
-2.563
-1.281
-2.641
-1.320
-0.660
-2.330
-1.165
-0.583
-2.291
-1.146
-0.573
-0.286
-0.143
-2.072
-3.036
-1.518
-2.759
-1.379
-0.690
-0.345
-2.172
-3.086
-3.543
-1.772
-2.886
-3.443
-3.721
-3.861
-3.930
-1.965
-2.983
-3.491
-3.746
-1.873
-0.936
-0.468
-2.234
-1.117
-0.559
-0.279
-0.140
-2.070
-1.035
-0.517
-0.259
-0.129
-2.065
-3.032
-3.516
-3.758
-3.879
-1.939
-0.970
-2.485
-1.242
-0.621
-0.311
-0.155
-0.078
-2.039
-3.019
-1.510
-0.755
-2.377
-1.189
-2.594
-3.297
-3.649
-3.824
-1.912
-2.956
-3.478
-3.739
-1.869
-0.935
-2.467
-1.234
-2.617
-3.308
-1.654
-0.827
-0.414
-0.207
-0.103
-2.052
-3.026
-3.513
-3.756
-1.878
-0.939
-2.470
-3.235
-1.617
-2.809
-1.404
-0.702
-0.351
-0.176
-0.088
-2.044
-3.022
-1.511
-0.755
-0.378
-0.189
-0.094
-2.047
-1.024
-2.512
-3.256
-1.628
-0.814
-0.407
-0.203
-0.102
-2.051
-1.025
-0.513
-2.256
-1.128
-2.564
-1.282
-0.641
-0.321
-2.160
-1.080
-0.540
-0.270
-0.135
-2.067
-1.034
-0.517
-0.258
-0.129
-0.065
-2.032
-1.016
-2.508
-3.254
-1.627
-2.813
-3.407
-3.703
-3.852
-1.926
-2.963
-1.481
-2.741
-3.370
-1.685
-2.843
-1.421
-2.711
-3.355
-1.678
-0.839
-2.419
-1.210
-0.605
-0.302
-0.151
-2.076
-3.038
-3.519
-3.759
-3.880
-3.940
-1.970
-0.985
-0.492
-0.246
-0.123
-2.062
-1.031
-2.515
-1.258
-0.629
-0.314
-2.157
-1.079
-0.539
-2.270
-1.135
-2.567
-3.284
-1.642
-0.821
-0.410
-2.205
-3.103
-1.551
-0.776
-0.388
-0.194
-2.097
-3.048
-1.524
-0.762
-2.381
-1.191
-2.595
-3.298
-3.649
-3.824
-1.912
-2.956
-3.478
-1.739
-2.869
-3.435
-3.717
-3.859
-1.929
-2.965
-3.482
-3.741
-1.871
-2.935
-3.468
-3.734
-1.867
-0.933
-2.467
-3.233
-1.617
-0.808
-0.404
-0.202
-0.101
-2.050
-1.025
-2.513
-3.256
-3.628
-1.814
-0.907
-0.454
-2.227
-3.113
-1.557
-2.778
-1.389
-0.695
-0.347
-2.174
-3.087
-3.543
-3.772
-3.886
-3.943
-1.971
-0.986
-2.493
-3.246
-3.623
-1.812
-2.906
-3.453
-3.726
-3.863
-1.932
-2.966
-1.483
-2.741
-1.371
-2.685
-1.343
-0.671
-0.336
-2.168
-3.084
-3.542
-3.771
-1.885
-2.943
-1.471
-2.736
-1.368
-2.684
-1.342
-2.671
-1.335
-0.668
-0.334
-2.167
-1.083
-2.542
-3.271
-1.635
-2.818
-1.409
-0.704
-0.352
-2.176
-3.088
-1.544
-0.772
-2.386
-1.193
-2.596
-1.298
-2.649
-3.325
-1.662
-2.831
-3.416
-3.708
-3.854
-1.927
-2.963
-1.482
-2.741
-3.370
-3.685
-1.843
-2.921
-1.461
-2.730
-3.365
-1.683
-2.841
-1.421
-0.710
-2.355
-1.178
-0.589
-0.294
-0.147
-0.074
-2.037
-3.018
-1.509
-0.755
-0.377
-0.189
-2.094
-3.047
-3.524
-3.762
-3.881
-3.940
-1.970
-0.985
-0.493
-2.246
-1.123
-0.562
-0.281
-2.140
-3.070
-1.535
-0.768
-0.384
-0.192
-0.096
-0.048
-2.024
-3.012
-1.506
-0.753
-2.376
-3.188
-1.594
-2.797
-1.399
-0.699
-0.350
-2.175
-1.087
-2.544
-3.272
-3.636
-3.818
-1.909
-2.954
-1.477
-2.739
-1.369
-2.685
-3.342
-1.671
-2.836
-3.418
-3.709
-1.854
-0.927
-2.464
-1.232
-2.616
-1.308
-0.654
-2.327
-1.163
-0.582
-0.291
-0.145
-2.073
-3.036
-3.518
-3.759
-1.880
-2.940
-3.470
-3.735
-1.867
-0.934
-2.467
-1.233
-2.617
-1.308
-2.654
-1.327
-2.664
-3.332
-1.666
-2.833
-3.416
-1.708
-2.854
-1.427
-0.714
-2.357
-1.178
-2.589
-1.295
-0.647
-2.324
-3.162
-1.581
-0.790
-0.395
-2.198
-3.099
-3.549
-1.775
-2.887
-1.444
-0.722
-0.361
-0.180
-0.090
-2.045
-1.023
-2.511
-3.256
-1.628
-2.814
-3.407
-3.703
-1.852
-0.926
-2.463
-1.231
-0.616
-2.308
-3.154
-1.577
-2.788
-1.394
-2.697
-3.349
-1.674
-2.837
-1.419
-0.709
-0.355
-2.177
-1.089
-0.544
-0.272
-0.136
-0.068
-2.034
-3.017
-1.508
-0.754
-2.377
-1.189
-2.594
-3.297
-1.649
-0.824
-0.412
-2.206
-3.103
-3.551
-1.776
-2.888
-1.444
-2.722
-1.361
-0.680
-0.340
-0.170
-2.085
-1.043
-2.521
-1.261
-2.630
-3.315
-3.658
-3.829
-1.914
-2.957
-1.479
-0.739
-0.370
-0.185
-0.092
-0.046
-0.023
-0.012
-0.006
-0.003
-0.001
-18.001
-27.000
-37.500
-20.750
-10.375
-5.188
-2.594
-3.297
-1.648
-8.824
-14.412
-15.206
-23.603
-21.802
-26.901
-31.450
-33.725
-32.863
-34.431
-33.216
-32.608
-34.304
-35.152
-33.576
-40.788
-38.394
-45.197
-48.599
-58.299
-55.150
-61.575
-64.787
-80.394
-98.197
-107.098
-111.549
-121.775
-118.887
-115.444
-113.722
-104.861
-100.430
-106.215
-109.108
-104.554
-94.277
-97.139
-104.569
-102.285
-115.142
-121.571
-116.786
-114.393
-113.196
-104.598
-94.299
-89.150
-86.575
-91.287
-85.644
-82.822
-83.411
-91.706
-93.853
-96.926
-112.463
-130.232
-123.116
-125.558
-128.779
-128.389
-120.195
-126.097
-129.049
-120.524
-116.262
-122.131
-119.066
-107.533
-111.766
-119.883
-131.942
-123.971
-117.985
-114.993
-115.496
-105.748
-108.874
-110.437
-105.219
-100.609
-108.305
-102.152
-101.076
-114.538
-121.269
-110.635
-95.317
-89.659
-86.829
-85.415
-92.707
-88.354
-86.177
-85.089
-82.544
-81.272
-82.636
-81.318
-82.659
-81.329
-74.665
-69.332
-74.666
-79.333
-41.667
-22.833
-13.417
-6.708
-5.354
-2.677
-1.339
-0.669
-0.335
-2.167
-1.084
-2.542
-3.271
-3.635
-3.818
-3.909
-3.954
-3.977
-3.989
-3.994
-1.997
-0.999
-0.499
-0.250
-0.125
-0.062
-2.031
-1.016
-0.508
-0.254
-2.127
-1.063
-0.532
-0.266
-0.133
-2.066
-3.033
-1.517
-2.758
-1.379
-0.690
-0.345
-2.172
-3.086
-3.543
-3.772
-3.886
-3.943
-3.971
-1.986
-0.993
-2.496
-1.248
-2.624
-3.312
-3.656
-1.828
-2.914
-3.457
-1.728
-2.864
-1.432
-2.716
-1.358
-0.679
-0.340
-0.170
-2.085
-1.042
-2.521
-1.261
-2.630
-1.315
-0.658
-0.329
-0.164
-2.082
-1.041
-2.521
-3.260
-1.630
-0.815
-0.408
-0.204
-0.102
-0.051
-2.025
-1.013
-2.506
-1.253
-2.627
-1.313
-2.657
-1.328
-0.664
-0.332
-0.166
-2.083
-1.041
-0.521
-2.260
-3.130
-3.565
-3.782
-1.891
-2.946
-3.473
-3.736
-3.868
-3.934
-1.967
-2.983
-1.492
-0.746
-0.373
-2.186
-1.093
-2.547
-1.273
-2.637
-1.318
-2.659
-1.330
-0.665
-0.332
-0.166
-0.083
-2.042
-1.021
-0.510
-0.255
-2.128
-1.064
-0.532
-0.266
-2.133
-3.066
-3.533
-1.767
-0.883
-0.442
-2.221
-3.110
-1.555
-0.778
-0.389
-2.194
-3.097
-3.549
-1.774
-0.887
-0.444
-0.222
-0.111
-2.055
-3.028
-3.514
-1.757
-0.878
-0.439
-2.220
-3.110
-3.555
-3.777
-3.889
-1.944
-0.972
-2.486
-1.243
-0.622
-2.311
-3.155
-3.578
-1.789
-0.894
-2.447
-1.224
-0.612
-2.306
-1.153
-0.576
-0.288
-0.144
-0.072
-2.036
-1.018
-0.509
-0.255
-2.127
-3.064
-3.532
-3.766
-3.883
-3.941
-3.971
-3.985
-3.993
-3.996
-3.998
-3.999
-2.000
-3.000
-1.500
-2.750
-1.375
-2.687
-1.344
-2.672
-3.336
-3.668
-1.834
-2.917
-3.458
-1.729
-2.865
-1.432
-2.716
-3.358
-1.679
-0.840
-2.420
-3.210
-1.605
-0.802
-0.401
-2.201
-1.100
-0.550
-0.275
-0.138
-0.069
-0.034
-0.017
-2.009
-1.004
-2.502
-3.251
-1.626
-0.813
-0.406
-2.203
-3.102
-1.551
-2.775
-3.388
-3.694
-1.847
-2.923
-3.462
-1.731
-0.865
-2.433
-1.216
-0.608
-0.304
-2.152
-1.076
-2.538
-3.269
-3.634
-3.817
-1.909
-2.954
-3.477
-3.739
-1.869
-2.935
-1.467
-2.734
-1.367
-2.683
-1.342
-0.671
-2.335
-1.168
-0.584
-2.292
-1.146
-2.573
-3.286
-1.643
-0.822
-2.411
-1.205
-0.603
-2.301
-1.151
-0.575
-2.288
-1.144
-0.572
-0.286
-0.143
-0.071
-0.036
-2.018
-3.009
-1.504
-2.752
-3.376
-1.688
-2.844
-3.422
-1.711
-2.855
-3.428
-1.714
-0.857
-2.428
-1.214
-2.607
-3.304
-3.652
-1.826
-2.913
-3.456
-1.728
-0.864
-0.432
-0.216
-0.108
-2.054
-1.027
-2.513
-3.257
-1.628
-0.814
-0.407
-0.204
-2.102
-3.051
-3.525
-3.763
-1.881
-0.941
-2.470
-3.235
-1.618
-2.809
-1.404
-0.702
-0.351
-0.176
-0.088
-2.044
-1.022
-0.511
-0.255
-2.128
-1.064
-0.532
-0.266
-2.133
-1.066
-2.533
-1.267
-2.633
-3.317
-3.658
-1.829
-2.915
-1.457
-2.729
-3.364
-1.682
-2.841
-1.421
-2.710
-3.355
-1.678
-2.839
-3.419
-3.710
-1.855
-0.927
-2.464
-3.232
-3.616
-1.808
-0.904
-0.452
-0.226
-2.113
-3.056
-3.528
-3.764
-3.882
-3.941
-3.970
-3.985
-3.993
-3.996
-3.998
-1.999
-3.000
-1.500
-0.750
-0.375
-2.187
-3.094
-1.547
-2.773
-1.387
-0.693
-2.347
-1.173
-2.587
-1.293
-0.647
-2.323
-1.162
-0.581
-2.290
-3.145
-3.573
-1.786
-2.893
-3.447
-3.723
-1.862
-2.931
-3.465
-3.733
-3.866
-1.933
-0.967
-2.483
-3.242
-3.621
-3.810
-1.905
-2.953
-3.476
-1.738
-0.869
-2.435
-3.217
-3.609
-3.804
-1.902
-2.951
-1.476
-2.738
-3.369
-3.684
-1.842
-2.921
-1.461
-2.730
-3.365
-1.683
-0.841
-0.421
-2.210
-3.105
-3.553
-3.776
-3.888
-1.944
-0.972
-0.486
-0.243
-0.122
-2.061
-1.030
-2.515
-1.258
-0.629
-2.314
-3.157
-3.579
-1.789
-0.895
-2.447
-1.224
-2.612
-3.306
-3.653
-1.826
-2.913
-3.457
-1.728
-0.864
-0.432
-0.216
-2.108
-1.054
-2.527
-3.263
-1.632
-2.816
-1.408
-2.704
-3.352
-3.676
-1.838
-2.919
-1.459
-0.730
-2.365
-3.182
-1.591
-2.796
-1.398
-2.699
-3.349
-3.675
-3.837
-1.919
-2.959
-1.480
-2.740
-1.370
-2.685
-3.342
-1.671
-0.836
-0.418
-0.209
-0.104
-0.052
-2.026
-1.013
-2.506
-1.253
-0.627
-0.313
-0.157
-2.078
-3.039
-1.520
-2.760
-1.380
-0.690
-0.345
-0.172
-0.086
-0.043
-0.022
-2.011
-1.005
-2.503
-3.251
-1.626
-2.813
-3.406
-3.703
-1.852
-0.926
-2.463
-3.231
-3.616
-1.808
-0.904
-0.452
-2.226
-3.113
-3.556
-1.778
-2.889
-3.445
-1.722
-2.861
-3.431
-1.715
-0.858
-0.429
-2.214
-3.107
-1.554
-2.777
-1.388
-0.694
-2.347
-3.174
-3.587
-1.793
-10.897
-23.448
-53.724
-90.862
-151.431
-203.716
-239.858
-289.929
-344.965
-388.482
-386.241
-193.121
-98.560
-49.280
-26.640
-13.320
-6.660
-5.330
219.335
637.667
846.834
933.417
800.708
398.354
197.177
96.589
46.294
21.147
8.574
2.287
-0.857
-2.428
-1.214
-0.607
-0.304
-2.152
-3.076
-3.538
-1.769
-2.884
-1.442
-0.721
-0.361
-2.180
-1.090
-2.545
-1.273
-2.636
-3.318
-1.659
-0.830
-2.415
-1.207
-2.604
-3.302
-3.651
-3.825
-3.913
-1.956
-0.978
-2.489
-1.245
-2.622
-3.311
-1.656
-0.828
-0.414
-0.207
-0.103
-0.052
-0.026
-0.013
-2.006
-1.003
-0.502
-0.251
-0.125
