43.560
40.356
40.036
43.604
43.961
40.396
43.640
43.964
40.397
7.640
4.364
4.036
0.404
0.040
3.604
0.360
0.036
3.604
0.360
0.036
3.604
0.360
3.636
3.964
0.396
0.040
3.604
0.360
3.636
0.364
3.636
3.964
0.396
3.640
3.964
0.396
3.640
0.364
0.036
3.604
0.360
3.636
0.364
0.036
0.004
0.000
3.600
0.360
0.036
0.004
3.600
0.360
3.636
3.964
3.996
0.400
3.640
0.364
0.036
0.004
3.600
3.960
0.396
3.640
0.364
0.036
0.004
0.000
0.000
0.000
0.000
0.000
3.600
3.960
3.996
0.400
3.640
3.964
0.396
3.640
3.964
3.996
4.000
4.000
4.000
4.000
0.400
0.040
0.004
0.000
3.600
0.360
3.636
3.964
0.396
0.040
0.004
0.000
3.600
0.360
0.036
3.604
0.360
0.036
3.604
0.360
3.636
0.364
0.036
0.004
3.600
0.360
3.636
3.964
3.996
4.000
0.400
3.640
3.964
3.996
4.000
0.400
3.640
3.964
3.996
0.400
0.040
3.604
0.360
0.036
0.004
3.600
0.360
3.636
0.364
0.036
3.604
0.360
0.036
0.004
3.600
0.360
0.036
3.604
0.360
3.636
3.964
3.996
4.000
4.000
4.000
0.400
3.640
3.964
0.396
0.040
0.004
3.600
3.960
0.396
0.040
3.604
3.960
3.996
4.000
0.400
3.640
3.964
3.996
0.400
0.040
0.004
3.600
0.360
3.636
3.964
3.996
0.400
3.640
0.364
0.036
3.604
3.960
3.996
4.000
4.000
0.400
0.040
0.004
0.000
3.600
0.360
3.636
3.964
3.996
0.400
3.640
0.364
3.636
3.964
3.996
4.000
0.400
3.640
3.964
0.396
0.040
0.004
3.600
3.960
0.396
0.040
0.004
3.600
3.960
3.996
0.400
3.640
3.964
0.396
3.640
3.964
0.396
3.640
0.364
0.036
0.004
0.000
0.000
3.600
3.960
0.396
0.040
3.604
0.360
0.036
0.004
3.600
0.360
0.036
3.604
3.960
3.996
4.000
0.400
0.040
-14.396
2.160
0.216
0.022
-10.798
-1.080
-10.908
-15.491
-1.549
3.445
-28.456
-28.046
-46.005
-15.401
-55.540
-19.954
-12.795
-44.480
-29.648
-31.765
-13.977
-26.598
-27.860
-27.986
-31.599
-28.360
-31.636
-17.564
-16.156
-26.816
-17.082
-12.508
13.149
-9.485
-44.149
-18.815
-27.082
-17.108
-16.111
-41.211
-14.921
-30.292
-31.829
-17.583
-30.558
-17.456
-16.146
-26.815
-27.882
-31.588
-46.359
-47.836
-33.584
-17.758
-30.576
-31.858
-3.186
-11.119
-26.312
-17.031
-16.103
-26.810
-17.081
-26.908
-27.891
-31.589
-46.359
-47.836
-15.584
-44.758
-18.876
-41.488
-32.949
-32.095
-17.610
-30.561
-13.856
-15.786
-15.979
-26.798
-31.480
-46.348
-4.635
-14.864
-12.286
-12.029
-55.203
-19.920
-27.192
-31.519
-46.352
-19.035
-12.704
-15.670
-30.367
-31.837
-42.784
-18.678
-30.668
-42.667
-18.667
-1.867
-25.387
-31.339
-31.934
-31.993
-3.199
-14.720
-30.272
-46.227
-58.623
-5.862
-29.386
-42.539
-47.454
-19.145
-16.315
-16.031
-12.403
-40.840
-18.484
-1.848
-28.985
-60.499
-45.650
-33.365
-14.137
2.186
0.219
-14.378
-30.238
-31.824
-17.582
-16.158
-41.216
-32.922
-28.492
-28.049
-28.005
-13.601
-12.160
-26.416
-13.442
-12.144
2.386
-14.161
-15.816
-30.382
0.562
-10.744
-11.874
-11.988
-29.999
-28.200
-13.620
-15.762
2.024
-24.998
-27.700
-31.570
-31.957
-42.796
-33.080
-17.708
-41.371
-14.937
-30.294
-28.229
-13.623
-26.562
-31.456
-13.946
-30.195
-31.820
-31.982
-28.398
-17.240
-41.324
-18.532
-16.253
-26.825
-13.483
-12.148
-26.415
-56.642
-30.864
-28.287
-31.629
-28.363
-31.636
-57.164
-16.516
-16.052
-16.005
-26.801
-31.480
-28.348
-17.235
-16.124
-30.412
-31.841
0.416
-28.758
-13.676
-44.568
-18.857
-16.286
-30.429
-31.843
-46.384
-33.438
-14.144
-30.214
-28.222
-28.022
-42.402
-15.040
-12.304
-30.030
-13.803
-12.180
-12.018
-15.602
-26.760
-31.476
-28.348
-46.035
-15.404
-26.740
-31.474
-31.947
-13.995
-12.200
-12.020
-26.402
-31.440
-28.344
-17.234
-12.524
-26.452
-42.245
-15.025
-15.902
-30.390
-42.639
-29.464
-17.346
-41.335
-29.334
-42.533
-29.453
-17.345
-1.735
-39.774
-0.377
-0.038
3.596
0.360
3.636
3.964
0.396
3.640
3.964
3.996
0.400
3.640
3.964
0.396
3.640
0.364
0.036
0.004
3.600
3.960
0.396
3.640
3.964
18.396
34.240
21.424
20.142
-8.786
2.721
3.872
29.187
64.119
10.012
33.401
17.740
30.574
31.857
46.386
22.639
2.264
3.826
14.783
19.478
34.348
32.235
17.623
16.162
16.016
5.202
0.520
3.652
-10.435
2.556
0.256
3.626
3.963
18.396
19.840
30.784
3.078
18.308
16.231
19.623
30.762
31.876
35.588
21.559
16.556
48.455
51.645
33.964
21.396
34.540
32.254
-7.575
46.042
47.804
47.980
33.598
35.760
-7.224
31.678
6.768
15.077
1.508
28.951
17.295
16.130
30.413
3.041
29.104
78.510
40.251
4.025
43.602
33.160
3.316
29.131
17.313
1.731
-28.627
29.537
-25.846
-2.585
17.742
1.774
28.977
35.298
50.330
8.633
-27.937
0.806
0.081
28.808
35.281
-7.272
17.273
48.527
8.453
0.845
43.284
7.928
18.793
30.679
6.668
4.267
18.427
19.843
5.584
4.158
18.416
5.442
14.944
48.294
-5.971
57.003
52.500
52.050
23.205
34.721
35.872
17.987
5.399
14.940
19.494
16.349
59.235
-8.477
-26.048
-17.005
1.899
18.190
16.219
19.622
45.162
36.916
36.092
-10.791
16.921
-27.108
15.289
48.329
62.433
35.043
21.504
5.750
0.575
28.857
35.286
35.929
46.793
8.279
-13.572
16.643
16.064
-12.794
45.520
22.552
31.055
21.105
-8.690
-0.869
3.513
29.151
17.315
5.331
4.133
14.813
5.081
32.908
32.091
35.609
21.561
5.756
32.976
-11.102
-26.310
26.169
-22.583
44.542
4.454
-13.955
-12.196
56.380
9.238
0.924
3.692
14.769
30.277
6.628
47.463
22.746
-22.925
-2.293
-14.629
2.137
43.414
22.341
49.034
-5.897
17.410
19.741
5.574
29.357
35.336
46.733
37.073
-7.093
42.491
22.249
-8.575
2.742
32.674
32.067
35.607
3.561
14.756
-38.125
-0.212
14.379
5.038
14.904
1.490
46.949
19.095
16.310
48.431
22.843
16.684
16.068
1.607
0.161
14.416
-27.358
-31.536
-13.954
-15.795
-15.980
-12.398
-15.640
-1.564
3.444
-10.456
13.354
1.335
0.134
14.413
5.041
4.104
0.410
18.041
19.804
-12.420
2.358
-10.564
-26.257
-31.426
-31.943
-13.994
-12.200
-15.620
-26.762
-2.676
-0.268
-43.227
-15.123
2.088
3.809
-10.419
-29.842
-17.384
-12.538
2.346
18.235
-8.977
-0.898
14.310
19.431
16.343
5.234
-28.277
-13.628
-1.363
-0.136
32.386
6.839
33.084
35.708
17.971
48.597
48.060
48.006
33.600
32.160
21.216
20.122
16.412
19.641
1.964
3.796
0.380
46.838
47.884
33.588
21.359
20.136
30.813
21.081
20.108
20.011
48.801
33.680
21.368
30.937
35.494
21.549
16.555
30.455
35.446
35.945
35.994
17.999
19.800
30.780
35.478
32.348
46.435
37.043
46.904
33.490
6.949
15.095
19.509
16.351
5.235
43.723
51.172
33.917
32.192
32.019
35.602
3.560
43.556
33.155
35.716
17.972
34.197
17.820
19.782
19.978
34.398
32.240
35.624
32.362
35.636
35.964
21.596
20.160
30.816
17.482
16.148
16.015
30.401
17.440
16.144
34.014
32.201
35.620
21.562
30.956
17.496
19.750
16.375
44.837
33.284
35.728
35.973
32.397
21.240
5.724
14.972
30.297
21.030
34.503
35.850
21.585
16.559
19.656
5.566
18.557
16.256
34.026
32.202
46.420
47.842
19.184
30.718
17.472
48.547
33.655
35.765
35.977
32.397
17.640
34.164
35.816
46.782
47.878
33.588
32.159
50.016
23.002
20.300
20.030
30.803
35.480
32.348
35.635
32.363
21.236
45.324
65.732
35.373
35.937
17.994
30.599
17.460
30.546
49.854
37.385
18.139
19.814
16.381
16.038
19.604
19.960
5.596
0.560
-10.744
27.725
17.173
34.117
46.612
22.661
5.866
32.987
17.699
30.570
3.057
29.106
31.710
35.571
17.957
30.596
21.060
20.106
45.210
33.321
46.532
37.053
32.505
21.250
30.925
17.493
44.949
22.495
34.650
21.465
16.547
19.655
19.965
19.997
45.200
33.320
32.132
35.613
35.961
7.196
4.320
4.032
4.003
0.400
3.640
3.964
3.996
0.400
3.640
0.364
0.036
3.604
3.960
0.396
3.640
0.364
0.036
0.004
3.600
3.960
0.396
0.040
3.604
3.960
3.996
4.000
4.000
4.000
4.000
0.400
3.640
0.364
3.636
3.964
0.396
3.640
0.364
3.636
0.364
3.636
0.364
3.636
0.364
3.636
3.964
0.396
0.040
3.604
0.360
3.636
0.364
3.636
0.364
0.036
0.004
0.000
3.600
3.960
0.396
3.640
3.964
0.396
3.640
0.364
3.636
0.364
0.036
3.604
0.360
0.036
0.004
3.600
3.960
3.996
0.400
3.640
3.964
3.996
0.400
0.040
3.604
3.960
0.396
0.040
0.004
0.000
0.000
3.600
0.360
0.036
0.004
3.600
0.360
3.636
3.964
3.996
4.000
4.000
4.000
4.000
0.400
0.040
0.004
3.600
0.360
3.636
3.964
3.996
4.000
4.000
0.400
3.640
3.964
0.396
0.040
3.604
3.960
3.996
4.000
4.000
0.400
3.640
0.364
0.036
0.004
0.000
3.600
3.960
3.996
4.000
4.000
4.000
0.400
0.040
3.604
0.360
0.036
0.004
0.000
3.600
0.360
0.036
3.604
0.360
0.036
3.604
3.960
0.396
0.040
0.004
3.600
0.360
3.636
0.364
0.036
0.004
0.000
3.600
0.360
3.636
3.964
0.396
0.040
0.004
0.000
3.600
3.960
3.996
0.400
3.640
0.364
3.636
0.364
3.636
0.364
3.636
0.364
0.036
3.604
3.960
0.396
0.040
0.004
3.600
0.360
3.636
3.964
3.996
4.000
4.000
0.400
3.640
0.364
3.636
0.364
0.036
0.004
3.600
0.360
0.036
3.604
0.360
3.636
0.364
0.036
3.604
3.960
0.396
3.640
0.364
0.036
0.004
0.000
3.600
0.360
3.636
0.364
0.036
0.004
0.000
0.000
3.600
3.960
0.396
0.040
0.004
3.600
0.360
0.036
3.604
3.960
3.996
0.400
3.640
0.364
3.636
3.964
0.396
0.040
3.604
3.960
0.396
0.040
0.004
0.000
3.600
0.360
0.036
0.004
3.600
0.360
3.636
3.964
0.396
3.640
3.964
0.396
3.640
3.964
0.396
3.640
0.364
3.636
0.364
3.636
0.364
3.636
3.964
3.996
0.400
3.640
0.364
3.636
3.964
0.396
0.040
0.004
0.000
3.600
3.960
3.996
4.000
0.400
0.040
3.604
3.960
3.996
0.400
0.040
3.604
0.360
3.636
0.364
0.036
3.604
0.360
3.636
0.364
0.036
0.004
0.000
3.600
0.360
0.036
0.004
3.600
0.360
0.036
3.604
0.360
0.036
0.004
3.600
3.960
0.396
0.040
0.004
3.600
3.960
3.996
4.000
4.000
0.400
0.040
3.604
3.960
0.396
3.640
0.364
0.036
0.004
0.000
3.600
0.360
3.636
3.964
0.396
0.040
0.004
3.600
3.960
0.396
3.640
0.364
3.636
0.364
0.036
0.004
0.000
0.000
0.000
0.000
3.600
3.960
0.396
0.040
0.004
3.600
3.960
3.996
4.000
0.400
3.640
0.364
3.636
3.964
0.396
3.640
0.364
3.636
0.364
0.036
0.004
3.600
3.960
3.996
0.400
0.040
3.604
0.360
3.636
0.364
3.636
0.364
3.636
0.364
0.036
3.604
0.360
3.636
0.364
0.036
0.004
0.000
3.600
0.360
3.636
0.364
0.036
0.004
3.600
0.360
0.036
0.004
0.000
0.000
3.600
0.360
3.636
0.364
3.636
3.964
0.396
3.640
0.364
0.036
0.004
3.600
3.960
3.996
4.000
0.400
3.640
0.364
0.036
0.004
3.600
0.360
0.036
3.604
3.960
3.996
4.000
0.400
0.040
0.004
0.000
3.600
3.960
3.996
4.000
4.000
4.000
4.000
0.400
3.640
3.964
3.996
0.400
3.640
0.364
3.636
0.364
0.036
3.604
3.960
3.996
4.000
0.400
3.640
3.964
3.996
0.400
3.640
3.964
3.996
4.000
4.000
0.400
0.040
0.004
0.000
3.600
3.960
3.996
4.000
4.000
4.000
0.400
0.040
0.004
0.000
3.600
0.360
3.636
0.364
3.636
3.964
3.996
4.000
0.400
0.040
0.004
0.000
0.000
3.600
3.960
3.996
4.000
4.000
4.000
4.000
0.400
3.640
0.364
3.636
3.964
3.996
4.000
4.000
4.000
4.000
0.400
0.040
0.004
0.000
0.000
0.000
0.000
0.000
3.600
3.960
3.996
4.000
4.000
0.400
0.040
3.604
0.360
3.636
3.964
0.396
0.040
0.004
0.000
3.600
0.360
0.036
0.004
0.000
0.000
3.600
3.960
0.396
0.040
3.604
0.360
0.036
0.004
0.000
3.600
0.360
3.636
3.964
3.996
0.400
0.040
0.004
3.600
3.960
0.396
0.040
0.004
0.000
0.000
3.600
3.960
0.396
3.640
0.364
3.636
0.364
3.636
3.964
0.396
3.640
3.964
0.396
0.040
0.004
3.600
0.360
3.636
3.964
0.396
3.640
0.364
0.036
0.004
0.000
0.000
0.000
0.000
0.000
3.600
0.360
3.636
0.364
0.036
3.604
0.360
0.036
0.004
0.000
3.600
0.360
3.636
3.964
3.996
0.400
3.640
0.364
3.636
0.364
0.036
0.004
3.600
0.360
0.036
0.004
0.000
0.000
3.600
3.960
0.396
3.640
3.964
3.996
0.400
0.040
3.604
3.960
0.396
0.040
0.004
3.600
0.360
3.636
0.364
3.636
0.364
0.036
0.004
0.000
0.000
0.000
0.000
3.600
3.960
3.996
4.000
0.400
0.040
3.604
0.360
3.636
0.364
0.036
0.004
0.000
0.000
3.600
0.360
0.036
0.004
3.600
0.360
0.036
0.004
0.000
0.000
0.000
3.600
0.360
0.036
0.004
0.000
3.600
0.360
0.036
0.004
3.600
3.960
0.396
0.040
0.004
3.600
0.360
3.636
0.364
0.036
0.004
0.000
0.000
3.600
3.960
3.996
0.400
3.640
3.964
3.996
4.000
0.400
0.040
3.604
3.960
0.396
3.640
0.364
3.636
3.964
0.396
0.040
0.004
0.000
0.000
0.000
0.000
0.000
0.000
3.600
0.360
0.036
3.604
3.960
0.396
0.040
3.604
3.960
3.996
0.400
3.640
0.364
0.036
0.004
3.600
3.960
3.996
0.400
0.040
3.604
3.960
3.996
0.400
0.040
3.604
0.360
0.036
0.004
0.000
3.600
0.360
3.636
3.964
0.396
0.040
0.004
3.600
3.960
3.996
4.000
0.400
0.040
3.604
3.960
3.996
4.000
0.400
0.040
0.004
3.600
3.960
3.996
0.400
3.640
0.364
3.636
0.364
3.636
0.364
3.636
3.964
3.996
0.400
0.040
3.604
0.360
3.636
0.364
0.036
0.004
3.600
0.360
3.636
0.364
3.636
0.364
0.036
3.604
3.960
3.996
4.000
0.400
0.040
0.004
0.000
3.600
0.360
3.636
0.364
3.636
3.964
3.996
4.000
0.400
0.040
3.604
0.360
3.636
3.964
3.996
0.400
3.640
0.364
0.036
3.604
3.960
3.996
0.400
0.040
0.004
0.000
3.600
0.360
3.636
3.964
0.396
3.640
0.364
0.036
0.004
3.600
0.360
3.636
0.364
0.036
0.004
3.600
0.360
0.036
0.004
0.000
0.000
3.600
3.960
3.996
4.000
0.400
3.640
3.964
3.996
0.400
0.040
3.604
0.360
0.036
0.004
0.000
3.600
3.960
3.996
0.400
0.040
3.604
3.960
0.396
0.040
0.004
0.000
0.000
3.600
0.360
0.036
0.004
3.600
3.960
3.996
0.400
0.040
3.604
0.360
3.636
3.964
3.996
4.000
0.400
0.040
0.004
3.600
3.960
0.396
0.040
0.004
0.000
0.000
3.600
0.360
3.636
3.964
3.996
4.000
0.400
3.640
0.364
0.036
0.004
3.600
0.360
3.636
3.964
3.996
0.400
0.040
3.604
0.360
0.036
3.604
3.960
3.996
0.400
0.040
0.004
0.000
0.000
3.600
3.960
0.396
3.640
0.364
0.036
0.004
0.000
0.000
0.000
0.000
3.600
3.960
3.996
4.000
0.400
3.640
0.364
3.636
3.964
0.396
0.040
3.604
0.360
3.636
3.964
0.396
0.040
0.004
3.600
0.360
0.036
3.604
0.360
0.036
3.604
0.360
0.036
0.004
3.600
3.960
3.996
0.400
0.040
3.604
3.960
0.396
0.040
0.004
0.000
0.000
3.600
0.360
0.036
3.604
3.960
0.396
0.040
3.604
3.960
0.396
0.040
0.004
3.600
3.960
3.996
0.400
0.040
