24.866
24.881
24.849
24.822
24.825
24.868
24.822
24.894
24.849
55.546
55.517
55.546
55.518
55.476
55.546
55.532
55.503
55.491
55.532
55.546
55.518
55.457
55.476
55.532
55.518
55.576
55.491
55.535
55.489
55.473
55.489
55.546
55.503
55.476
55.535
55.517
55.503
55.500
55.518
55.535
55.532
55.518
55.532
55.518
55.532
55.503
55.489
55.459
55.489
55.476
55.489
55.489
55.476
55.476
55.500
55.476
55.448
55.489
55.505
55.489
55.477
55.459
55.476
55.457
55.491
55.546
55.491
55.491
55.518
55.476
55.476
55.491
55.503
55.503
55.476
55.500
55.518
55.476
55.462
55.476
55.518
55.503
55.518
55.546
55.445
55.476
55.491
55.491
55.489
55.476
55.489
55.500
55.491
55.416
55.430
55.489
55.503
55.503
55.476
55.489
55.503
55.476
55.491
55.489
55.503
55.476
55.448
55.462
55.459
55.489
55.535
55.476
55.489
55.476
55.448
55.473
55.500
55.476
55.476
55.430
55.476
55.491
55.430
55.448
55.459
55.491
55.476
55.459
55.489
55.489
55.448
55.473
55.489
55.457
55.431
55.491
55.476
55.476
55.489
55.476
55.489
55.445
55.430
55.473
55.462
55.531
55.473
55.430
55.489
55.503
55.517
55.476
55.503
55.489
55.500
55.503
55.473
55.500
55.476
55.489
55.518
55.476
55.517
55.500
55.518
55.491
55.489
55.489
55.518
55.546
55.546
55.544
55.489
55.546
55.532
55.535
55.517
55.459
55.473
55.489
55.500
55.500
55.518
55.518
55.517
55.532
55.489
55.489
55.503
55.489
55.503
55.503
55.518
55.560
55.489
55.518
55.503
55.532
55.457
55.473
55.546
55.489
55.503
55.544
55.517
55.535
55.503
55.532
55.500
55.546
55.532
55.531
55.560
55.544
55.535
55.532
55.500
55.560
55.532
55.590
55.563
55.532
55.560
55.546
55.544
55.590
55.605
55.590
55.531
55.605
55.631
55.605
55.605
55.604
55.604
55.619
55.604
55.622
55.619
55.604
55.619
55.646
55.646
55.650
55.677
55.677
55.646
55.631
55.663
55.619
55.660
55.650
55.677
55.619
55.645
55.663
55.674
55.622
55.619
55.663
55.665
55.706
55.691
55.692
55.720
55.747
55.733
55.706
55.752
55.761
55.779
55.837
55.851
55.823
55.851
55.851
55.851
55.866
55.865
55.910
55.938
55.938
55.894
55.851
55.894
55.921
55.907
55.907
55.953
55.952
55.952
55.921
55.935
55.965
55.997
55.938
55.894
55.952
55.938
55.939
55.981
55.952
55.981
55.938
55.952
55.965
56.008
55.981
55.994
55.953
55.965
55.952
55.994
55.938
56.008
55.938
55.979
55.962
55.997
56.022
55.997
56.008
56.008
55.979
55.965
55.994
56.007
55.965
55.994
55.953
55.979
55.981
56.008
56.025
55.965
56.008
55.981
56.040
56.008
55.965
56.008
56.025
56.025
56.040
56.025
56.054
56.040
56.052
56.008
56.008
55.965
56.040
56.008
56.008
56.040
56.008
56.025
56.025
55.981
55.994
55.994
55.994
56.022
56.052
55.994
56.040
56.022
56.008
56.011
55.994
55.965
56.040
56.008
55.994
56.022
56.052
56.052
55.979
55.994
56.022
56.054
56.039
56.054
56.025
56.022
56.008
56.007
55.994
56.040
56.052
55.994
56.039
56.052
56.052
56.066
56.066
56.066
56.040
56.039
56.063
56.039
56.066
56.109
56.052
56.052
56.080
56.049
56.007
56.066
56.081
56.049
56.081
56.052
56.081
55.993
56.066
56.049
56.049
56.063
56.066
56.063
56.063
56.022
55.993
56.039
56.094
56.039
56.049
55.994
56.136
56.049
56.049
56.080
56.081
56.081
56.081
56.039
56.007
56.049
56.020
56.036
56.080
56.048
56.039
56.039
56.020
56.049
56.007
56.007
55.993
56.036
56.007
56.004
56.081
56.004
55.993
55.993
56.007
55.976
55.994
55.979
56.007
55.949
55.976
56.007
56.004
55.993
55.993
56.020
55.976
55.976
55.990
55.962
55.990
55.993
55.994
56.020
55.961
56.020
55.976
55.994
56.004
55.976
55.933
56.007
55.993
55.933
55.958
55.949
55.976
55.949
55.958
55.961
55.949
55.949
55.903
55.961
55.933
55.961
55.961
55.933
55.920
55.961
55.903
55.930
55.949
55.903
55.888
55.917
55.888
55.906
55.917
55.917
55.933
55.875
55.958
55.933
55.917
55.906
55.875
55.903
55.933
55.906
55.993
55.961
55.947
55.975
55.975
56.002
56.020
56.004
55.947
55.930
55.976
55.990
56.002
56.004
56.004
55.976
56.017
56.020
55.976
56.034
56.077
56.107
56.091
56.063
56.017
56.048
56.063
56.062
56.091
56.048
56.034
56.048
56.077
55.990
56.031
56.034
56.002
56.045
56.017
55.990
56.002
56.077
56.048
56.063
56.034
56.002
56.036
56.048
56.063
56.077
56.062
56.017
56.089
56.002
56.036
56.045
56.077
56.077
56.048
56.048
56.077
56.020
56.045
56.089
56.062
56.089
56.077
56.104
56.121
56.077
56.107
56.135
56.136
56.135
56.123
56.194
56.194
56.150
56.176
56.149
56.164
56.164
56.150
56.167
56.191
56.149
56.177
56.219
56.208
56.235
56.177
56.210
56.191
56.208
56.208
56.219
56.251
56.264
56.222
56.210
56.208
56.235
56.235
56.264
56.235
56.237
56.222
56.222
56.264
56.222
56.208
56.219
56.235
56.219
56.264
56.205
56.222
56.235
56.235
56.295
56.237
56.260
56.278
56.251
56.254
56.219
56.292
56.278
56.324
56.295
56.251
56.350
56.322
56.278
56.295
56.278
56.235
56.278
56.264
56.251
56.295
56.278
56.235
56.235
56.235
56.251
56.295
56.278
56.263
56.263
56.263
56.263
56.295
56.278
56.306
56.210
56.235
56.235
56.263
56.292
56.263
56.263
56.251
56.278
56.235
56.263
56.191
56.219
56.235
56.219
56.219
56.251
56.235
56.235
56.235
56.251
56.219
56.191
56.235
56.208
56.235
56.263
56.235
56.251
56.190
56.176
56.251
56.219
56.194
56.190
56.164
56.191
56.219
56.191
56.208
56.149
56.205
56.219
56.176
56.118
56.190
56.191
56.149
56.191
56.190
56.191
56.194
56.176
56.176
56.162
56.205
56.118
56.162
56.164
56.191
56.132
56.164
56.176
56.132
56.191
56.145
56.149
56.132
56.149
56.104
56.149
56.176
56.132
56.118
56.135
56.132
56.164
56.089
56.149
56.118
56.164
56.176
56.145
56.135
56.089
56.118
56.150
56.145
56.118
56.104
56.103
56.104
56.132
56.132
56.149
56.103
56.135
56.118
56.164
56.167
56.118
56.135
56.118
56.149
56.176
56.149
56.176
56.176
56.135
56.132
56.149
56.219
56.222
56.177
56.208
56.176
56.191
56.145
56.149
56.176
56.145
56.208
56.191
56.164
56.132
56.118
56.176
56.208
56.177
56.177
56.167
56.176
56.149
56.164
56.191
56.135
56.118
56.118
56.177
56.176
56.164
56.150
56.145
56.191
56.149
56.149
56.149
56.191
56.208
56.235
56.210
56.237
56.210
56.278
56.263
56.235
56.309
56.263
56.264
56.278
56.295
56.309
56.281
56.295
56.309
56.324
56.351
56.322
56.368
56.324
56.338
56.309
56.322
56.281
56.309
56.370
56.322
56.368
56.309
56.251
56.351
56.295
56.341
56.297
56.322
56.341
56.370
56.355
56.383
56.355
56.309
56.351
56.324
56.327
56.281
56.281
56.351
56.324
56.281
56.297
56.309
56.309
56.351
56.309
56.309
56.264
56.295
56.324
56.263
56.254
56.264
56.297
56.309
56.310
56.396
56.396
56.351
56.368
56.351
56.425
56.411
56.396
56.428
56.441
56.516
56.483
56.438
56.528
56.515
56.498
56.470
56.557
56.542
56.544
56.557
56.561
56.571
56.561
56.557
56.528
56.561
56.530
56.557
56.570
56.539
56.561
56.571
56.557
56.588
56.603
56.588
56.634
56.588
56.588
56.658
56.631
56.631
56.643
56.643
56.672
56.643
56.676
56.675
56.647
56.675
56.615
56.615
56.644
56.634
56.615
56.615
56.615
56.658
56.588
56.631
56.615
56.658
56.644
56.615
56.644
56.675
56.644
56.675
56.721
56.675
56.675
56.675
56.702
56.689
56.676
56.686
56.718
56.689
56.676
56.689
56.689
56.661
56.702
56.721
56.731
56.702
56.721
56.748
56.748
56.721
56.721
56.731
56.791
56.748
56.731
56.791
56.750
56.763
56.794
56.763
56.748
56.791
56.794
56.748
56.748
56.718
56.718
56.721
56.721
56.690
56.748
56.702
56.704
56.689
56.658
56.675
56.643
56.617
56.661
56.617
56.561
56.617
56.571
56.588
56.561
56.562
56.617
56.561
56.547
56.457
56.470
56.503
56.544
56.487
56.470
56.474
56.460
56.503
56.457
56.441
56.397
56.414
56.441
56.397
56.387
56.414
56.397
56.397
56.441
56.397
56.355
56.341
56.370
56.355
56.327
56.329
56.370
56.341
56.327
56.310
56.327
56.355
56.355
56.327
56.370
56.281
56.345
56.210
56.281
56.281
56.310
56.329
56.297
56.269
56.223
56.281
56.255
56.255
56.223
56.240
56.223
56.255
56.210
56.210
56.181
56.210
56.181
56.150
56.150
56.167
56.135
56.121
56.091
56.123
56.135
56.091
56.036
56.080
56.080
56.109
56.123
56.063
56.080
56.034
56.080
56.066
56.081
56.063
56.036
56.022
56.080
56.020
56.007
56.020
56.080
56.094
56.036
56.080
56.081
56.036
56.048
56.063
56.063
56.036
56.081
56.107
56.036
56.080
56.007
56.034
56.048
56.049
56.020
56.049
56.063
56.020
56.077
56.049
56.036
56.063
56.020
56.094
56.094
56.091
56.063
56.049
56.036
56.123
56.066
56.063
56.091
56.080
56.007
56.066
56.107
56.091
56.109
56.080
56.080
56.063
56.091
56.080
56.094
56.081
56.094
56.036
56.107
56.095
56.066
56.066
56.063
56.040
56.063
56.094
56.081
56.066
56.126
56.063
56.107
56.094
56.066
56.048
56.094
56.094
56.022
56.063
56.039
56.094
56.066
56.063
56.066
56.066
56.036
56.063
56.052
56.109
56.036
56.107
56.066
56.094
56.094
56.049
56.084
56.066
56.049
56.094
56.022
56.066
56.036
56.063
56.007
56.008
56.020
56.022
56.022
56.049
56.049
56.022
56.039
56.039
55.994
55.994
56.049
56.049
56.007
55.994
56.039
56.022
56.022
56.039
56.007
56.022
56.039
55.993
56.022
56.022
56.066
55.994
56.007
56.007
55.979
56.039
55.965
56.007
55.994
56.022
56.036
55.979
56.007
56.007
55.979
55.976
56.049
56.007
56.063
55.993
55.979
55.949
55.993
55.994
55.994
55.976
55.994
55.962
55.994
55.976
55.976
56.036
55.994
56.007
56.007
55.994
56.049
56.039
55.962
56.020
55.962
55.952
56.008
56.007
55.979
55.979
55.965
55.979
55.979
55.965
55.965
55.962
55.994
55.935
56.022
55.933
56.039
56.049
56.022
56.022
55.976
55.979
56.007
55.976
55.979
56.007
56.007
55.979
55.994
55.976
56.022
55.962
55.962
55.979
55.994
55.994
55.965
56.039
56.040
56.020
56.007
55.993
55.979
55.962
55.965
55.979
56.008
56.007
55.962
55.994
56.008
55.952
55.935
55.994
56.020
56.022
55.952
55.994
56.008
55.993
55.979
55.979
55.976
55.962
55.965
55.994
56.063
56.008
56.007
55.979
55.952
55.994
55.962
55.994
55.994
55.979
55.962
55.952
55.962
56.020
55.979
56.007
55.979
55.965
55.994
55.935
55.949
55.965
55.952
55.962
55.935
55.935
55.952
55.949
55.920
55.952
55.935
55.917
55.949
55.994
55.976
55.952
55.935
55.920
55.962
55.935
55.976
55.933
55.889
55.962
55.935
55.952
55.907
55.962
55.935
55.952
55.878
55.952
55.907
55.952
55.920
55.907
55.865
55.906
55.894
55.920
55.920
55.935
55.921
55.907
55.938
55.920
55.935
55.907
55.906
55.920
55.878
55.921
55.935
55.894
55.894
55.892
55.892
55.921
55.892
55.921
55.880
55.892
55.907
55.906
55.878
55.865
55.892
55.920
55.892
55.892
55.846
55.851
55.865
55.920
55.889
55.816
55.834
55.833
55.848
55.834
55.907
55.848
55.862
55.848
55.878
55.880
55.834
55.906
55.878
55.907
55.920
55.848
55.906
55.834
55.878
55.892
55.906
55.889
55.862
55.848
55.848
55.848
55.862
55.865
55.862
55.875
55.907
55.820
55.848
55.846
55.892
55.848
55.862
55.834
55.846
55.865
55.819
55.820
55.834
55.848
55.819
55.880
55.880
55.820
55.848
55.837
55.834
55.862
55.878
55.837
55.834
55.834
55.805
55.834
55.820
55.848
55.805
55.791
55.805
55.834
55.846
55.878
55.848
55.862
55.848
55.862
55.862
55.834
55.862
55.865
55.862
55.878
55.862
55.837
55.862
55.862
55.892
55.848
55.865
55.889
55.906
55.848
55.848
55.921
55.865
55.880
55.848
55.865
55.906
55.865
55.906
55.892
55.894
55.935
55.892
55.920
55.906
55.938
55.935
55.920
55.935
55.906
55.935
55.965
55.952
56.008
56.007
55.976
56.022
55.994
55.962
55.962
56.022
56.008
55.994
55.976
55.994
56.008
56.022
55.994
56.040
56.049
56.039
55.994
56.036
56.049
55.979
56.022
55.979
56.039
56.039
56.039
56.022
55.994
56.020
56.052
56.022
55.994
56.020
56.022
56.007
56.049
56.063
56.049
56.008
56.007
55.994
56.049
56.022
56.039
55.993
56.022
56.039
56.022
55.994
56.022
56.008
56.036
56.007
56.049
56.049
56.022
56.022
56.039
56.020
56.025
56.022
56.022
56.049
56.066
56.049
56.081
56.049
56.039
56.049
56.022
56.081
56.066
55.994
56.040
56.039
55.993
56.007
56.022
56.022
56.081
56.039
56.039
56.040
56.052
56.039
56.066
56.022
56.049
56.022
56.008
56.039
55.994
56.022
56.066
56.068
56.022
56.049
56.068
56.039
55.994
56.040
56.052
56.049
56.022
56.084
56.095
56.039
56.039
56.066
56.081
56.052
56.052
56.052
56.039
56.081
56.068
56.022
56.039
56.039
56.039
56.007
56.081
56.081
56.022
56.080
56.068
56.022
56.068
56.049
56.123
56.020
56.040
56.036
56.066
56.049
56.094
56.066
56.068
56.052
56.039
56.022
56.022
56.022
56.081
56.039
56.052
56.080
56.039
56.008
56.049
56.039
55.994
56.109
56.039
56.066
56.022
56.049
56.052
56.081
56.052
56.081
56.039
56.039
56.039
56.081
56.066
56.081
56.095
56.040
56.039
56.039
56.039
56.052
56.084
56.040
56.039
56.095
56.025
56.039
56.022
56.084
56.025
56.040
56.081
56.039
56.025
56.039
56.084
56.022
56.068
56.049
56.066
56.066
56.095
56.066
56.039
56.008
56.052
56.022
56.039
56.052
56.022
56.066
56.052
56.066
56.039
56.068
56.084
56.081
56.066
56.039
56.039
56.040
56.052
56.066
56.052
56.066
56.066
56.066
56.066
56.080
56.022
56.095
56.052
56.022
56.052
56.039
56.052
56.084
56.066
55.979
56.052
56.095
56.112
56.039
56.040
56.039
56.095
56.052
56.049
56.022
56.049
56.052
56.039
56.052
56.054
56.052
56.081
56.022
56.040
56.052
56.066
56.039
56.112
56.039
56.052
56.052
56.039
56.039
56.049
55.994
56.007
56.008
56.049
56.084
56.022
56.066
56.025
56.022
56.039
56.052
56.066
55.994
56.039
56.040
56.008
56.039
56.008
56.040
56.039
56.052
55.994
56.008
56.007
55.994
56.008
56.008
55.994
55.981
56.040
55.965
56.008
56.052
56.022
56.008
56.022
55.994
56.049
56.022
56.039
55.994
55.994
56.025
56.022
56.022
55.979
55.994
55.994
55.962
55.979
55.976
55.979
55.979
55.979
55.976
55.962
55.952
55.952
55.952
55.952
55.907
55.979
55.979
55.921
55.962
56.007
55.965
55.906
55.935
55.979
55.994
55.952
55.949
55.933
55.979
55.979
55.952
56.007
55.952
55.965
55.962
55.976
55.994
55.994
55.994
55.935
55.961
55.962
55.979
55.962
55.949
55.933
56.007
55.930
56.007
55.962
55.962
55.994
55.993
55.976
55.920
55.949
55.961
55.935
55.949
55.949
55.933
55.889
55.906
55.949
55.920
55.933
55.917
55.917
55.906
55.962
55.949
55.947
55.949
55.961
55.917
55.947
55.947
55.920
55.961
55.903
55.933
55.947
55.958
55.976
55.933
55.920
55.949
55.961
55.993
55.961
55.949
55.947
55.949
55.961
55.952
55.933
55.976
55.920
55.962
55.917
55.976
55.965
55.933
55.930
55.917
55.949
55.961
55.949
55.976
55.906
55.949
55.962
55.906
55.961
55.990
56.004
55.930
55.933
55.976
55.949
55.961
55.976
55.976
55.961
55.917
55.933
55.976
55.903
55.949
55.920
56.004
55.949
55.975
55.933
55.947
55.903
55.993
55.958
55.930
55.906
56.004
55.947
55.947
55.915
55.958
55.915
55.961
55.944
55.915
55.930
55.875
55.915
55.915
