20.719
20.687
20.687
20.689
20.678
20.724
20.679
20.689
20.690
55.511
55.478
55.500
55.488
55.500
55.489
55.500
55.522
55.511
55.512
55.511
55.511
55.467
55.512
55.500
55.488
55.467
55.500
55.522
55.478
55.479
55.478
55.500
55.478
55.478
55.489
55.489
55.500
55.489
55.534
55.489
55.512
55.479
55.467
55.478
55.512
55.511
55.489
55.500
55.489
55.455
55.478
55.467
55.489
55.479
55.501
55.501
55.479
55.501
55.479
55.467
55.512
55.467
55.512
55.467
55.501
55.500
55.478
55.501
55.478
55.467
55.489
55.500
55.456
55.467
55.479
55.489
55.479
55.479
55.478
55.455
55.478
55.467
55.467
55.479
55.455
55.456
55.456
55.467
55.489
55.489
55.500
55.500
55.478
55.478
55.478
55.489
55.456
55.489
55.467
55.456
55.467
55.489
55.444
55.512
55.489
55.478
55.512
55.467
55.455
55.467
55.488
55.455
55.478
55.467
55.479
55.456
55.489
55.489
55.478
55.479
55.456
55.467
55.467
55.444
55.489
55.501
55.479
55.444
55.444
55.467
55.467
55.467
55.500
55.478
55.467
55.467
55.489
55.467
55.489
55.478
55.467
55.512
55.500
55.500
55.444
55.478
55.444
55.433
55.488
55.511
55.467
55.488
55.444
55.467
55.478
55.522
55.478
55.488
55.511
55.478
55.488
55.500
55.488
55.478
55.533
55.500
55.545
55.511
55.488
55.511
55.488
55.488
55.511
55.511
55.511
55.522
55.488
55.500
55.488
55.488
55.500
55.467
55.488
55.500
55.511
55.478
55.488
55.511
55.556
55.500
55.511
55.533
55.467
55.478
55.500
55.511
55.511
55.511
55.455
55.488
55.499
55.511
55.511
55.500
55.500
55.522
55.533
55.556
55.500
55.533
55.478
55.478
55.500
55.545
55.533
55.533
55.545
55.533
55.522
55.533
55.533
55.556
55.556
55.545
55.556
55.567
55.545
55.590
55.556
55.556
55.612
55.567
55.578
55.590
55.578
55.556
55.590
55.590
55.578
55.578
55.601
55.578
55.567
55.612
55.590
55.612
55.612
55.590
55.623
55.545
55.590
55.612
55.578
55.578
55.601
55.590
55.590
55.612
55.612
55.590
55.612
55.635
55.656
55.668
55.701
55.724
55.724
55.769
55.735
55.780
55.813
55.780
55.803
55.824
55.858
55.824
55.858
55.836
55.836
55.824
55.847
55.836
55.824
55.847
55.813
55.892
55.858
55.824
55.813
55.791
55.813
55.836
55.857
55.847
55.824
55.847
55.813
55.836
55.824
55.824
55.824
55.824
55.836
55.847
55.836
55.847
55.836
55.802
55.847
55.857
55.880
55.880
55.880
55.880
55.869
55.857
55.892
55.857
55.857
55.869
55.835
55.847
55.902
55.846
55.902
55.868
55.880
55.902
55.902
55.925
55.902
55.902
55.891
55.914
55.902
55.891
55.891
55.880
55.857
55.857
55.925
55.936
55.925
55.913
55.880
55.902
55.868
55.902
55.891
55.868
55.902
55.902
55.891
55.891
55.913
55.880
55.868
55.868
55.891
55.913
55.901
55.901
55.924
55.901
55.924
55.901
55.913
55.891
55.901
55.902
55.913
55.924
55.936
55.913
55.891
55.901
55.868
55.924
55.913
55.891
55.901
55.924
55.946
55.924
55.936
55.936
55.936
55.946
55.924
55.946
55.969
55.936
55.946
56.003
55.936
55.980
55.936
55.946
55.969
55.991
55.946
55.980
55.979
55.958
55.958
55.958
55.969
55.969
55.979
55.980
55.946
55.946
55.958
55.946
55.946
55.912
55.957
55.935
55.979
55.935
55.912
55.901
55.935
55.935
55.912
55.946
55.912
55.946
55.923
55.900
55.968
55.935
55.945
55.935
55.935
55.912
55.923
55.890
55.912
55.900
55.900
55.924
55.890
55.923
55.867
55.856
55.867
55.912
55.856
55.890
55.867
55.912
55.878
55.890
55.890
55.867
55.867
55.890
55.890
55.890
55.912
55.856
55.867
55.878
55.878
55.890
55.867
55.912
55.867
55.878
55.900
55.923
55.900
55.912
55.912
55.911
55.900
55.912
55.923
55.912
55.867
55.912
55.878
55.912
55.912
55.900
55.890
55.834
55.812
55.845
55.856
55.878
55.856
55.845
55.845
55.834
55.856
55.845
55.867
55.845
55.856
55.822
55.867
55.822
55.834
55.822
55.856
55.845
55.845
55.845
55.845
55.822
55.834
55.856
55.845
55.856
55.878
55.833
55.878
55.878
55.867
55.834
55.912
55.890
55.845
55.911
55.945
55.890
55.900
55.923
55.911
55.923
55.900
55.900
55.900
55.935
55.934
55.968
55.979
55.945
55.968
55.956
55.956
55.979
55.956
55.934
55.956
55.945
55.968
55.945
55.945
55.945
55.945
55.934
55.944
55.889
55.934
55.945
55.900
55.900
55.967
55.900
55.922
55.944
55.900
55.934
55.945
55.934
55.956
55.944
55.944
55.967
55.922
55.956
56.023
55.878
55.934
55.979
55.956
56.001
56.001
55.979
55.989
55.967
55.989
56.001
56.012
56.001
56.012
56.001
56.068
55.989
56.023
56.034
56.001
56.023
56.034
56.067
56.046
56.090
56.067
56.045
56.057
56.112
56.079
56.068
56.079
56.057
56.068
56.079
56.112
56.046
56.112
56.090
56.034
56.101
56.057
56.067
56.090
56.079
56.079
56.112
56.067
56.079
56.079
56.079
56.090
56.090
56.067
56.135
56.079
56.090
56.067
56.022
56.090
56.067
56.067
56.067
56.112
56.090
56.090
56.079
56.101
56.101
56.078
56.090
56.179
56.090
56.134
56.111
56.111
56.101
56.090
56.111
56.090
56.146
56.112
56.112
56.090
56.090
56.067
56.079
56.090
56.079
56.112
56.090
56.135
56.135
56.090
56.123
56.123
56.090
56.101
56.078
56.101
56.111
56.079
56.111
56.090
56.111
56.078
56.101
56.090
56.078
56.011
56.067
56.022
56.057
56.056
56.056
56.056
56.033
56.078
56.056
56.079
56.079
56.078
56.067
56.079
56.057
56.079
56.101
56.067
56.134
56.079
56.101
56.079
56.045
56.056
56.033
56.034
56.056
56.067
56.067
56.056
56.079
56.057
56.045
56.045
56.034
56.056
56.000
56.079
56.057
56.012
56.045
56.011
56.022
56.056
56.067
56.022
56.045
56.022
56.045
56.033
56.022
56.044
56.011
56.033
56.021
56.044
55.988
56.011
55.977
56.033
56.011
55.999
56.011
56.011
56.022
56.011
55.988
56.011
56.011
56.011
56.022
56.033
55.999
55.955
56.022
56.011
55.978
55.988
56.022
56.045
55.978
56.000
56.011
55.989
56.000
56.056
56.033
56.022
56.057
56.033
55.988
56.011
56.022
56.045
56.022
56.079
56.056
56.056
56.078
56.066
56.067
56.067
56.067
56.067
56.056
56.078
56.056
56.033
56.045
56.012
56.034
56.067
56.056
56.067
56.045
56.033
56.056
56.056
56.034
56.090
56.067
56.056
56.090
56.033
56.067
56.067
56.067
56.033
56.078
56.011
56.134
56.034
56.067
56.033
56.056
56.011
56.045
56.056
56.078
56.079
56.078
56.112
56.079
56.111
56.101
56.123
56.156
56.111
56.168
56.156
56.146
56.134
56.134
56.146
56.190
56.156
56.167
56.168
56.123
56.111
56.146
56.146
56.135
56.146
56.090
56.146
56.156
56.101
56.123
56.111
56.123
56.134
56.146
56.179
56.134
56.146
56.123
56.134
56.134
56.134
56.156
56.111
56.123
56.180
56.135
56.090
56.111
56.156
56.123
56.156
56.146
56.111
56.123
56.135
56.101
56.157
56.123
56.123
56.135
56.101
56.079
56.123
56.079
56.135
56.135
56.146
56.157
56.123
56.202
56.146
56.157
56.191
56.202
56.213
56.213
56.202
56.235
56.225
56.246
56.247
56.235
56.270
56.246
56.269
56.303
56.280
56.235
56.280
56.269
56.258
56.258
56.258
56.269
56.269
56.258
56.225
56.235
56.270
56.258
56.258
56.258
56.280
56.269
56.303
56.314
56.314
56.303
56.314
56.337
56.370
56.337
56.348
56.325
56.382
56.303
56.381
56.348
56.337
56.348
56.370
56.370
56.336
56.325
56.348
56.325
56.358
56.358
56.336
56.358
56.381
56.314
56.370
56.325
56.370
56.348
56.403
56.382
56.382
56.393
56.403
56.359
56.382
56.393
56.393
56.403
56.393
56.370
56.404
56.382
56.403
56.382
56.382
56.449
56.449
56.437
56.437
56.415
56.426
56.427
56.427
56.449
56.437
56.427
56.437
56.472
56.482
56.437
56.427
56.437
56.427
56.448
56.427
56.426
56.392
56.381
56.414
56.392
56.393
56.393
56.359
56.359
56.370
56.370
56.337
56.393
56.325
56.280
56.314
56.280
56.348
56.304
56.314
56.270
56.259
56.269
56.247
56.303
56.281
56.280
56.280
56.280
56.259
56.247
56.247
56.236
56.203
56.225
56.247
56.202
56.214
56.225
56.225
56.247
56.214
56.225
56.270
56.214
56.236
56.203
56.236
56.214
56.236
56.225
56.214
56.214
56.226
56.225
56.169
56.214
56.225
56.191
56.203
56.225
56.169
56.181
56.203
56.192
56.181
56.191
56.192
56.181
56.192
56.169
56.181
56.169
56.170
56.192
56.158
56.136
56.169
56.146
56.102
56.124
56.146
56.124
56.124
56.124
56.113
56.158
56.124
56.103
56.113
56.079
56.079
56.079
56.079
56.080
56.102
56.079
56.080
56.103
56.035
56.057
56.057
56.058
56.023
56.013
56.091
56.023
56.035
56.046
56.047
56.046
56.046
56.057
56.057
56.035
56.091
56.080
56.080
56.080
56.047
56.079
56.024
56.068
56.046
56.023
56.079
56.046
56.057
56.080
56.035
56.068
56.047
56.035
56.046
56.047
56.035
56.046
56.080
56.024
56.057
56.046
56.068
56.091
56.068
56.013
56.068
56.058
56.047
56.080
56.068
56.058
56.035
56.058
56.058
56.047
56.047
56.058
56.091
56.068
56.068
56.002
56.047
56.047
56.035
56.058
56.035
56.058
56.058
56.058
56.068
56.035
56.058
56.057
56.068
56.047
56.035
56.047
56.013
56.047
56.035
56.047
56.035
56.024
56.047
56.068
56.035
56.035
56.035
56.047
56.080
56.024
56.058
56.047
56.024
56.002
56.035
56.024
56.047
56.058
56.047
55.990
56.047
56.035
55.979
56.013
56.013
56.035
56.035
56.035
56.058
56.035
56.024
55.990
56.014
56.024
56.035
56.013
56.002
55.991
56.035
56.013
56.035
56.013
56.002
55.979
55.990
56.013
56.013
55.956
56.001
55.968
55.990
56.002
56.002
55.979
55.979
55.990
55.979
55.968
55.957
55.968
55.968
55.979
56.013
55.990
56.013
56.002
56.002
55.968
55.979
55.979
56.001
56.002
55.968
56.002
55.968
55.969
55.991
55.979
55.969
55.979
55.969
55.969
55.958
55.991
55.946
55.991
55.991
55.935
55.957
55.969
55.969
55.968
55.957
55.968
55.990
55.990
55.968
55.979
55.979
55.979
55.991
55.935
55.990
55.968
55.957
55.990
55.990
55.979
56.013
55.990
55.957
55.991
55.991
55.990
55.979
55.979
55.979
55.979
55.969
55.969
55.991
56.002
55.969
55.957
55.957
55.991
56.002
55.979
55.990
55.968
55.957
55.945
56.002
55.945
55.968
55.945
55.979
55.990
56.002
55.968
55.968
55.957
55.957
56.013
55.979
55.923
55.979
55.968
55.969
55.935
55.991
55.979
55.969
55.957
55.991
55.991
55.957
55.969
55.957
55.969
55.969
55.957
55.980
56.003
55.957
55.924
55.969
55.991
55.935
55.969
55.969
55.946
55.979
55.969
55.979
55.957
55.957
55.946
55.946
55.957
55.924
55.946
55.935
55.957
55.946
55.912
55.957
55.969
55.912
55.913
55.924
55.946
55.957
55.912
55.957
55.946
55.924
55.935
55.936
55.946
55.924
55.924
55.924
55.935
55.924
55.912
55.912
55.979
55.901
55.957
55.957
55.957
55.935
55.946
55.912
55.958
55.901
55.924
55.923
55.924
55.935
55.900
55.923
55.923
55.935
55.878
55.890
55.923
55.878
55.935
55.912
55.912
55.900
55.912
55.900
55.900
55.912
55.912
55.900
55.900
55.924
55.923
55.901
55.935
55.900
55.856
55.868
55.923
55.945
55.890
55.923
55.901
55.890
55.935
55.890
55.900
55.900
55.912
55.890
55.890
55.879
55.900
55.912
55.900
55.913
55.901
55.946
55.879
55.890
55.912
55.901
55.935
55.913
55.879
55.868
55.924
55.890
55.901
55.890
55.901
55.901
55.890
55.890
55.879
55.879
55.867
55.900
55.912
55.901
55.879
55.890
55.846
55.868
55.856
55.890
55.856
55.878
55.856
55.890
55.890
55.890
55.845
55.867
55.867
55.867
55.856
55.834
55.912
55.856
55.822
55.867
55.867
55.800
55.867
55.867
55.867
55.879
55.856
55.846
55.846
55.856
55.846
55.846
55.890
55.834
55.868
55.879
55.868
55.856
55.868
55.868
55.868
55.812
55.912
55.868
55.868
55.868
55.879
55.890
55.845
55.879
55.890
55.878
55.900
55.890
55.878
55.890
55.890
55.900
55.878
55.912
55.935
55.957
55.935
55.890
55.924
55.968
55.945
55.924
55.923
55.935
55.912
55.957
55.946
55.935
55.946
55.946
55.969
55.945
55.935
55.946
55.991
55.969
56.014
55.935
55.935
55.991
55.957
55.945
55.969
55.957
55.957
55.935
55.957
55.935
55.945
55.979
55.945
55.945
55.968
55.979
55.900
55.968
55.924
55.979
55.935
55.957
56.013
55.968
55.945
55.979
55.979
55.945
55.957
55.969
55.957
55.957
55.957
55.969
55.968
55.968
55.935
55.968
55.968
55.957
55.979
55.945
55.979
55.957
55.957
55.968
55.968
55.957
55.957
55.945
55.946
56.002
55.969
55.969
55.946
55.969
55.968
56.002
55.935
55.957
55.979
56.014
56.002
55.979
56.014
55.935
55.991
55.979
55.969
55.979
55.969
55.969
55.957
55.969
55.969
55.991
55.969
55.957
55.946
55.979
55.969
55.935
55.979
55.991
55.979
55.957
55.935
55.979
55.957
55.979
55.979
55.969
55.979
55.969
55.957
55.979
55.979
55.969
55.957
55.979
55.991
55.935
55.991
55.958
55.991
55.979
56.014
56.002
55.957
55.979
55.979
55.969
55.979
55.991
55.969
55.979
55.969
56.002
55.991
55.969
56.002
56.002
55.969
55.946
56.002
55.957
56.024
56.002
55.991
56.002
56.002
55.969
56.002
55.979
55.991
55.979
55.979
55.979
55.991
55.991
55.991
56.024
55.979
55.991
55.979
56.081
55.957
56.024
56.002
55.991
55.969
55.979
55.958
56.002
55.991
55.980
55.991
55.979
55.991
55.991
55.969
55.991
55.991
55.969
56.014
55.946
56.025
55.979
55.969
55.979
55.980
55.969
56.002
56.003
55.991
55.969
55.991
55.980
56.002
55.969
55.980
56.002
55.990
55.979
55.946
56.014
55.979
55.969
56.024
55.990
56.024
56.014
55.979
55.990
56.014
56.003
56.014
56.014
56.002
55.980
56.003
55.979
56.002
55.979
55.969
55.979
55.980
55.979
56.002
56.014
55.979
56.035
56.035
55.969
55.991
55.969
55.991
55.979
55.969
56.002
55.969
55.980
55.979
55.969
55.968
55.890
55.969
55.979
55.991
55.979
55.979
55.957
56.002
55.991
55.979
55.957
56.014
55.991
55.991
55.969
55.980
55.991
55.980
55.991
56.003
55.969
55.957
55.935
56.014
55.991
55.979
55.991
55.946
55.991
55.979
55.969
55.991
55.969
55.980
55.980
55.936
55.969
55.969
55.958
55.958
56.003
55.936
56.003
55.969
55.969
55.924
55.936
56.014
55.991
55.969
55.980
55.969
55.991
55.969
55.969
55.969
55.936
55.946
55.969
55.969
55.980
55.958
55.936
55.891
55.991
55.979
55.991
55.991
55.946
55.991
55.935
55.980
55.991
55.935
55.946
55.958
55.935
55.958
55.957
55.946
55.935
55.969
55.890
55.946
55.969
55.958
55.924
55.969
55.969
55.935
55.946
55.946
55.935
55.958
55.969
55.935
55.946
55.935
55.957
55.957
55.946
55.936
55.912
55.946
55.946
55.924
55.912
55.935
55.991
55.946
55.912
55.945
55.968
55.912
55.912
55.924
55.935
55.924
55.924
55.912
55.935
55.945
55.923
55.912
55.945
55.912
55.912
55.935
55.900
55.912
55.945
55.923
55.912
55.911
55.911
55.923
55.934
55.935
55.911
55.912
55.945
55.923
55.911
55.911
55.945
55.934
55.911
55.934
55.934
55.890
55.945
55.956
55.922
55.989
55.934
55.911
55.956
55.944
55.922
55.944
55.989
55.967
55.922
55.934
55.956
55.934
55.989
55.878
55.934
55.967
55.944
55.944
55.944
55.944
55.955
55.967
55.944
55.933
55.944
55.978
55.944
55.933
55.955
55.922
55.955
55.933
55.889
55.911
55.944
55.978
55.979
55.933
55.933
55.922
55.955
55.967
55.911
55.889
55.944
55.933
55.933
55.933
55.956
55.933
55.934
55.922
55.967
55.889
55.911
55.955
55.889
55.922
55.889
55.922
55.944
55.922
55.889
55.877
55.922
55.943
55.922
55.922
