11.307
11.292
11.300
11.300
11.292
11.300
11.307
11.300
11.292
55.500
55.500
55.500
55.492
55.508
55.500
55.508
55.500
55.508
55.508
55.492
55.508
55.500
55.500
55.492
55.500
55.500
55.492
55.500
55.485
55.500
55.500
55.500
55.492
55.500
55.492
55.500
55.500
55.492
55.492
55.485
55.492
55.492
55.492
55.485
55.492
55.492
55.492
55.485
55.477
55.485
55.469
55.485
55.485
55.485
55.492
55.477
55.477
55.485
55.492
55.485
55.485
55.477
55.485
55.485
55.485
55.477
55.492
55.485
55.485
55.485
55.477
55.477
55.469
55.469
55.477
55.477
55.485
55.469
55.477
55.469
55.469
55.469
55.462
55.469
55.469
55.469
55.477
55.469
55.469
55.477
55.469
55.477
55.469
55.477
55.469
55.462
55.462
55.469
55.462
55.462
55.469
55.462
55.477
55.469
55.462
55.454
55.462
55.469
55.462
55.469
55.447
55.462
55.462
55.462
55.462
55.469
55.454
55.469
55.454
55.462
55.477
55.462
55.454
55.462
55.462
55.462
55.462
55.454
55.462
55.447
55.454
55.454
55.462
55.454
55.447
55.462
55.462
55.462
55.462
55.454
55.454
55.447
55.447
55.462
55.462
55.462
55.462
55.462
55.439
55.462
55.462
55.454
55.462
55.462
55.462
55.454
55.462
55.454
55.462
55.454
55.454
55.462
55.447
55.462
55.447
55.462
55.447
55.454
55.462
55.447
55.462
55.454
55.454
55.447
55.447
55.454
55.454
55.462
55.454
55.447
55.454
55.462
55.454
55.462
55.462
55.454
55.454
55.454
55.454
55.447
55.462
55.462
55.447
55.454
55.462
55.454
55.454
55.462
55.462
55.454
55.462
55.462
55.447
55.454
55.462
55.462
55.447
55.462
55.454
55.447
55.447
55.454
55.447
55.462
55.462
55.439
55.454
55.469
55.454
55.477
55.462
55.462
55.469
55.462
55.454
55.454
55.462
55.469
55.462
55.462
55.462
55.462
55.454
55.462
55.454
55.462
55.462
55.469
55.469
55.462
55.462
55.469
55.462
55.462
55.469
55.469
55.462
55.462
55.477
55.469
55.462
55.477
55.454
55.477
55.469
55.469
55.469
55.477
55.469
55.469
55.477
55.469
55.469
55.469
55.477
55.485
55.477
55.485
55.485
55.477
55.485
55.477
55.485
55.477
55.477
55.485
55.485
55.477
55.485
55.485
55.485
55.485
55.477
55.485
55.485
55.492
55.492
55.485
55.485
55.485
55.485
55.485
55.485
55.500
55.485
55.500
55.485
55.485
55.485
55.500
55.485
55.492
55.500
55.492
55.492
55.485
55.492
55.492
55.492
55.500
55.492
55.492
55.485
55.500
55.492
55.492
55.492
55.485
55.492
55.508
55.485
55.492
55.508
55.485
55.500
55.500
55.492
55.492
55.492
55.500
55.492
55.485
55.500
55.492
55.500
55.492
55.485
55.500
55.508
55.508
55.500
55.492
55.500
55.500
55.492
55.492
55.500
55.500
55.500
55.500
55.492
55.500
55.492
55.492
55.500
55.485
55.485
55.500
55.500
55.492
55.492
55.492
55.500
55.492
55.492
55.492
55.492
55.492
55.500
55.500
55.500
55.508
55.492
55.500
55.500
55.492
55.500
55.508
55.492
55.492
55.485
55.492
55.492
55.492
55.485
55.492
55.492
55.485
55.485
55.500
55.492
55.492
55.485
55.508
55.500
55.485
55.500
55.500
55.492
55.485
55.492
55.492
55.492
55.492
55.492
55.485
55.485
55.492
55.492
55.492
55.485
55.477
55.485
55.485
55.477
55.477
55.485
55.469
55.469
55.485
55.485
55.485
55.492
55.485
55.477
55.485
55.477
55.485
55.492
55.477
55.477
55.477
55.462
55.469
55.462
55.469
55.469
55.469
55.477
55.469
55.477
55.469
55.462
55.469
55.462
55.462
55.469
55.447
55.447
55.469
55.462
55.462
55.454
55.454
55.462
55.454
55.454
55.454
55.454
55.447
55.439
55.439
55.447
55.469
55.431
55.431
55.431
55.462
55.454
55.431
55.439
55.439
55.454
55.431
55.431
55.431
55.431
55.431
55.431
55.439
55.431
55.431
55.439
55.431
55.431
55.431
55.416
55.431
55.424
55.431
55.431
55.424
55.416
55.416
55.408
55.424
55.424
55.424
55.408
55.416
55.424
55.424
55.416
55.401
55.393
55.401
55.401
55.408
55.393
55.408
55.393
55.401
55.401
55.408
55.393
55.393
55.401
55.401
55.401
55.386
55.393
55.401
55.386
55.370
55.378
55.378
55.378
55.378
55.386
55.378
55.401
55.378
55.370
55.370
55.386
55.370
55.386
55.386
55.363
55.378
55.378
55.378
55.370
55.363
55.378
55.363
55.378
55.370
55.370
55.378
55.370
55.363
55.378
55.363
55.363
55.363
55.370
55.370
55.355
55.355
55.355
55.355
55.363
55.363
55.370
55.355
55.355
55.363
55.363
55.347
55.363
55.370
55.363
55.370
55.355
55.363
55.355
55.347
55.363
55.363
55.355
55.355
55.363
55.347
55.355
55.363
55.363
55.355
55.363
55.363
55.355
55.340
55.363
55.355
55.355
55.355
55.347
55.347
55.363
55.363
55.363
55.355
55.355
55.347
55.347
55.355
55.355
55.347
55.347
55.347
55.347
55.355
55.363
55.347
55.347
55.355
55.355
55.355
55.347
55.340
55.355
55.355
55.347
55.347
55.355
55.347
55.355
55.355
55.340
55.355
55.347
55.355
55.340
55.355
55.340
55.355
55.347
55.355
55.340
55.347
55.347
55.355
55.347
55.355
55.355
55.332
55.340
55.355
55.340
55.340
55.347
55.355
55.370
55.347
55.340
55.355
55.363
55.347
55.347
55.347
55.363
55.355
55.347
55.355
55.340
55.340
55.355
55.340
55.355
55.355
55.363
55.347
55.347
55.347
55.347
55.355
55.363
55.363
55.340
55.363
55.355
55.347
55.355
55.347
55.355
55.355
55.347
55.355
55.347
55.363
55.340
55.340
55.347
55.355
55.347
55.355
55.347
55.370
55.363
55.347
55.355
55.363
55.347
55.355
55.347
55.355
55.355
55.363
55.363
55.355
55.355
55.347
55.347
55.370
55.355
55.347
55.363
55.363
55.378
55.370
55.355
55.370
55.355
55.363
55.355
55.370
55.370
55.363
55.370
55.363
55.355
55.363
55.363
55.355
55.363
55.363
55.363
55.363
55.370
55.370
55.363
55.370
55.370
55.355
55.370
55.363
55.363
55.355
55.355
55.363
55.363
55.378
55.370
55.363
55.378
55.363
55.363
55.378
55.363
55.363
55.370
55.370
55.363
55.378
55.386
55.370
55.370
55.378
55.363
55.378
55.378
55.386
55.378
55.370
55.378
55.386
55.378
55.378
55.370
55.370
55.378
55.370
55.378
55.386
55.386
55.370
55.370
55.378
55.386
55.370
55.378
55.386
55.386
55.378
55.378
55.386
55.370
55.386
55.386
55.393
55.378
55.378
55.386
55.386
55.401
55.393
55.401
55.378
55.386
55.378
55.386
55.401
55.378
55.386
55.378
55.393
55.393
55.386
55.386
55.393
55.401
55.401
55.393
55.401
55.386
55.386
55.401
55.393
55.401
55.401
55.386
55.401
55.378
55.386
55.393
55.401
55.401
55.401
55.408
55.393
55.408
55.401
55.393
55.401
55.378
55.401
55.401
55.401
55.393
55.416
55.401
55.408
55.408
55.408
55.393
55.416
55.401
55.408
55.408
55.408
55.408
55.416
55.408
55.401
55.408
55.401
55.408
55.408
55.408
55.408
55.408
55.408
55.416
55.416
55.416
55.416
55.416
55.416
55.408
55.424
55.416
55.424
55.408
55.408
55.424
55.416
55.424
55.424
55.424
55.416
55.416
55.424
55.431
55.416
55.424
55.424
55.439
55.424
55.424
55.424
55.416
55.431
55.431
55.424
55.424
55.439
55.439
55.424
55.431
55.439
55.431
55.431
55.431
55.431
55.431
55.431
55.431
55.431
55.439
55.431
55.439
55.431
55.439
55.439
55.439
55.439
55.431
55.424
55.431
55.439
55.439
55.447
55.439
55.439
55.454
55.454
55.447
55.439
55.447
55.439
55.447
55.447
55.454
55.447
55.447
55.447
55.439
55.447
55.454
55.454
55.462
55.454
55.454
55.454
55.447
55.462
55.447
55.447
55.454
55.462
55.469
55.462
55.462
55.447
55.462
55.462
55.462
55.454
55.462
55.454
55.454
55.462
55.454
55.462
55.469
55.462
55.469
55.462
55.469
55.469
55.469
55.469
55.477
55.469
55.462
55.469
55.477
55.469
55.469
55.485
55.469
55.462
55.462
55.477
55.469
55.469
55.469
55.469
55.477
55.485
55.485
55.485
55.485
55.477
55.485
55.485
55.485
55.485
55.485
55.492
55.485
55.492
55.492
55.485
55.492
55.485
55.500
55.492
55.477
55.492
55.500
55.492
55.492
55.492
55.492
55.492
55.492
55.492
55.492
55.492
55.492
55.492
55.492
55.500
55.508
55.500
55.500
55.492
55.500
55.500
55.508
55.500
55.500
55.500
55.492
55.500
55.508
55.492
55.500
55.492
55.500
55.508
55.500
55.508
55.508
55.515
55.500
55.508
55.508
55.515
55.500
55.508
55.508
55.508
55.515
55.515
55.515
55.515
55.515
55.531
55.523
55.508
55.523
55.531
55.523
55.531
55.515
55.523
55.523
55.523
55.523
55.531
55.531
55.538
55.523
55.523
55.523
55.523
55.538
55.531
55.546
55.531
55.531
55.538
55.531
55.531
55.538
55.538
55.538
55.531
55.538
55.531
55.546
55.538
55.531
55.531
55.538
55.538
55.538
55.523
55.546
55.538
55.538
55.546
55.538
55.538
55.538
55.531
55.546
55.538
55.553
55.546
55.546
55.538
55.553
55.538
55.546
55.553
55.538
55.553
55.561
55.553
55.553
55.546
55.561
55.553
55.538
55.538
55.553
55.561
55.546
55.553
55.553
55.561
55.561
55.546
55.546
55.546
55.553
55.561
55.553
55.553
55.561
55.553
55.561
55.561
55.546
55.553
55.553
55.553
55.553
55.553
55.553
55.553
55.553
55.569
55.553
55.546
55.561
55.561
55.576
55.584
55.576
55.576
55.576
55.576
55.599
55.592
55.592
55.607
55.607
55.614
55.607
55.622
55.614
55.622
55.630
55.622
55.630
55.630
55.637
55.637
55.637
55.645
55.653
55.668
55.645
55.653
55.660
55.668
55.675
55.668
55.675
55.675
55.683
55.675
55.691
55.683
55.668
55.698
55.698
55.698
55.691
55.698
55.698
55.706
55.721
55.714
55.706
55.721
55.706
55.721
55.721
55.729
55.729
55.729
55.729
55.737
55.737
55.737
55.737
55.737
55.744
55.759
55.752
55.759
55.744
55.767
55.752
55.752
55.767
55.759
55.752
55.767
55.775
55.782
55.775
55.775
55.790
55.782
55.782
55.790
55.782
55.790
55.790
55.790
55.798
55.805
55.813
55.790
55.790
55.790
55.805
55.790
55.820
55.805
55.813
55.828
55.828
55.805
55.805
55.805
55.805
55.805
55.805
55.820
55.805
55.813
55.805
55.820
55.813
55.820
55.820
55.820
55.820
55.820
55.820
55.820
55.820
55.828
55.820
55.820
55.813
55.828
55.820
55.813
55.836
55.828
55.828
55.820
55.820
55.836
55.820
55.828
55.820
55.828
55.836
55.820
55.813
55.828
55.836
55.828
55.820
55.836
55.820
55.820
55.836
55.843
55.836
55.820
55.820
55.836
55.828
55.828
55.820
55.828
55.813
55.813
55.836
55.828
55.820
55.820
55.828
55.836
55.820
55.828
55.828
55.836
55.820
55.828
55.836
55.836
55.828
55.820
55.820
55.820
55.820
55.820
55.836
55.836
55.820
55.828
55.836
55.836
55.836
55.836
55.836
55.828
55.836
55.828
55.836
55.828
55.820
55.828
55.820
55.836
55.836
55.820
55.828
55.836
55.836
55.836
55.828
55.820
55.820
55.813
55.828
55.820
55.828
55.828
55.836
55.828
55.836
55.820
55.828
55.836
55.836
55.836
55.836
55.828
55.836
55.836
55.820
55.828
55.836
55.836
55.828
55.836
55.836
55.820
55.820
55.836
55.828
55.828
55.820
55.828
55.836
55.836
55.836
55.836
55.836
55.836
55.820
55.836
55.820
55.836
55.836
55.836
55.836
55.836
55.836
55.836
55.836
55.828
55.836
55.828
55.820
55.836
55.836
55.828
55.836
55.836
55.836
55.828
55.836
55.828
55.820
55.836
55.836
55.836
55.836
55.836
55.836
55.836
55.836
55.836
55.828
55.836
55.836
55.836
55.828
55.843
55.836
55.836
55.828
55.836
55.828
55.828
55.836
55.836
55.836
55.820
55.836
55.828
55.836
55.828
55.836
55.836
55.828
55.828
55.828
55.820
55.828
55.828
55.828
55.836
55.836
55.836
55.820
55.828
55.828
55.813
55.836
55.820
55.820
55.828
55.836
55.820
55.836
55.836
55.828
55.836
55.820
55.836
55.820
55.836
55.828
55.820
55.836
55.828
55.836
55.820
55.820
55.820
55.836
55.836
55.820
55.820
55.828
55.828
55.820
55.820
55.813
55.820
55.820
55.820
55.820
55.828
55.820
55.820
55.820
55.828
55.828
55.820
55.820
55.813
55.828
55.828
55.813
55.813
55.820
55.820
55.828
55.836
55.820
55.820
55.828
55.836
55.828
55.820
55.820
55.805
55.813
55.820
55.828
55.813
55.820
55.813
55.813
55.813
55.813
55.813
55.820
55.813
55.805
55.813
55.820
55.820
55.805
55.813
55.805
55.820
55.813
55.813
55.805
55.805
55.813
55.805
55.805
55.813
55.805
55.820
55.813
55.813
55.805
55.805
55.805
55.798
55.805
55.805
55.805
55.805
55.813
55.805
55.805
55.805
55.805
55.805
55.805
55.805
55.798
55.790
55.798
55.798
55.813
55.790
55.790
55.805
55.805
55.805
55.798
55.798
55.798
55.782
55.798
55.805
55.790
55.790
55.790
55.782
55.798
55.798
55.798
55.790
55.782
55.790
55.790
55.790
55.782
55.790
55.798
55.790
55.782
55.782
55.782
55.782
55.782
55.767
55.775
55.782
55.782
55.782
55.782
55.775
55.782
55.775
55.775
55.767
55.759
55.775
55.775
55.767
55.759
55.767
55.759
55.752
55.759
55.767
55.752
55.767
55.759
55.752
55.759
55.752
55.752
55.744
55.744
55.752
55.759
55.752
55.752
55.744
55.752
55.737
55.744
55.737
55.744
55.729
55.729
55.729
55.737
55.729
55.729
55.744
55.737
55.737
55.737
55.729
55.729
55.729
55.721
55.721
55.714
55.714
55.721
55.721
55.721
55.714
55.706
55.706
55.706
55.714
55.706
55.691
55.706
55.698
55.698
55.714
55.706
55.698
55.698
55.691
55.698
55.691
55.691
55.683
55.683
55.683
55.683
55.683
55.683
55.683
55.691
55.683
55.675
55.683
55.683
55.683
55.668
55.668
55.668
55.675
55.653
55.660
55.653
55.668
55.653
55.653
55.653
55.660
55.645
55.660
55.660
55.653
55.653
55.660
55.660
55.637
55.637
55.645
55.637
55.660
55.653
55.645
55.645
55.637
55.637
55.637
55.637
55.630
55.630
55.622
55.630
55.630
55.622
55.630
55.622
55.622
55.622
55.630
55.622
55.614
55.622
55.614
55.614
55.630
55.614
55.607
