100259.250
100260.953
100264.281
100262.156
100262.742
100263.515
100265.046
100261.648
100265.140
101310.875
101310.359
101310.125
101308.156
101310.375
101307.562
101306.546
101307.062
101308.343
101309.453
101307.304
101310.046
101305.093
101307.320
101306.812
101308.609
101307.562
101309.023
101306.906
101308.781
101305.546
101307.734
101308.945
101306.546
101308.265
101310.531
101309.453
101310.304
101309.703
101308.328
101306.062
101309.359
101307.664
101306.468
101309.531
101307.828
101307.492
101307.250
101308.687
101310.640
101307.421
101311.890
101309.781
101309.000
101307.921
101306.640
101307.476
101305.875
101307.140
101309.453
101306.468
101305.437
101308.265
101306.289
101307.078
101303.679
101304.945
101306.117
101305.781
101306.625
101305.890
101304.015
101303.078
101304.093
101306.226
101305.265
101305.890
101304.929
101304.531
101303.078
101304.875
101303.578
101302.320
101302.828
101301.890
101300.789
101300.343
101299.773
101299.671
101302.054
101301.031
101299.828
101299.000
101303.515
101300.679
101301.546
101301.875
101301.453
101302.476
101299.656
101301.117
101300.851
101299.093
101298.468
101301.453
101301.875
101299.843
101300.015
101300.960
101302.656
101301.296
101301.296
101301.718
101303.906
101300.453
101301.531
101298.656
101298.828
101301.640
101299.320
101302.640
101299.078
101300.265
101303.343
101297.453
101298.562
101299.492
101298.078
101300.343
101298.242
101299.320
101298.468
101298.406
101296.546
101298.078
101300.281
101296.882
101298.562
101299.320
101299.320
101296.718
101299.492
101301.468
101301.187
101301.015
101299.429
101296.093
101300.109
101299.601
101300.531
101298.812
101300.679
101301.640
101301.468
101298.242
101296.867
101298.640
101303.234
101298.054
101298.640
101298.468
101299.343
101298.054
101297.132
101296.265
101298.492
101298.226
101299.320
101297.890
101300.875
101298.054
101299.585
101297.031
101297.281
101298.734
101301.796
101299.492
101299.757
101298.921
101300.609
101298.812
101300.609
101301.015
101301.187
101301.960
101300.437
101303.398
101301.625
101305.117
101302.640
101307.328
101302.320
101302.226
101302.734
101300.695
101299.671
101301.109
101299.828
101302.812
101303.335
101301.718
101302.296
101300.867
101303.757
101306.906
101304.437
101304.421
101305.375
101308.328
101306.734
101307.757
101306.304
101306.812
101306.812
101302.734
101305.625
101303.585
101304.093
101303.757
101305.453
101305.203
101306.062
101305.437
101305.375
101305.781
101306.453
101308.328
101306.890
101305.968
101308.421
101303.664
101304.171
101305.453
101302.656
101302.812
101301.531
101304.593
101303.234
101302.640
101303.742
101302.656
101305.781
101307.812
101306.554
101306.890
101306.382
101305.359
101306.140
101307.406
101307.742
101307.476
101306.046
101306.562
101303.570
101307.835
101301.187
101300.859
101300.960
101300.281
101302.640
101301.359
101300.343
101297.796
101296.187
101298.398
101294.570
101293.984
101296.015
101294.414
101292.109
101293.640
101293.304
101293.468
101291.187
101288.640
101289.906
101287.453
101289.750
101287.187
101287.187
101290.171
101290.937
101289.468
101289.562
101290.750
101289.734
101291.609
101289.242
101289.484
101292.203
101290.265
101290.171
101291.187
101291.109
101291.960
101290.250
101287.281
101287.796
101284.828
101288.296
101287.203
101283.789
101281.242
101282.617
101281.843
101281.328
101279.976
101283.531
101282.781
101279.390
101279.218
101280.234
101281.000
101281.328
101281.671
101281.765
101280.828
101277.593
101276.312
101278.882
101272.828
101273.109
101272.250
101271.484
101272.328
101273.671
101274.187
101277.859
101279.218
101276.734
101276.562
101275.218
101278.359
101279.734
101277.765
101277.179
101278.265
101275.992
101271.062
101270.453
101272.750
101269.539
101271.578
101270.726
101271.750
101270.281
101270.968
101270.109
101268.687
101267.984
101268.015
101270.789
101269.687
101268.250
101264.609
101264.078
101264.101
101267.726
101267.656
101267.218
101268.859
101269.187
101269.687
101273.171
101273.351
101274.804
101271.234
101274.015
101272.234
101269.765
101269.429
101267.484
101263.656
101263.914
101264.179
101266.296
101261.968
101262.484
101263.406
101263.312
101263.484
101262.914
101264.328
101263.593
101263.992
101264.781
101263.250
101263.500
101262.046
101264.765
101266.539
101266.820
101264.437
101266.140
101263.820
101263.656
101263.992
101264.765
101261.273
101262.570
101263.078
101260.765
101263.421
101263.765
101264.273
101265.953
101262.632
101262.968
101260.437
101258.140
101259.328
101259.078
101257.890
101259.750
101257.304
101256.453
101256.796
101257.031
101256.625
101257.382
101258.406
101259.593
101258.812
101257.367
101258.234
101256.968
101258.726
101258.046
101257.031
101260.437
101259.578
101259.062
101258.726
101255.500
101258.554
101257.726
101256.265
101256.101
101256.953
101255.765
101256.343
101253.289
101254.984
101253.906
101253.570
101254.312
101253.125
101258.812
101256.007
101258.742
101255.093
101254.328
101253.398
101253.476
101255.343
101253.234
101253.140
101251.437
101249.906
101250.757
101248.718
101252.453
101251.515
101253.796
101252.437
101253.460
101254.406
101254.312
101253.234
101253.234
101252.195
101254.312
101251.953
101255.093
101256.796
101258.328
101258.406
101256.968
101262.406
101264.437
101264.593
101262.742
101265.953
101265.953
101265.953
101262.062
101266.539
101265.968
101268.578
101269.703
101268.921
101269.031
101267.218
101266.984
101268.937
101265.875
101267.046
101266.640
101266.640
101265.460
101263.914
101267.656
101266.140
101264.500
101264.593
101266.882
101266.296
101266.203
101265.351
101264.328
101265.351
101263.914
101265.687
101264.781
101262.406
101264.171
101264.843
101267.562
101266.882
101266.140
101265.859
101266.031
101266.203
101267.046
101263.484
101266.203
101263.484
101263.234
101263.312
101259.914
101261.195
101259.859
101256.687
101257.531
101259.328
101256.007
101259.750
101257.367
101256.968
101256.968
101260.007
101259.062
101260.023
101260.531
101261.437
101264.015
101261.453
101259.234
101258.812
101260.007
101263.593
101264.421
101263.914
101266.125
101264.937
101266.390
101263.250
101261.539
101262.914
101262.914
101264.671
101261.382
101265.460
101264.437
101265.460
101265.367
101268.234
101266.484
101266.218
101264.765
101264.164
101264.593
101264.500
101265.203
101260.351
101261.796
101262.218
101262.820
101260.859
101262.656
101264.179
101262.632
101259.343
101260.859
101263.312
101261.781
101258.062
101261.031
101262.632
101266.898
101263.406
101264.343
101263.406
101265.296
101263.250
101262.796
101263.843
101263.312
101261.781
101266.367
101270.546
101269.015
101273.015
101271.125
101271.640
101275.992
101271.125
101270.453
101271.296
101270.109
101269.687
101268.500
101267.312
101265.859
101267.992
101268.593
101269.351
101265.296
101266.882
101267.218
101268.070
101263.406
101265.101
101265.460
101263.992
101265.015
101265.351
101267.218
101266.125
101264.085
101270.109
101267.234
101267.750
101268.765
101266.804
101266.484
101268.937
101264.953
101266.562
101266.367
101264.328
101265.781
101263.992
101261.875
101264.421
101262.968
101262.390
101259.593
101257.460
101261.796
101259.750
101265.101
101260.781
101262.804
101264.765
101261.796
101265.203
101262.750
101264.859
101264.421
101267.843
101266.726
101269.445
101268.593
101266.218
101266.898
101265.179
101262.125
101266.710
101263.312
101264.500
101263.484
101261.382
101261.890
101266.710
101265.351
101265.203
101266.898
101266.804
101267.484
101265.203
101264.343
101265.609
101263.937
101265.031
101264.609
101264.781
101265.031
101264.500
101266.390
101266.539
101270.710
101271.125
101270.890
101272.671
101273.429
101277.843
101273.937
101271.296
101273.953
101274.109
101276.046
101276.656
101276.312
101275.296
101274.953
101275.734
101273.593
101272.406
101272.921
101271.921
101269.539
101272.406
101273.171
101275.125
101274.695
101271.640
101275.031
101274.875
101276.070
101277.500
101275.218
101279.296
101272.085
101276.164
101274.031
101274.632
101276.843
101271.140
101270.710
101273.351
101275.203
101276.312
101274.539
101271.562
101271.750
101270.632
101270.804
101267.734
101268.578
101271.046
101268.671
101268.750
101268.578
101269.765
101269.281
101271.218
101270.375
101267.750
101271.812
101271.406
101270.789
101266.656
101269.203
101269.203
101267.156
101265.859
101266.140
101266.312
101268.343
101270.375
101267.156
101267.671
101270.109
101266.710
101270.617
101271.125
101270.617
101270.281
101269.367
101267.062
101269.367
101268.500
101268.328
101268.937
101269.593
101269.031
101268.921
101268.515
101267.921
101267.234
101268.421
101264.015
101266.218
101264.609
101268.421
101266.390
101269.953
101269.609
101270.390
101272.085
101272.937
101273.093
101269.781
101271.578
101271.296
101269.609
101269.609
101269.109
101267.921
101268.085
101268.593
101271.976
101268.515
101269.937
101270.296
101270.953
101273.171
101269.429
101271.750
101270.046
101269.593
101269.351
101270.296
101268.687
101270.218
101271.234
101267.328
101268.085
101269.953
101268.765
101268.421
101268.421
101270.562
101269.875
101270.218
101270.617
101273.015
101273.429
101271.921
101271.898
101272.828
101272.414
101273.359
101273.679
101273.695
101273.523
101279.218
101278.867
101276.750
101277.343
101278.695
101279.625
101277.750
101278.625
101277.507
101277.601
101275.140
101277.695
101276.226
101276.734
101278.718
101274.976
101276.078
101276.921
101277.414
101277.015
101276.843
101273.523
101273.953
101272.843
101273.281
101271.750
101274.203
101273.523
101275.296
101275.312
101278.773
101276.000
101276.906
101279.734
101280.921
101282.000
101280.070
101279.218
101282.171
101281.601
101281.429
101280.132
101277.750
101278.359
101277.171
101276.335
101278.867
101274.812
101277.414
101276.226
101277.859
101277.359
101275.828
101277.359
101276.320
101279.031
101274.625
101274.453
101274.703
101276.390
101272.671
101274.976
101272.578
101275.054
101276.078
101276.242
101274.789
101273.937
101279.453
101276.656
101277.250
101275.296
101277.585
101275.828
101276.390
101275.296
101278.960
101274.125
101273.523
101272.843
101273.093
101272.843
101274.375
101273.375
101271.140
101270.898
101272.000
101271.484
101270.976
101271.140
101268.523
101267.992
101270.296
101269.546
101265.203
101265.609
101266.312
101267.257
101268.859
101269.203
101269.710
101266.312
101267.164
101266.992
101268.015
101268.351
101268.523
101269.203
101270.390
101269.203
101270.296
101270.296
101272.593
101268.414
101269.015
101270.296
101269.773
101270.203
101269.203
101271.234
101272.093
101269.375
101270.734
101271.406
101270.734
101271.921
101270.976
101274.031
101272.765
101274.218
101272.429
101271.750
101272.671
101270.546
101269.617
101271.671
101273.453
101271.656
101269.875
101274.898
101269.710
101269.468
101271.328
101268.781
101269.632
101271.671
101270.718
101271.328
101270.046
101270.992
101272.859
101266.312
101274.453
101273.937
101274.562
101274.453
101272.859
101275.468
101275.070
101273.375
101272.578
101274.375
101272.015
101270.882
101272.500
101274.625
101272.078
101273.601
101274.109
101272.187
101273.265
101272.921
101271.484
101270.828
101272.695
101273.453
101272.859
101273.882
101273.523
101270.828
101272.414
101271.312
101271.054
101267.406
101273.453
101271.734
101268.781
101273.109
101270.312
101268.671
101273.265
101271.562
101271.500
101268.953
101272.015
101269.015
101270.656
101269.031
101268.257
101269.789
101270.375
101269.968
101267.148
101272.921
101266.640
101270.882
101268.671
101265.789
101267.593
101265.968
101268.187
101266.812
101266.062
101267.421
101267.828
101270.390
101269.109
101268.671
101269.617
101271.656
101270.468
101269.789
101271.218
101270.203
101270.828
101271.500
101268.843
101269.859
101269.453
101272.000
101269.453
101268.843
101268.429
101267.578
101266.484
101267.312
101267.406
101266.656
101264.445
101265.625
101264.617
101266.312
101264.281
101265.125
101268.609
101269.296
101267.593
101267.843
101269.875
101270.562
101269.296
101266.640
101270.828
101268.187
101270.734
101270.562
101268.187
101267.843
101268.687
101269.296
101269.953
101269.203
101269.546
101268.523
101267.937
101267.500
101269.296
101270.656
101270.390
101271.070
101270.312
101271.242
101271.484
101272.843
101270.054
101271.218
101269.359
101270.640
101268.000
101268.093
101266.218
101266.484
101267.164
101267.070
101266.484
101264.953
101265.031
101265.546
101263.328
101263.257
101261.460
101259.781
101261.296
101262.234
101261.804
101264.265
101262.562
101262.328
101265.031
101263.671
101261.031
101261.140
101264.523
101263.085
101261.734
101263.343
101262.500
101261.734
101260.968
101262.234
101264.617
101265.468
101266.992
101264.281
101266.976
101266.218
101266.062
101264.687
101264.015
101266.812
101269.953
101266.656
101268.429
101268.015
101265.281
101267.921
101266.312
101267.593
101268.523
101272.187
101271.171
101273.617
101274.390
101272.429
101270.734
101271.906
101272.515
101272.500
101269.359
101270.546
101271.390
101271.070
101269.859
101270.390
101269.710
101269.953
101271.312
101271.484
101274.296
101273.015
101275.656
101274.882
101275.242
101274.734
101279.828
101280.171
101278.031
101277.960
101278.695
101275.734
101276.078
101273.789
101273.109
101274.906
101276.000
101274.812
101275.484
101275.125
101276.343
101276.765
101275.484
101277.015
101276.656
101274.640
101274.375
101273.960
101273.617
101274.734
101274.203
101274.281
101272.078
101275.125
101274.882
101272.578
101274.640
101274.812
101275.148
101276.585
101275.125
101276.937
101275.390
101275.320
101275.578
101275.406
101274.640
101275.242
101277.437
101275.390
101275.296
101275.125
101276.343
101278.695
101277.109
101276.828
101278.187
101280.320
101278.281
101279.906
101279.039
101281.679
101281.093
101279.906
101283.039
101278.546
101280.250
101279.562
101282.781
101278.625
101280.921
101280.156
101279.390
101278.796
101277.343
101275.578
101278.109
101274.960
101278.281
101277.679
101276.921
101277.359
101275.226
101275.148
101276.921
101278.203
101276.585
101279.054
101277.187
101274.812
101274.031
101272.000
101276.414
101274.109
101273.765
101274.390
101273.882
101276.656
101275.812
101275.562
101276.656
101276.750
101278.546
101280.414
101278.031
101279.640
101279.132
101282.359
101280.414
101281.015
101281.343
101282.796
101282.796
101282.960
101280.234
101279.734
101280.078
101282.187
101278.359
101281.187
101281.921
101282.960
101280.656
101282.281
101284.062
101281.695
101280.507
101281.187
101282.265
101279.906
101280.578
101282.546
101281.343
101282.609
101282.781
101280.078
101281.609
101279.226
101278.359
101279.226
101278.109
101277.437
101277.531
101278.703
101274.375
101277.851
101277.187
101276.937
101280.000
101280.343
101280.398
101278.640
101278.875
101280.851
101281.015
101282.437
101278.125
101280.343
101278.296
101277.625
101276.585
101278.031
101278.968
101277.679
101280.656
101280.062
101282.945
101281.359
101283.640
101279.296
101282.093
101282.875
101280.492
101282.625
101281.679
101283.210
101284.468
101281.679
101282.703
101285.078
101282.703
101283.968
101282.546
101281.421
101281.171
101281.171
101280.171
101279.148
101281.171
101281.921
101284.304
101284.468
101281.921
101285.343
101287.031
101284.140
101286.609
101284.468
101284.468
101284.468
101282.203
101281.867
101283.906
101284.250
101281.250
101282.265
101282.093
101281.265
101279.054
101281.000
101283.812
101281.609
101282.203
101282.796
101280.828
101282.023
101282.546
101284.742
101283.734
101287.531
101282.890
101282.453
101286.968
101284.156
101283.304
101282.546
101284.078
101286.281
101284.585
101284.757
101284.828
101287.703
101285.515
101284.921
101285.515
101285.093
101283.398
101281.703
101282.781
101283.398
101284.078
101282.101
101282.796
101283.812
101282.453
101280.320
101280.000
101280.921
101280.593
101281.531
101279.984
101278.296
101279.890
101280.320
101280.515
101282.265
101281.859
101275.906
101278.453
101276.265
101278.132
101279.132
101276.585
101278.531
101276.601
101277.679
101279.398
101279.656
101279.562
101280.320
101281.687
101280.570
101281.945
101280.679
101280.906
101281.585
101278.640
101281.250
101279.210
101280.156
101278.531
101280.343
101279.640
101280.742
101278.968
101280.851
101280.171
101282.609
101282.781
101281.765
101280.398
101281.875
101282.265
101284.742
101284.906
101282.531
101283.289
101285.343
101285.687
101285.500
101285.328
101284.812
101283.890
101283.968
101285.328
101284.312
101284.812
101283.453
101284.406
101287.468
101282.953
101284.906
101285.421
101286.359
101285.000
101285.851
101281.679
101282.703
101284.156
101281.343
101281.765
101283.398
101281.265
101282.875
101281.687
101284.500
101283.304
101282.437
101286.687
101284.140
101282.437
101283.640
101285.156
101284.156
101286.703
101286.859
101284.664
101282.625
101285.781
101286.117
101282.187
101284.421
101284.984
101286.117
101283.289
101284.570
101282.546
101279.546
101279.562
101278.039
101278.718
101278.117
101277.679
101278.468
101271.843
101275.242
101275.640
101274.968
101275.984
101276.328
101275.921
101276.343
101274.109
101272.187
101277.171
101272.679
101272.171
101274.281
101273.531
101272.851
101273.031
101269.546
101270.390
101271.843
101272.921
101271.843
101273.546
101274.281
101276.492
101273.203
101271.414
101273.015
101274.453
101277.679
101274.625
101274.453
101278.703
101276.609
101277.437
101275.640
101274.968
101275.812
101277.343
101275.984
101274.796
101274.226
101277.343
101275.585
101276.664
101277.625
101277.679
101277.859
101280.234
101281.265
101280.593
101281.000
101279.304
101279.890
101283.382
101282.203
101285.078
101286.609
101286.031
101286.781
101284.812
101284.234
101285.156
101286.289
101286.007
101286.453
101284.234
101287.382
101285.765
101284.328
101285.437
101289.500
101289.000
101284.406
101285.781
101287.218
101290.703
101289.078
101289.078
101291.296
101288.554
101287.117
101290.195
101291.367
101290.765
101290.781
101291.796
101292.484
101290.343
101292.820
101290.421
101291.367
101289.843
101291.203
101288.312
101288.578
101287.703
101288.656
101288.312
101287.460
101287.390
101286.796
101287.390
101288.140
101286.273
101286.859
101288.726
101285.835
101287.968
101289.156
101287.476
101289.421
101287.296
101291.109
101289.843
101289.156
101290.007
101291.796
101290.101
101293.078
101288.726
101289.593
101287.218
101288.656
101288.984
101285.929
101287.648
101287.031
101289.343
101287.703
101290.609
101292.140
101289.328
101288.742
101289.671
101287.390
101288.578
101287.718
101290.101
101289.156
101285.328
101286.437
101286.195
101286.875
101286.875
101283.796
101284.812
101281.343
101280.062
101280.906
101284.250
101284.062
101284.742
101281.929
101282.187
101284.234
101281.000
101282.023
101284.570
101285.078
101287.460
101285.859
101285.437
101285.078
101286.437
101286.781
101286.609
101286.101
101285.093
101283.718
101284.671
101283.476
101284.234
101284.234
101284.062
101282.023
101283.984
101284.648
101283.046
101283.062
101279.476
101276.078
101278.890
101275.585
101275.640
101276.156
101273.625
101275.906
101276.757
101274.890
101275.328
101273.789
101274.734
101271.921
101274.054
101272.187
101275.250
101272.093
101274.226
101271.750
101270.148
101268.187
101271.484
101266.734
101269.453
101272.000
101267.828
101268.531
101265.375
101269.796
101269.453
101267.593
101267.242
101267.078
101268.093
101267.429
101267.000
101268.437
101268.015
101269.867
101268.437
101268.343
101270.734
101269.882
101269.453
101271.414
101269.531
101268.000
101269.796
101266.906
