24.896
24.875
24.886
24.886
24.896
24.886
24.896
24.886
24.896
24.875
24.896
24.886
24.886
24.896
24.896
24.886
24.896
24.886
24.886
24.864
24.896
24.886
24.886
24.886
24.896
24.896
24.896
24.896
24.896
24.886
24.875
24.896
24.896
24.896
24.896
24.886
24.896
24.896
24.896
24.886
24.875
24.886
24.907
24.886
24.896
24.886
24.886
24.886
24.896
24.896
24.896
24.875
24.896
24.896
24.886
24.886
24.896
24.896
24.864
24.907
24.896
24.896
24.896
24.896
24.896
24.896
24.896
24.896
24.896
24.875
24.886
24.896
24.886
24.896
24.896
24.886
24.886
24.896
24.896
24.896
24.896
24.896
24.896
24.896
24.886
24.896
24.896
24.896
24.886
24.886
24.896
24.886
24.886
24.886
24.896
24.896
24.896
24.886
24.886
24.896
