24.700
24.730
24.740
24.740
24.740
24.750
24.750
24.750
24.750
24.750
24.750
24.750
24.750
24.750
24.750
24.750
24.750
24.750
24.750
24.750
24.750
24.750
24.750
24.760
24.750
24.750
24.750
24.750
24.750
24.750
24.750
24.750
24.750
24.760
24.750
24.750
24.750
24.760
24.750
24.750
24.750
24.750
24.750
24.750
24.750
24.750
24.750
24.750
24.750
24.750
24.750
24.760
24.750
24.750
24.750
24.750
24.750
24.750
24.750
24.750
24.750
24.750
24.750
24.750
24.750
24.750
24.750
24.750
24.750
24.750
24.750
24.750
24.750
24.750
24.760
24.750
24.760
24.750
24.750
24.750
24.760
24.750
24.750
24.750
24.750
24.750
24.750
24.760
24.750
24.750
24.760
24.750
24.750
24.750
24.750
24.750
24.750
24.750
24.750
24.750
