25.134
25.134
25.118
25.134
25.148
25.134
25.118
25.134
25.148
25.161
25.134
25.148
25.161
25.118
25.134
25.161
25.134
25.148
25.148
25.148
25.148
25.134
25.134
25.134
25.118
25.148
25.134
25.134
25.148
25.134
25.134
25.148
25.134
25.134
25.148
25.148
25.148
25.148
25.148
25.161
25.148
25.134
25.134
25.161
25.148
25.161
25.148
25.161
25.134
25.148
25.148
25.134
25.134
25.161
25.161
25.148
25.134
25.175
25.161
25.134
25.148
25.161
25.134
25.161
25.134
25.148
25.161
25.161
25.148
25.161
25.134
25.118
25.161
25.148
25.134
25.161
25.175
25.161
25.148
25.134
25.148
25.134
25.134
25.118
25.148
25.148
25.148
25.134
25.134
25.161
25.148
25.148
25.134
25.148
25.148
25.148
25.161
25.161
25.134
25.134
