671.000
776.000
879.000
984.000
1088.000
1192.000
1297.000
1401.000
1506.000
1610.000
1714.000
1817.000
1920.000
2022.000
2124.000
2228.000
2330.000
2432.000
2534.000
2636.000
2739.000
2840.000
2942.000
3045.000
3146.000
3248.000
3350.000
3451.000
3554.000
3655.000
3758.000
3859.000
3961.000
4063.000
4164.000
4267.000
4368.000
4470.000
4572.000
4673.000
4775.000
4877.000
4978.000
5081.000
5182.000
5283.000
5385.000
5487.000
5588.000
5690.000
5792.000
5894.000
5995.000
6096.000
6199.000
6300.000
6403.000
6504.000
6605.000
6708.000
6809.000
6910.000
7013.000
7114.000
7216.000
7317.000
7419.000
7521.000
7622.000
7725.000
7826.000
7927.000
8030.000
8131.000
8232.000
8335.000
8436.000
8538.000
8639.000
8741.000
8843.000
8944.000
9047.000
9148.000
9249.000
9352.000
9453.000
9554.000
9656.000
9758.000
9860.000
9961.000
10063.000
10165.000
10266.000
10369.000
10470.000
10571.000
10674.000
10775.000
10876.000
10979.000
11080.000
11182.000
11284.000
11385.000
11487.000
11589.000
11691.000
11792.000
11894.000
11996.000
12097.000
12199.000
12301.000
12402.000
12505.000
12606.000
12707.000
12810.000
12911.000
13014.000
13115.000
13216.000
13319.000
13420.000
13522.000
13624.000
13725.000
13828.000
13929.000
14030.000
14133.000
14234.000
14336.000
14438.000
14539.000
14642.000
14743.000
14844.000
14947.000
15048.000
15151.000
15252.000
15353.000
15456.000
15557.000
15659.000
15760.000
15862.000
15964.000
16065.000
16167.000
16269.000
16370.000
16473.000
16574.000
16675.000
16778.000
16879.000
16982.000
17083.000
17184.000
17287.000
17388.000
17489.000
17592.000
17693.000
17795.000
17897.000
17998.000
18100.000
18202.000
18304.000
18406.000
18507.000
18610.000
18711.000
18812.000
18915.000
19016.000
19118.000
19220.000
19321.000
19424.000
19525.000
19627.000
19729.000
19830.000
19932.000
20034.000
20135.000
20238.000
20339.000
20441.000
20543.000
20644.000
20746.000
20848.000
20950.000
21051.000
21153.000
21255.000
21357.000
21458.000
21561.000
21662.000
21764.000
21866.000
21967.000
22069.000
22171.000
22273.000
22374.000
22476.000
22578.000
22679.000
22781.000
22883.000
22984.000
23087.000
23188.000
23290.000
23392.000
23493.000
23596.000
23697.000
23798.000
23901.000
24002.000
24104.000
24206.000
24307.000
24409.000
24511.000
24612.000
24715.000
24816.000
24918.000
25020.000
25121.000
25223.000
25325.000
25426.000
25529.000
25630.000
25732.000
25834.000
25935.000
26038.000
26139.000
26241.000
26343.000
26444.000
26546.000
26648.000
26749.000
26851.000
26953.000
27055.000
27156.000
27258.000
27360.000
27462.000
27564.000
27665.000
27767.000
27869.000
27970.000
28072.000
28174.000
28275.000
28378.000
28479.000
28580.000
28683.000
28784.000
28887.000
28988.000
29089.000
29192.000
29293.000
29394.000
29497.000
29598.000
29700.000
29802.000
29903.000
30005.000
30107.000
30209.000
30311.000
30412.000
30514.000
30616.000
30717.000
30819.000
30921.000
31023.000
31125.000
31226.000
31328.000
31430.000
31532.000
31633.000
31734.000
31837.000
31938.000
32040.000
32142.000
32243.000
32346.000
32447.000
32549.000
32651.000
32752.000
32855.000
32956.000
33057.000
33160.000
33261.000
33363.000
33465.000
33566.000
33669.000
33770.000
33871.000
33974.000
34075.000
34178.000
34279.000
34380.000
34483.000
34584.000
34685.000
34788.000
34889.000
34991.000
35093.000
35194.000
35297.000
35398.000
35501.000
35602.000
35703.000
35805.000
35907.000
36008.000
36110.000
36212.000
36314.000
36416.000
36517.000
36619.000
36721.000
36823.000
36924.000
37025.000
37128.000
37229.000
37330.000
37433.000
37534.000
37636.000
37737.000
37839.000
37941.000
38042.000
38145.000
38246.000
38347.000
38450.000
38551.000
38652.000
38755.000
38856.000
38959.000
39060.000
39161.000
39264.000
39365.000
39467.000
39569.000
39670.000
39773.000
39874.000
39975.000
40078.000
40179.000
40281.000
40383.000
40484.000
40587.000
40688.000
40791.000
40892.000
40993.000
41096.000
41197.000
41298.000
41401.000
41502.000
41604.000
41706.000
41807.000
41909.000
42011.000
42113.000
42214.000
42316.000
42418.000
42519.000
42621.000
42723.000
42825.000
42927.000
43028.000
43130.000
43232.000
43334.000
43436.000
43537.000
43639.000
43741.000
43843.000
43944.000
44046.000
44148.000
44250.000
44352.000
44453.000
44555.000
44657.000
44759.000
44861.000
44962.000
45064.000
45166.000
45267.000
45369.000
45471.000
45573.000
45675.000
45776.000
45878.000
45980.000
46082.000
46183.000
46285.000
46387.000
46488.000
46590.000
46692.000
46794.000
46896.000
46997.000
47099.000
47201.000
47303.000
47405.000
47507.000
47608.000
47710.000
47812.000
47913.000
48016.000
48117.000
48219.000
48321.000
48422.000
48525.000
48626.000
48728.000
48830.000
48931.000
49033.000
49135.000
49236.000
49338.000
49440.000
49542.000
49643.000
49745.000
49847.000
49949.000
50051.000
50152.000
50254.000
50356.000
50458.000
50560.000
50661.000
50763.000
50865.000
50966.000
51068.000
51170.000
51271.000
51374.000
51475.000
51577.000
51679.000
51781.000
51883.000
51984.000
52086.000
52188.000
52289.000
52391.000
52493.000
52595.000
52697.000
52799.000
52900.000
53002.000
53104.000
53206.000
53307.000
53409.000
53511.000
53612.000
53714.000
53816.000
53918.000
54020.000
54121.000
54223.000
54325.000
54426.000
54529.000
54630.000
54732.000
54834.000
54935.000
55037.000
55139.000
55241.000
55343.000
55444.000
55546.000
55648.000
55749.000
55852.000
55953.000
56055.000
56157.000
56258.000
56360.000
56462.000
56563.000
56666.000
56767.000
56869.000
56971.000
57072.000
57175.000
57276.000
57378.000
57480.000
57581.000
57683.000
57785.000
57887.000
57989.000
58090.000
58192.000
58294.000
58395.000
58498.000
58599.000
58701.000
58803.000
58904.000
59006.000
59108.000
59209.000
59312.000
59413.000
59515.000
59617.000
59718.000
59821.000
59922.000
60023.000
60126.000
60227.000
60328.000
60431.000
60532.000
60634.000
60736.000
60837.000
60939.000
61041.000
61143.000
61244.000
61346.000
61448.000
61549.000
61651.000
61753.000
61854.000
61957.000
62058.000
62159.000
62262.000
62363.000
62465.000
62567.000
62668.000
62771.000
62872.000
62973.000
63076.000
63177.000
63279.000
63381.000
63482.000
63584.000
63686.000
63788.000
63889.000
63991.000
64093.000
64194.000
64296.000
64398.000
64499.000
64602.000
64703.000
64804.000
64907.000
65008.000
65111.000
65212.000
65313.000
65416.000
65517.000
65619.000
65721.000
65822.000
65924.000
66026.000
66127.000
66229.000
66331.000
66433.000
66535.000
66636.000
66738.000
66840.000
66941.000
67044.000
67145.000
67247.000
67349.000
67450.000
67552.000
67654.000
67756.000
67857.000
67959.000
68061.000
68162.000
68264.000
68366.000
68467.000
68570.000
68671.000
68772.000
68875.000
68976.000
69078.000
69180.000
69281.000
69383.000
69485.000
69586.000
69689.000
69790.000
69892.000
69994.000
70095.000
70197.000
70299.000
70401.000
70503.000
70604.000
70706.000
70807.000
70909.000
71011.000
71112.000
71215.000
71316.000
71418.000
71520.000
71622.000
71724.000
71825.000
71927.000
72029.000
72131.000
72232.000
72334.000
72436.000
72538.000
72639.000
72741.000
72843.000
72945.000
73047.000
73148.000
73249.000
73352.000
73453.000
73554.000
73657.000
73758.000
73861.000
73962.000
74063.000
74166.000
74267.000
74369.000
74471.000
74572.000
74675.000
74776.000
74877.000
74980.000
75081.000
75184.000
75285.000
75386.000
75489.000
75590.000
75693.000
75794.000
75895.000
75998.000
76099.000
76201.000
76303.000
76404.000
76507.000
76608.000
76709.000
76812.000
76913.000
77016.000
77117.000
77218.000
77320.000
77422.000
77523.000
77625.000
77727.000
77829.000
77930.000
78032.000
78134.000
78236.000
78338.000
78439.000
78541.000
78643.000
78744.000
78846.000
78948.000
79050.000
79152.000
79253.000
79355.000
79457.000
79558.000
79661.000
79762.000
79863.000
79966.000
80067.000
80168.000
80271.000
80372.000
80475.000
80576.000
80677.000
80780.000
80881.000
80983.000
81085.000
81186.000
81289.000
81390.000
81491.000
81594.000
81695.000
81798.000
81899.000
82000.000
82103.000
82204.000
82307.000
82408.000
82509.000
82612.000
82713.000
82814.000
82917.000
83018.000
83120.000
83222.000
83323.000
83425.000
83527.000
83629.000
83730.000
83832.000
83934.000
84035.000
84136.000
84239.000
84340.000
84442.000
84544.000
84645.000
84747.000
84849.000
84951.000
85052.000
85154.000
85256.000
85357.000
85459.000
85561.000
85663.000
85765.000
85866.000
85968.000
86070.000
86171.000
86274.000
86375.000
86476.000
86579.000
86680.000
86781.000
86884.000
86985.000
87087.000
87189.000
87290.000
87392.000
87494.000
87596.000
87697.000
87799.000
87901.000
88003.000
88104.000
88206.000
88308.000
88410.000
88511.000
88613.000
88715.000
88816.000
88919.000
89020.000
89122.000
89224.000
89325.000
89427.000
89529.000
89630.000
89733.000
89834.000
89935.000
90038.000
90139.000
90241.000
90343.000
90444.000
90547.000
90648.000
90749.000
90852.000
90953.000
91055.000
91157.000
91258.000
91361.000
91462.000
91564.000
91666.000
91767.000
91869.000
91971.000
92072.000
92175.000
92276.000
92378.000
92480.000
92581.000
92683.000
92785.000
92887.000
92988.000
93090.000
93192.000
93294.000
93395.000
93497.000
93599.000
93701.000
93802.000
93904.000
94006.000
94107.000
94210.000
94311.000
94412.000
94515.000
94616.000
94717.000
94819.000
94921.000
95023.000
95124.000
95226.000
95328.000
95430.000
95532.000
95633.000
95735.000
95837.000
95938.000
96039.000
96142.000
96243.000
96346.000
96447.000
96548.000
96651.000
96752.000
96855.000
96956.000
97057.000
97159.000
97261.000
97362.000
97464.000
97566.000
97668.000
97769.000
97871.000
97973.000
98074.000
98177.000
98278.000
98379.000
98481.000
98583.000
98684.000
98787.000
98888.000
98990.000
99092.000
99193.000
99295.000
99397.000
99499.000
99601.000
99702.000
99804.000
99906.000
100007.000
100109.000
100211.000
100313.000
100415.000
100516.000
100618.000
100720.000
100822.000
100924.000
101025.000
101128.000
101229.000
101330.000
101433.000
101534.000
101637.000
101738.000
101839.000
101942.000
102043.000
102145.000
102247.000
102348.000
102451.000
102553.000
102657.000
102759.000
102861.000
102963.000
103065.000
103166.000
103269.000
103371.000
103474.000
103576.000
103678.000
103782.000
103884.000
103987.000
104090.000
104193.000
104295.000
104397.000
104501.000
104603.000
104706.000
104808.000
104911.000
105014.000
105116.000
105219.000
105322.000
105424.000
105527.000
105630.000
105733.000
105836.000
105938.000
106042.000
106145.000
106249.000
106353.000
106457.000
106560.000
106663.000
106767.000
106870.000
106974.000
107076.000
107180.000
107283.000
107386.000
107490.000
107593.000
107697.000
107800.000
107904.000
108007.000
108110.000
108213.000
108315.000
108419.000
108521.000
108623.000
108727.000
108829.000
108933.000
109035.000
109138.000
109242.000
109346.000
109450.000
109553.000
109657.000
109760.000
109864.000
109968.000
110071.000
110175.000
110279.000
110383.000
110486.000
110589.000
110693.000
110796.000
110900.000
111004.000
111108.000
111211.000
111314.000
111418.000
111522.000
111626.000
111728.000
111832.000
111935.000
112038.000
112142.000
112245.000
112350.000
112452.000
112556.000
112658.000
112761.000
112864.000
112966.000
113070.000
113172.000
113274.000
113378.000
113480.000
113583.000
113686.000
113788.000
113891.000
113994.000
114097.000
114200.000
114302.000
114405.000
114506.000
114609.000
114711.000
114812.000
114915.000
115016.000
115119.000
115220.000
115322.000
115424.000
115526.000
115628.000
115730.000
115831.000
115933.000
116035.000
116136.000
116239.000
116340.000
116443.000
116544.000
116645.000
116748.000
116849.000
116951.000
117053.000
117154.000
117256.000
117358.000
117459.000
117561.000
117663.000
117765.000
117866.000
117968.000
118070.000
118172.000
118274.000
118375.000
118477.000
118579.000
118681.000
118782.000
118884.000
118986.000
119088.000
119190.000
119291.000
119393.000
119495.000
119597.000
119699.000
119800.000
119902.000
120004.000
120105.000
120208.000
120309.000
120412.000
120513.000
120614.000
120717.000
120818.000
120921.000
121022.000
121123.000
121226.000
121327.000
121428.000
121531.000
121632.000
121734.000
121836.000
121937.000
122039.000
122141.000
122243.000
122344.000
122446.000
122548.000
122650.000
122752.000
122853.000
122955.000
123057.000
123158.000
123260.000
123362.000
123464.000
123566.000
123667.000
123769.000
123871.000
123973.000
124075.000
124176.000
124278.000
124380.000
124481.000
124583.000
124685.000
124787.000
124889.000
124991.000
125092.000
125195.000
125296.000
125398.000
125500.000
125601.000
125703.000
125805.000
125906.000
126009.000
126110.000
126213.000
126314.000
126415.000
126518.000
126619.000
126721.000
126823.000
126924.000
127027.000
127128.000
127229.000
127332.000
127433.000
127536.000
127637.000
127738.000
127841.000
127942.000
128044.000
128146.000
128247.000
128350.000
128451.000
128552.000
128655.000
128756.000
128859.000
128960.000
129061.000
129164.000
129265.000
129368.000
129469.000
129570.000
129673.000
129774.000
129875.000
129978.000
130079.000
130182.000
130283.000
130384.000
130487.000
130588.000
130691.000
130792.000
130894.000
130996.000
131097.000
131200.000
131301.000
131402.000
131505.000
131606.000
131708.000
131810.000
131912.000
132014.000
132115.000
132217.000
132319.000
132420.000
132523.000
132624.000
132725.000
132828.000
132929.000
133030.000
133132.000
133234.000
133336.000
133437.000
133539.000
133641.000
133743.000
133844.000
133947.000
134048.000
134150.000
134252.000
134353.000
134456.000
134557.000
134660.000
134761.000
134863.000
134965.000
135067.000
135169.000
135271.000
135372.000
135475.000
135576.000
135677.000
135780.000
135881.000
135984.000
136085.000
136187.000
136289.000
136391.000
136493.000
136594.000
136696.000
136798.000
136899.000
137001.000
137103.000
137204.000
137307.000
137408.000
137509.000
137612.000
137713.000
137815.000
137917.000
138018.000
138120.000
138222.000
138323.000
138426.000
138527.000
138630.000
138731.000
138832.000
138935.000
139036.000
139139.000
139240.000
139341.000
139444.000
139545.000
139648.000
139749.000
139850.000
139953.000
140054.000
140156.000
140258.000
140360.000
140462.000
140564.000
140665.000
140767.000
140869.000
140971.000
141073.000
141174.000
141276.000
141378.000
141479.000
141582.000
141683.000
141785.000
141887.000
141988.000
142090.000
142192.000
142294.000
142396.000
142497.000
142600.000
142701.000
142802.000
142905.000
143006.000
143109.000
143210.000
143311.000
143414.000
143515.000
143618.000
143719.000
143820.000
143923.000
144024.000
144125.000
144228.000
144329.000
144431.000
144533.000
144634.000
144737.000
144838.000
144941.000
145042.000
145143.000
145246.000
145347.000
145449.000
145551.000
145652.000
145755.000
145856.000
145958.000
146060.000
146162.000
146264.000
146365.000
146467.000
146569.000
146671.000
146772.000
146874.000
146976.000
147078.000
147180.000
147281.000
147384.000
147485.000
147587.000
147689.000
147790.000
147892.000
147994.000
148096.000
148198.000
148299.000
148401.000
148503.000
148604.000
148707.000
148808.000
148911.000
149012.000
149113.000
149215.000
149317.000
149419.000
149521.000
149622.000
149724.000
149826.000
149927.000
150029.000
150131.000
150233.000
150335.000
150436.000
150538.000
150640.000
150742.000
150844.000
150945.000
151048.000
151149.000
151250.000
151353.000
151454.000
151556.000
151658.000
151759.000
151862.000
151963.000
152066.000
152167.000
152269.000
152371.000
152472.000
152574.000
152676.000
152778.000
152880.000
152981.000
153082.000
153185.000
153286.000
153388.000
153490.000
153591.000
153694.000
153795.000
153897.000
153999.000
154100.000
154203.000
154304.000
154406.000
154508.000
154609.000
154712.000
154813.000
154915.000
155017.000
155119.000
155220.000
155322.000
155424.000
155526.000
155627.000
155729.000
155831.000
155933.000
156035.000
156137.000
156238.000
156341.000
156442.000
156544.000
156646.000
156747.000
156850.000
156951.000
157053.000
157155.000
157256.000
157359.000
157460.000
157562.000
157664.000
157765.000
157868.000
157969.000
158071.000
158173.000
158275.000
158376.000
158478.000
158580.000
158682.000
158784.000
158885.000
158987.000
159089.000
159191.000
159293.000
159394.000
159496.000
159598.000
159699.000
159802.000
159903.000
160005.000
160107.000
160208.000
160310.000
160412.000
160514.000
160616.000
160717.000
160820.000
160921.000
161022.000
161125.000
161226.000
161328.000
161430.000
161531.000
161633.000
161735.000
161837.000
161939.000
162040.000
162142.000
162244.000
162345.000
162447.000
162549.000
162651.000
162753.000
162854.000
162956.000
163058.000
163160.000
163262.000
163363.000
163465.000
163567.000
163668.000
163771.000
163872.000
163974.000
164076.000
164177.000
164279.000
164381.000
164483.000
164585.000
164686.000
164789.000
164890.000
164992.000
165093.000
165195.000
165297.000
165399.000
165500.000
165602.000
165704.000
165806.000
165908.000
166009.000
166112.000
166213.000
166316.000
166417.000
166518.000
166621.000
166722.000
166824.000
166926.000
167027.000
167130.000
167231.000
167332.000
167435.000
167536.000
167639.000
167740.000
167841.000
167944.000
168045.000
168147.000
168249.000
168350.000
168453.000
168554.000
168655.000
168758.000
168859.000
168961.000
169063.000
169164.000
169266.000
169368.000
169469.000
169572.000
169673.000
169776.000
169877.000
169978.000
170081.000
170182.000
170285.000
170386.000
170487.000
170590.000
170691.000
170792.000
170895.000
170996.000
171099.000
171200.000
171302.000
171404.000
171506.000
171608.000
171709.000
171811.000
171913.000
172015.000
172116.000
172219.000
172320.000
172422.000
172524.000
172625.000
172728.000
172829.000
172932.000
173034.000
173136.000
173239.000
173342.000
173446.000
173549.000
173652.000
173757.000
173860.000
173964.000
174067.000
174171.000
174273.000
174375.000
174478.000
174580.000
174683.000
174785.000
174888.000
174992.000
175096.000
175200.000
175303.000
175407.000
175510.000
175612.000
175715.000
175817.000
175920.000
176022.000
176123.000
176226.000
176328.000
176430.000
176532.000
176633.000
176736.000
176837.000
176940.000
177041.000
177143.000
177245.000
177347.000
177448.000
177550.000
177652.000
177754.000
177856.000
177957.000
178059.000
178161.000
178263.000
178364.000
178466.000
178568.000
178670.000
178771.000
178874.000
178975.000
179077.000
179179.000
179280.000
179382.000
179484.000
179586.000
179687.000
179789.000
179891.000
179992.000
180093.000
180196.000
180297.000
180399.000
180501.000
180602.000
180704.000
