4.851
5.445
5.877
6.091
6.364
6.470
6.657
6.702
6.838
6.944
7.028
6.999
6.975
7.053
7.114
7.068
7.031
7.097
7.149
7.468
7.713
7.904
7.797
7.711
7.641
7.585
7.539
7.503
7.474
7.450
7.340
7.250
7.271
7.288
7.302
7.312
7.941
5.162
9.573
10.018
10.096
8.082
6.002
4.242
1.353
22.433
28.973
32.156
34.097
34.415
33.293
29.960
26.973
24.321
21.597
23.022
23.187
21.127
19.180
17.116
8.165
5.765
8.754
13.428
16.100
18.692
19.168
21.105
21.173
20.613
18.141
15.932
17.478
27.142
24.498
22.127
20.029
18.177
16.546
15.116
13.866
12.988
12.240
11.432
10.741
10.154
9.589
9.112
8.789
8.522
8.220
8.054
7.833
7.740
7.576
7.442
7.333
7.245
7.173
7.116
