65.440
65.438
65.441
65.444
65.443
65.441
65.443
65.438
65.440
0.460
0.796
1.216
1.126
0.919
1.216
1.300
1.028
1.780
1.216
1.592
1.592
1.300
1.379
0.796
0.796
0.460
1.028
1.216
0.650
1.379
1.379
1.592
0.919
0.796
1.525
1.454
1.216
1.657
1.300
1.525
1.454
1.592
1.379
1.525
0.460
0.650
0.000
0.460
0.650
0.460
0.796
0.460
0.796
1.525
1.454
1.525
1.780
0.919
0.650
1.028
0.796
0.919
0.460
0.000
1.126
0.460
0.460
1.126
1.028
1.028
1.216
0.460
0.650
1.028
1.379
1.126
0.796
1.126
0.650
1.028
1.028
1.126
0.460
0.919
1.216
0.000
0.460
1.657
1.379
1.126
1.126
0.650
0.796
0.000
0.460
0.796
0.460
1.216
0.650
0.919
0.796
1.126
1.028
0.000
0.460
0.796
0.460
1.126
1.028
0.796
0.000
0.796
0.650
0.460
0.650
0.796
0.460
1.028
0.796
1.525
1.379
1.454
1.300
1.028
0.796
0.796
0.650
0.796
0.650
0.796
0.796
0.920
0.920
0.460
1.028
0.796
1.126
0.919
1.126
1.300
1.592
0.460
0.919
0.919
0.000
0.460
0.000
0.460
0.650
0.460
0.650
0.460
1.379
0.796
1.028
1.028
0.650
0.000
1.028
0.460
0.650
0.000
0.796
0.796
0.796
0.796
0.796
0.919
0.460
0.796
0.796
0.460
0.460
0.650
0.920
1.216
1.216
0.796
0.919
1.525
0.460
0.650
1.592
1.525
1.300
0.919
0.796
1.525
1.525
1.379
1.300
1.216
0.460
0.000
0.650
0.460
0.796
0.796
0.796
1.028
1.525
1.126
1.028
1.657
0.796
0.460
0.650
0.796
0.460
0.919
0.796
0.460
0.796
1.379
1.216
0.460
0.796
0.796
0.460
1.028
0.460
0.650
0.460
0.650
0.919
0.919
1.300
1.028
1.028
1.028
1.216
1.126
0.796
0.460
0.460
0.650
1.454
1.454
1.454
1.126
0.000
0.650
1.379
1.126
1.300
0.460
0.796
1.525
1.525
1.525
0.919
0.000
0.796
0.460
1.028
0.650
0.460
1.028
0.919
0.650
0.460
0.920
0.920
0.920
0.920
0.920
0.920
0.000
0.460
0.796
1.216
0.796
0.650
0.796
0.000
0.650
1.028
0.650
0.650
0.000
0.650
0.796
0.650
0.796
0.460
0.919
0.650
0.650
1.028
0.796
0.460
0.000
0.460
0.919
0.650
1.126
1.216
0.919
1.028
1.216
0.000
0.650
0.650
0.796
0.000
0.796
0.650
0.796
1.216
0.460
0.460
1.028
0.796
0.460
0.460
0.919
0.796
0.650
0.650
0.796
1.216
0.460
0.796
1.028
0.919
1.028
0.460
0.460
0.460
1.028
0.796
1.126
1.592
1.126
1.657
1.126
1.379
1.379
1.126
1.028
0.650
0.460
0.460
0.796
1.216
0.000
0.650
0.000
1.379
0.796
0.796
0.796
1.028
0.650
0.460
0.796
0.000
1.028
0.460
0.796
0.919
0.796
0.796
1.126
1.126
0.919
0.460
0.650
0.650
0.796
0.460
0.920
0.460
0.460
1.028
1.454
1.525
0.796
0.796
0.919
0.796
0.650
1.028
0.920
1.454
0.650
0.000
0.919
0.920
1.126
1.379
1.216
1.216
1.300
1.379
1.300
0.460
0.000
0.460
0.796
0.460
1.300
1.028
0.796
0.920
0.460
0.650
0.796
0.460
0.796
1.028
0.920
1.379
1.126
1.379
1.126
1.300
1.454
0.920
0.650
0.460
0.460
0.000
0.460
0.460
0.796
0.650
0.796
0.796
0.460
0.650
0.460
0.796
1.028
1.126
1.028
0.920
1.300
1.379
0.796
0.920
0.650
0.460
0.460
0.650
0.460
0.000
0.460
1.126
1.300
0.460
0.920
0.460
1.126
1.525
1.593
1.454
1.593
1.454
1.593
1.525
1.379
1.216
1.216
0.920
1.126
0.460
1.028
0.650
0.650
0.000
0.000
0.460
0.460
1.028
1.126
1.658
1.454
1.216
1.525
1.216
1.300
1.028
0.796
0.919
0.460
1.379
1.126
0.650
0.460
0.000
1.028
0.650
0.796
0.796
0.460
1.379
1.126
1.593
1.525
1.126
1.379
1.300
1.300
0.796
0.460
1.028
0.650
0.460
1.300
1.028
1.454
1.028
0.650
0.920
0.000
1.028
0.796
1.126
1.126
1.525
1.126
1.525
1.454
1.126
0.920
0.796
1.216
1.028
1.028
1.028
1.126
1.126
1.028
0.796
0.650
0.920
1.028
0.796
1.028
0.796
1.593
1.454
1.525
0.650
0.796
0.460
0.920
1.126
0.650
0.000
0.460
0.796
0.796
0.796
1.126
0.650
0.796
0.920
0.650
0.796
1.126
1.216
1.126
1.126
1.454
1.216
1.379
0.796
0.920
0.650
0.796
1.300
0.650
0.920
0.796
0.460
0.460
0.796
0.460
1.028
0.650
1.028
0.650
0.650
0.650
1.300
1.216
0.920
1.028
0.460
0.000
0.460
0.460
1.216
1.028
0.000
1.216
0.650
0.000
0.920
0.460
0.650
0.460
0.460
1.720
1.216
1.126
1.300
1.028
1.300
1.216
0.920
0.650
0.460
0.650
0.460
0.460
0.650
0.460
0.796
0.460
0.920
0.460
0.000
0.650
0.650
0.000
1.300
1.379
1.454
0.650
0.920
0.919
1.028
0.460
0.650
0.920
0.460
0.000
0.000
1.126
0.650
0.460
0.650
0.796
0.650
0.650
1.300
1.216
1.216
1.216
1.300
1.216
1.216
0.796
1.028
0.000
0.460
0.460
0.796
0.920
0.460
0.000
0.920
0.796
0.000
1.126
0.650
0.000
0.796
0.920
0.650
0.460
1.216
1.454
1.028
0.460
0.650
0.460
0.460
1.300
1.126
1.126
0.796
1.216
0.460
0.000
0.460
0.000
0.460
1.216
0.920
0.460
0.920
1.126
1.126
1.126
0.460
0.460
0.460
0.460
0.000
1.028
1.657
1.379
0.796
1.126
0.460
0.920
0.460
0.000
0.920
1.300
1.216
1.126
1.028
0.796
1.300
1.126
1.028
0.000
0.796
0.796
0.460
0.460
0.796
0.460
1.839
1.126
1.216
0.919
1.216
1.592
0.920
1.126
1.028
1.216
1.126
0.796
1.126
0.650
0.000
0.650
0.650
0.460
0.460
0.650
0.650
0.650
0.000
0.460
0.000
0.460
0.000
0.000
0.920
0.920
0.920
0.796
1.028
0.920
0.460
0.796
0.460
1.126
0.000
0.650
0.460
0.796
0.919
0.650
1.592
1.300
1.216
1.028
0.650
0.920
0.796
1.028
1.028
0.796
0.919
1.028
0.920
0.796
0.650
0.650
1.126
0.919
0.460
1.028
0.460
0.460
0.796
0.650
0.460
0.460
0.650
0.796
0.650
0.650
0.920
1.126
0.796
1.028
0.000
0.796
0.460
0.919
0.650
0.919
0.796
0.919
0.919
1.028
1.126
0.796
0.650
0.000
0.000
0.920
0.460
0.650
0.000
0.796
0.460
0.650
1.126
1.780
1.454
1.216
1.300
1.657
1.216
1.379
1.657
1.454
1.028
1.300
1.126
0.796
0.460
0.460
0.920
1.028
0.920
0.460
0.460
0.000
0.919
1.028
0.919
0.919
0.796
0.460
0.460
0.460
0.919
0.796
1.300
0.650
0.796
0.796
0.650
0.460
0.650
0.460
0.796
0.460
0.919
1.126
1.028
1.126
0.650
0.796
0.460
1.028
0.460
1.454
1.028
1.592
1.525
0.000
0.650
0.460
0.650
0.460
0.650
0.920
0.650
0.796
0.650
0.919
0.650
1.216
0.919
0.460
0.460
0.460
0.650
0.919
0.650
0.650
1.028
1.300
0.650
0.460
0.920
1.216
0.920
1.216
0.796
0.000
0.000
0.796
1.028
0.000
0.796
1.720
0.919
1.028
1.300
0.460
0.650
0.650
0.460
0.000
0.920
1.126
1.126
1.028
0.000
0.460
0.796
0.000
0.650
0.796
1.300
1.525
1.300
1.525
0.000
1.300
0.460
0.650
0.000
1.525
0.919
1.126
0.650
0.460
1.028
1.216
1.126
1.028
1.126
0.000
0.000
0.000
0.460
0.460
0.919
0.796
0.650
0.650
1.657
1.216
0.796
1.216
1.950
0.796
0.920
0.796
0.650
1.028
1.028
0.796
1.454
1.525
1.126
1.126
0.919
0.460
0.650
0.650
1.028
0.796
1.300
1.454
2.252
1.592
1.454
0.650
1.216
1.028
1.126
1.950
3.735
7.679
8.637
8.427
1.216
1.781
2.796
3.251
3.590
3.561
4.213
4.799
5.593
6.150
7.002
6.436
7.017
7.412
8.146
7.326
7.341
8.028
7.774
7.540
7.842
8.275
8.094
8.722
9.421
10.207
9.924
10.543
10.917
12.581
13.083
12.937
14.184
14.266
13.989
13.890
12.994
13.220
13.575
13.559
12.978
12.471
12.197
12.581
12.781
12.954
14.102
14.624
14.064
13.316
12.904
12.615
12.471
11.242
11.961
12.301
11.943
11.410
11.711
12.429
12.623
13.011
14.132
14.631
14.027
14.501
14.552
14.804
14.472
14.725
14.995
14.530
14.034
14.102
13.512
12.258
13.959
15.219
14.718
14.124
14.573
13.284
14.384
13.614
13.590
13.220
12.606
12.673
12.223
13.091
13.536
14.027
13.883
13.196
12.740
12.005
11.926
12.309
13.116
12.706
11.917
11.223
10.553
10.382
11.185
12.446
11.702
11.657
10.279
10.176
10.583
11.657
2.298
0.650
0.796
0.460
1.028
0.919
0.000
0.460
0.796
0.460
1.028
1.454
1.216
1.216
1.379
0.919
0.919
0.796
0.650
0.920
0.920
0.650
0.920
0.920
0.460
0.919
0.650
0.796
0.650
0.919
0.796
1.126
0.919
0.650
0.000
0.796
1.780
1.454
1.028
0.796
0.796
0.000
0.920
0.920
1.126
1.028
0.000
0.650
0.460
0.460
0.460
0.919
0.460
0.000
0.460
0.650
0.796
0.460
0.650
0.650
1.592
0.650
0.796
1.028
1.126
0.796
0.460
0.000
0.460
0.650
0.000
0.000
0.460
0.796
0.796
0.460
0.460
0.460
0.919
0.650
0.000
0.796
1.126
1.028
0.650
0.650
0.920
1.028
0.650
0.650
0.796
0.920
0.000
0.460
0.460
1.028
0.460
0.460
0.650
1.126
1.216
1.300
0.650
1.300
1.028
0.920
0.460
0.920
1.126
0.650
0.000
0.919
1.126
1.780
1.028
1.379
0.796
0.919
0.796
0.000
0.460
0.650
0.460
1.028
0.650
0.920
0.460
1.379
1.300
1.216
0.920
0.920
0.460
0.460
1.028
0.000
0.460
0.460
0.650
0.920
0.460
0.000
0.650
0.460
0.460
1.028
1.216
1.126
0.796
0.920
0.460
0.920
0.460
0.796
0.460
0.650
0.796
0.460
0.796
0.919
1.720
1.379
1.379
1.454
0.000
0.796
0.460
1.216
0.796
0.460
0.650
0.460
0.920
0.460
0.650
0.650
0.000
0.796
0.796
0.000
0.650
0.460
0.919
0.919
0.460
0.650
0.000
0.460
0.000
0.796
0.796
0.460
0.650
1.126
0.920
0.650
1.657
1.657
1.454
1.592
1.525
1.720
0.460
1.657
1.454
1.300
1.379
0.460
0.460
1.657
1.126
0.796
0.796
1.379
1.126
0.920
0.796
0.650
0.650
0.650
1.028
0.650
0.000
0.000
0.796
0.650
0.650
1.126
1.028
1.126
0.650
0.796
1.028
0.796
0.650
0.920
1.216
0.460
1.126
0.919
0.796
1.028
0.796
0.919
0.000
0.650
1.028
1.454
1.028
1.720
0.000
1.028
0.796
1.216
0.650
1.126
0.460
1.028
1.028
0.460
1.028
1.126
1.028
0.000
0.460
0.796
0.796
0.796
0.919
0.000
0.920
0.000
0.460
0.460
1.300
1.028
1.028
0.920
1.126
1.126
0.000
0.796
1.028
1.028
1.028
1.300
1.028
1.126
1.126
1.028
0.796
0.919
0.796
1.126
0.650
1.126
0.796
0.920
0.650
0.460
0.920
0.000
0.650
1.028
0.796
1.126
1.126
0.000
1.839
1.720
1.028
1.780
0.919
0.919
1.028
0.796
0.650
0.796
0.796
1.028
1.126
1.028
0.796
0.650
0.796
0.919
1.028
1.028
1.126
0.796
0.796
1.126
0.919
1.216
0.919
0.650
1.028
1.126
0.650
1.216
0.650
0.460
0.650
0.920
0.000
0.650
0.460
0.460
0.460
0.460
0.919
0.650
0.796
0.919
0.796
0.650
0.650
1.592
1.028
1.126
0.796
1.028
0.460
0.000
0.920
0.796
0.650
1.028
1.216
1.126
0.650
1.216
1.592
0.796
0.650
0.919
1.300
1.126
1.216
1.300
0.000
0.000
0.000
0.796
0.650
0.650
0.460
0.460
0.919
1.216
0.650
0.650
1.126
1.379
1.950
1.379
1.454
1.525
1.028
0.796
0.460
1.028
0.460
0.650
0.650
0.650
0.460
1.657
1.454
1.525
1.525
0.796
0.796
0.796
1.216
1.126
0.650
1.126
1.126
0.650
0.796
0.796
0.460
0.460
0.460
0.460
0.796
0.650
0.460
0.796
0.460
1.216
1.216
0.460
0.796
0.919
0.650
0.460
1.126
1.028
0.796
0.919
1.300
0.650
0.460
0.000
0.460
0.650
0.000
0.460
0.460
0.650
1.126
1.300
1.028
0.650
0.919
1.720
1.592
1.454
1.657
1.300
1.126
1.028
0.919
0.000
0.000
0.460
0.460
0.650
0.920
0.460
0.000
1.126
1.300
0.919
1.028
0.460
0.650
0.796
1.126
1.028
1.300
1.028
0.460
0.796
1.028
0.796
0.650
0.796
0.000
0.000
0.920
0.460
0.796
0.460
1.028
0.796
0.000
0.460
0.000
0.919
0.796
0.650
0.919
1.379
1.592
1.592
1.454
1.454
0.460
0.460
0.796
0.796
0.460
1.028
0.796
1.300
1.379
1.657
1.592
1.454
1.454
1.028
0.460
1.028
0.650
0.919
1.300
0.919
1.126
0.796
0.650
0.650
0.000
0.796
0.796
1.126
1.126
1.216
1.300
1.300
1.525
1.216
1.300
0.919
1.454
1.028
0.460
1.216
1.379
0.796
0.460
0.000
0.650
0.460
1.525
1.300
1.216
1.895
1.028
1.126
2.107
1.780
1.839
1.657
1.592
1.300
1.300
1.379
1.028
0.650
1.028
0.919
1.126
1.300
1.895
5.439
7.747
11.881
15.065
18.588
20.824
21.859
23.683
26.001
26.884
24.798
3.218
1.300
0.460
0.796
0.460
2.518
4.163
28.972
42.393
41.969
41.455
32.376
0.796
1.300
0.650
1.028
1.126
1.379
1.839
1.454
1.216
1.657
0.650
0.460
0.796
0.650
1.126
1.216
0.796
1.028
0.796
1.028
0.796
0.920
0.796
0.650
0.460
0.460
1.028
0.796
0.000
0.796
0.460
0.460
0.796
1.028
0.920
0.000
0.460
1.216
0.000
0.000
1.028
0.460
0.650
0.650
0.460
0.796
0.650
0.000
0.796
0.919
0.920
0.650
0.920
2.344
