6.713
7.256
7.498
7.603
7.648
7.698
7.743
7.731
7.678
5.439
3.873
2.815
1.990
1.743
1.637
1.858
2.013
1.955
1.925
1.767
1.618
1.605
1.565
1.612
1.535
1.597
1.456
1.380
1.341
1.360
1.205
1.120
1.451
1.558
1.541
1.633
1.739
1.569
1.513
1.620
1.671
1.632
1.545
1.500
1.441
1.447
1.590
1.557
1.397
1.137
1.084
1.105
1.162
1.275
1.203
1.334
1.539
1.632
1.769
1.833
1.948
1.976
2.042
1.997
1.716
2.054
2.081
2.043
2.100
1.806
1.733
1.425
1.059
1.140
1.179
1.198
1.292
1.555
1.640
1.480
1.700
1.741
1.668
1.694
1.644
1.586
1.654
1.624
1.434
1.584
1.685
1.540
1.268
1.242
1.272
1.201
1.164
1.234
1.425
1.545
1.635
1.477
1.570
1.581
1.684
1.671
1.532
1.629
1.577
1.482
1.431
1.288
1.334
1.191
1.013
1.374
1.590
1.688
1.435
1.516
1.588
1.590
1.624
1.575
1.802
1.821
1.914
1.960
1.785
1.812
1.737
1.728
1.630
1.510
1.332
1.233
0.986
0.885
1.514
1.835
1.778
1.779
1.689
1.471
1.269
1.155
0.937
0.663
0.865
0.831
1.091
0.955
0.675
0.578
0.768
1.068
1.233
1.424
1.612
1.465
1.223
0.556
1.608
2.036
2.572
2.667
2.614
2.546
2.359
2.115
1.928
1.855
1.818
1.709
1.715
1.655
1.415
1.359
1.290
1.449
1.522
1.452
1.453
1.489
1.542
1.697
1.828
1.833
1.807
1.734
1.727
1.596
1.492
1.281
1.408
1.431
1.405
1.142
1.037
1.082
1.151
1.042
0.982
1.241
1.390
1.530
1.561
1.706
1.743
1.821
1.771
1.746
1.606
1.461
1.458
1.811
1.854
1.758
1.109
1.372
1.556
1.764
1.831
1.806
1.851
1.532
1.305
1.219
1.341
1.399
0.587
1.325
1.353
1.477
1.570
1.614
1.570
1.231
1.598
1.628
1.767
1.713
2.001
1.976
1.881
1.773
1.555
2.485
2.762
2.760
2.323
3.210
3.452
3.999
5.157
5.629
5.850
5.714
5.954
6.564
6.028
5.958
5.639
5.980
6.204
6.363
5.838
6.280
6.241
6.373
6.551
6.749
6.884
7.079
6.820
6.412
7.051
7.175
5.248
6.101
6.313
7.156
6.711
6.742
6.461
6.095
6.335
6.661
6.549
6.252
6.444
6.602
7.212
7.137
6.827
6.729
6.272
6.013
6.725
6.795
6.448
6.817
7.076
7.469
7.107
6.787
6.918
6.349
6.475
6.744
6.828
6.839
6.632
6.379
6.522
6.672
7.022
7.183
7.093
7.262
7.185
6.782
6.885
7.285
7.101
6.984
7.201
6.545
6.816
6.971
6.948
7.110
6.495
6.690
6.401
6.402
6.645
7.195
7.009
6.513
6.785
7.150
6.724
6.533
7.024
6.869
6.905
6.823
6.049
6.074
6.885
6.782
7.251
6.589
6.298
6.539
6.340
6.519
6.655
6.399
6.516
6.669
7.043
6.572
6.633
6.575
7.037
7.190
7.119
6.825
6.914
6.750
7.007
7.027
6.854
6.577
6.969
6.817
6.419
6.361
6.085
6.322
6.371
6.873
6.968
6.676
5.984
6.365
6.292
6.348
6.425
6.837
6.710
6.387
6.686
6.753
6.310
6.239
6.446
6.999
7.274
7.198
6.766
6.984
7.083
6.736
6.992
6.852
6.519
6.279
6.181
6.401
6.581
6.771
6.895
7.305
6.721
6.652
6.331
6.017
6.829
7.317
7.132
7.089
6.747
6.657
6.564
6.739
6.926
6.971
6.740
6.469
6.803
6.772
7.188
7.013
7.503
7.379
7.324
6.637
6.830
7.295
7.268
6.810
6.586
7.175
7.302
7.168
6.527
7.381
7.061
7.532
7.543
7.321
7.266
6.628
7.195
7.609
7.077
7.268
7.362
6.642
6.644
6.887
6.665
6.503
6.881
6.702
6.257
6.422
6.346
6.333
6.684
7.080
7.093
6.873
7.014
6.692
6.933
6.884
6.766
6.698
6.766
6.675
7.076
7.268
7.144
7.236
6.816
7.076
6.979
7.103
6.878
7.054
6.681
6.608
5.747
3.460
4.512
3.521
2.425
1.209
0.971
0.612
1.408
1.275
1.111
1.210
1.168
0.605
1.464
0.661
1.382
0.331
1.001
1.802
1.315
2.035
1.363
1.917
0.822
0.986
4.055
3.422
3.906
2.947
2.945
5.047
4.157
2.715
2.813
3.769
5.499
6.194
6.383
6.475
6.633
6.687
7.156
6.997
6.659
6.940
7.355
6.677
6.345
5.810
6.096
5.823
5.375
5.064
3.073
0.268
1.614
3.506
2.818
2.612
2.574
4.748
5.426
6.230
6.317
6.809
6.883
6.727
6.591
6.594
6.418
6.476
6.791
6.897
5.659
5.829
5.894
4.366
6.543
5.084
2.783
4.814
2.396
3.000
3.881
4.353
4.271
3.767
5.131
4.258
4.960
4.826
3.709
4.446
4.041
3.795
2.135
1.540
4.083
1.254
4.269
4.303
4.523
4.135
2.578
3.741
3.534
4.139
5.322
4.919
4.705
4.949
4.032
4.653
5.764
4.954
5.401
4.446
4.716
4.657
4.476
4.160
5.399
4.788
3.417
5.132
6.539
5.285
5.110
5.607
5.209
5.133
4.937
3.946
0.676
4.224
3.933
3.534
4.678
3.194
4.612
4.441
5.112
4.740
5.961
5.816
5.488
4.195
4.702
3.357
4.543
5.484
3.566
5.243
5.047
5.396
5.456
5.694
5.530
5.609
3.966
4.602
5.697
5.474
4.906
5.399
2.961
4.194
4.400
5.318
5.044
5.103
5.100
4.100
4.936
5.698
4.523
5.712
4.913
5.798
5.192
5.156
3.011
4.619
5.487
5.980
3.652
1.842
4.338
4.226
4.761
3.303
4.861
4.135
2.639
5.301
4.710
4.766
3.417
5.163
5.382
5.222
6.108
4.439
5.471
5.465
5.539
4.363
5.705
6.082
6.176
5.700
5.259
4.420
3.225
5.441
5.392
5.874
5.481
4.265
4.941
5.663
4.210
5.850
6.089
5.900
4.454
4.853
3.866
3.910
4.052
5.238
4.928
5.704
5.108
4.379
4.548
4.136
4.432
5.869
6.002
6.618
5.442
4.139
4.909
3.347
1.454
4.516
6.745
6.828
6.714
7.012
6.507
5.745
3.835
1.363
1.116
2.813
3.091
2.965
1.468
3.053
3.650
3.888
4.522
4.394
4.578
4.049
4.002
4.595
4.886
5.149
5.296
5.127
4.815
4.043
4.205
4.639
3.115
3.167
3.225
1.567
3.341
0.783
2.430
3.067
2.824
3.181
2.202
3.560
4.188
4.504
2.961
1.360
0.962
2.397
3.925
3.377
1.949
3.315
3.531
2.796
5.036
5.312
4.924
4.617
4.071
3.110
5.106
6.015
6.421
6.395
6.658
7.075
7.076
6.986
7.469
7.283
7.017
7.002
6.685
6.265
6.475
6.728
6.920
7.044
6.644
6.902
6.868
6.928
6.469
6.354
6.295
6.432
6.515
6.557
6.990
6.330
6.674
6.770
6.629
6.444
6.521
6.664
6.741
6.686
6.282
6.863
6.779
6.390
6.511
6.571
6.528
6.563
6.963
6.752
6.499
6.763
6.783
6.785
6.794
7.065
6.890
6.737
6.318
6.192
6.171
6.280
6.611
6.516
6.451
6.460
6.365
6.122
6.340
6.396
6.792
7.034
6.679
6.749
6.705
6.475
6.093
6.433
6.484
6.864
6.810
6.853
6.996
7.014
7.238
7.024
7.043
6.731
6.593
6.824
6.664
6.575
6.595
6.668
6.845
6.620
6.649
6.981
7.119
6.985
6.941
6.501
6.411
6.783
6.878
7.024
7.020
7.457
7.226
6.965
6.753
6.564
6.677
6.606
6.752
7.000
6.549
6.771
6.994
6.594
6.871
7.050
6.920
6.745
7.094
7.262
7.089
6.940
6.879
6.956
7.136
7.055
7.096
6.511
7.067
6.936
6.746
7.057
6.977
6.577
6.425
6.136
6.858
7.059
7.325
6.948
6.861
6.932
6.585
6.973
7.269
7.320
7.051
6.528
6.831
6.700
6.585
6.535
6.804
6.670
6.830
6.924
6.856
6.513
6.816
7.076
7.369
7.129
6.776
6.936
6.547
6.700
7.206
6.939
6.377
5.587
6.301
6.565
6.685
6.861
6.847
6.755
6.795
6.689
6.809
6.990
7.041
7.148
7.311
6.755
6.779
6.689
6.793
7.102
6.199
5.086
3.462
2.404
1.430
0.840
0.594
0.266
0.751
0.774
0.966
1.276
1.515
1.448
1.376
1.488
1.641
1.712
1.588
1.414
1.236
1.727
1.693
1.797
1.602
1.222
1.031
0.977
0.830
0.671
0.868
1.241
1.271
1.156
1.272
1.110
1.209
1.337
1.236
1.226
1.264
1.362
1.409
1.538
1.565
1.324
1.229
0.869
0.895
0.711
0.755
0.776
1.020
1.122
1.076
1.279
1.330
1.274
1.246
1.095
1.011
1.209
1.255
1.192
1.204
1.166
1.099
0.903
0.911
0.915
1.170
1.359
1.681
1.701
1.914
1.761
1.581
1.587
1.807
1.823
1.916
1.820
1.710
1.834
2.130
2.143
1.742
1.143
0.353
1.145
1.309
1.263
1.152
0.814
0.576
0.245
0.706
0.994
0.958
1.231
1.496
1.612
1.602
1.385
1.219
1.302
1.260
0.829
0.813
1.084
1.005
1.017
1.121
1.170
1.397
1.567
1.613
1.569
1.646
1.652
1.655
1.894
1.950
1.977
2.068
1.788
1.661
1.527
1.301
1.260
1.321
1.310
1.178
1.323
1.427
1.512
1.652
1.686
1.734
1.727
1.813
1.737
1.666
1.630
1.544
1.635
1.581
1.483
1.234
1.267
1.107
1.068
0.884
0.776
1.071
1.357
1.443
1.520
1.808
1.852
1.983
2.072
1.931
1.886
1.775
1.893
1.838
1.867
1.765
1.649
1.716
1.808
1.823
1.997
2.078
2.067
2.087
1.967
1.904
1.900
1.753
1.767
1.861
1.792
1.786
1.870
1.611
1.499
1.440
1.483
1.573
1.742
1.604
1.496
1.363
1.163
1.144
1.308
1.131
0.978
0.892
0.845
0.996
1.111
1.252
1.317
1.268
1.325
1.352
1.366
1.293
1.168
1.051
1.182
1.008
0.965
0.997
1.063
1.392
1.756
1.966
1.985
1.994
1.805
1.702
1.801
1.987
1.858
1.848
2.160
1.841
1.627
1.361
1.331
1.275
1.288
1.252
1.317
1.425
1.708
1.683
1.732
1.786
1.783
1.782
1.690
1.576
1.551
1.467
1.461
1.596
1.491
1.239
1.138
1.178
0.951
0.990
1.200
1.410
1.539
1.532
1.596
1.561
1.508
1.551
1.572
1.514
1.554
1.606
1.696
1.827
1.862
1.792
1.632
1.545
1.500
1.404
1.313
1.266
1.438
1.651
1.864
2.016
2.112
2.183
2.095
1.889
1.974
1.880
1.970
1.933
1.942
1.973
1.851
1.726
1.596
1.691
1.610
1.499
1.512
1.683
1.763
1.887
1.919
1.935
1.915
1.849
1.815
1.798
1.904
1.755
1.827
1.744
1.701
1.679
1.637
1.582
1.587
1.414
1.470
1.349
1.677
1.699
1.800
1.760
1.770
1.805
1.733
1.757
1.708
1.918
1.988
1.996
2.026
1.733
1.461
1.458
1.342
1.150
1.228
1.306
1.382
1.626
1.937
1.971
1.961
2.009
2.109
1.897
1.781
1.751
1.642
1.650
1.621
1.540
1.497
1.511
1.552
1.702
1.648
1.411
1.099
1.329
1.604
1.725
1.723
1.752
1.705
1.889
1.777
1.623
1.734
1.727
1.724
1.627
1.473
1.534
1.345
1.105
0.847
1.356
1.406
1.537
1.631
1.676
1.667
1.597
1.691
1.674
1.634
1.739
1.667
1.564
1.545
1.635
1.614
1.668
1.460
1.457
1.491
1.472
1.601
1.422
1.474
1.568
1.857
1.876
1.770
1.891
2.028
2.263
2.459
2.510
2.471
2.273
1.963
1.874
1.739
1.465
1.459
1.303
1.418
1.736
1.389
1.422
1.362
1.713
1.622
1.505
1.549
1.700
1.771
1.834
1.590
1.452
1.489
1.471
1.463
1.305
1.175
1.151
1.228
0.982
0.951
0.877
1.109
1.372
1.414
1.470
1.498
1.511
1.518
1.556
1.574
1.444
1.554
1.702
1.943
1.946
1.718
1.719
1.489
2.068
2.186
2.122
1.819
1.404
1.187
0.774
0.714
0.756
0.535
0.595
0.623
0.966
0.998
1.288
1.294
1.337
1.764
1.712
1.621
1.671
1.309
1.263
1.105
1.291
1.521
1.623
1.704
1.712
1.835
1.778
1.779
1.750
1.704
1.584
1.653
1.655
1.656
1.416
1.279
1.330
1.315
1.695
1.644
1.714
1.836
1.687
1.608
1.600
1.563
1.611
1.499
1.580
1.714
1.622
1.574
1.515
1.520
1.590
1.452
1.453
1.379
1.300
1.300
1.172
1.238
1.389
1.813
1.855
1.847
2.007
1.812
1.796
1.759
1.709
1.714
1.655
1.656
1.558
1.575
1.407
1.393
1.565
1.324
1.312
1.085
1.283
1.446
1.555
1.433
1.444
1.295
1.522
1.523
1.489
1.641
1.649
1.621
1.607
1.664
1.629
1.509
1.371
1.254
1.192
1.289
1.295
1.256
1.358
1.369
1.412
1.505
1.648
1.653
1.655
1.591
1.719
1.780
1.895
1.839
1.977
1.641
1.330
1.189
1.158
1.187
1.327
1.353
1.327
1.501
1.548
1.636
1.581
1.519
1.590
1.624
1.673
1.633
1.645
1.619
1.573
1.616
1.392
1.347
1.283
1.482
1.638
1.741
1.791
1.423
1.612
1.602
1.630
1.544
1.729
1.693
1.644
1.774
1.777
1.624
1.506
1.444
1.485
1.396
1.268
1.242
1.428
1.614
1.603
1.631
1.644
1.714
1.622
1.574
1.583
1.520
1.557
1.506
1.330
1.355
1.582
1.587
1.836
1.809
1.824
1.617
1.431
1.328
1.045
0.929
1.082
1.400
1.534
1.927
2.045
1.998
1.974
2.015
1.902
1.629
1.544
1.634
1.885
1.945
1.893
1.809
1.704
1.516
1.554
1.357
1.113
1.071
1.318
1.387
1.629
1.911
1.985
2.020
2.012
1.785
1.660
1.627
1.674
1.568
1.512
1.483
1.234
1.136
1.177
1.240
1.499
1.477
1.699
1.914
1.760
1.679
1.603
1.631
1.644
1.714
1.717
1.591
1.780
1.867
1.824
1.712
1.588
1.377
1.171
1.052
0.988
1.155
1.140
1.265
1.474
1.535
1.597
1.691
1.674
1.634
1.580
1.483
1.432
1.406
1.392
1.756
1.856
1.931
1.994
1.519
1.074
1.051
1.040
1.221
1.302
1.418
1.472
1.817
1.857
1.848
1.843
1.783
1.782
1.690
1.609
1.697
1.739
1.730
1.564
1.545
1.464
1.459
1.303
1.380
1.454
1.626
1.673
1.728
1.724
1.595
1.593
1.593
1.658
1.625
1.609
1.697
1.799
1.730
1.662
1.382
1.418
1.280
1.161
1.144
1.496
1.644
1.804
2.040
1.859
1.791
1.631
1.612
1.500
1.614
1.699
1.710
1.652
1.622
1.574
1.515
1.295
1.123
1.124
1.125
1.300
1.300
1.379
1.454
1.592
1.525
1.720
1.689
1.641
1.681
1.701
1.615
1.700
1.741
1.699
1.829
1.834
1.655
1.488
1.359
1.248
1.232
1.386
1.383
1.627
1.610
1.666
1.563
1.644
1.998
1.974
1.880
1.888
2.026
1.879
1.711
1.685
1.573
1.368
1.210
1.123
1.378
1.378
1.258
1.472
1.633
1.645
1.586
1.556
1.574
1.680
1.669
1.695
1.856
1.759
1.770
1.775
1.778
1.719
1.592
1.489
1.435
1.330
1.431
1.367
1.554
1.639
1.648
1.716
1.687
1.640
1.583
1.685
1.671
1.600
1.458
1.526
1.626
1.642
1.944
1.777
1.718
1.719
1.524
1.524
1.525
1.657
1.625
1.795
1.874
1.857
1.790
1.900
1.898
1.868
1.882
1.916
2.116
2.256
2.032
1.675
1.601
1.459
1.382
1.418
1.436
1.551
1.638
1.915
2.013
2.034
1.912
1.818
1.799
1.760
1.770
1.715
1.623
1.506
1.515
1.716
1.748
1.880
1.681
1.503
1.442
1.411
1.539
1.664
1.953
2.005
2.082
2.069
2.062
2.159
1.812
1.706
1.682
1.701
1.648
1.652
1.487
1.278
1.248
1.605
1.663
1.723
1.560
1.642
1.650
1.555
1.574
1.649
1.806
1.851
1.787
1.723
1.782
1.751
1.736
1.788
1.784
1.659
1.455
1.417
1.238
1.090
1.403
1.569
1.886
1.715
1.556
1.540
1.567
1.364
1.518
1.589
1.718
1.750
1.881
1.888
1.974
2.067
1.696
1.402
1.313
1.346
1.241
1.139
1.564
1.826
1.833
1.920
1.935
1.802
1.700
1.647
1.652
1.718
1.809
1.824
1.802
1.731
1.631
1.510
1.292
1.255
1.396
