2.508
2.946
3.309
3.574
3.852
4.057
4.283
4.449
4.638
4.810
4.968
5.081
5.186
5.316
5.436
5.517
5.593
5.694
5.788
5.962
6.123
6.272
6.330
6.386
6.438
6.487
6.533
6.576
6.617
6.656
6.668
6.678
6.714
6.747
6.779
6.809
7.008
5.233
2.904
1.119
2.054
0.218
2.026
2.570
3.214
11.630
15.418
17.789
19.608
20.708
21.157
20.687
20.221
19.769
19.225
19.757
19.981
19.579
19.154
18.660
16.995
15.898
15.087
13.656
12.182
10.271
8.845
6.038
3.412
2.348
1.591
0.193
11.274
15.615
15.308
14.999
14.700
14.411
14.130
13.858
13.594
13.389
13.192
12.963
12.741
12.527
12.306
12.093
11.901
11.716
11.522
11.350
11.169
11.010
10.841
10.678
10.521
10.369
10.223
10.082
