2.459
2.977
3.393
3.742
4.048
4.319
4.555
4.769
4.972
5.151
5.316
5.471
5.609
5.744
5.866
5.984
6.091
6.184
6.271
6.357
6.435
6.513
6.587
6.653
6.710
6.766
6.819
6.869
6.918
6.964
7.011
7.053
7.088
7.126
7.161
7.201
7.300
5.558
3.358
1.879
0.695
2.546
3.044
3.449
3.611
12.038
15.475
18.000
19.432
20.416
20.579
20.159
19.729
19.309
18.696
19.221
19.337
18.926
18.543
17.998
16.587
15.423
14.294
13.172
11.506
9.490
8.007
4.790
2.194
3.872
3.342
1.440
11.082
15.579
15.286
15.003
14.728
14.462
14.203
13.952
13.710
13.476
13.254
13.036
12.824
12.622
12.426
12.238
12.054
11.880
11.713
11.548
11.393
11.240
11.095
10.953
10.820
10.685
10.573
10.460
