2.508
2.508
2.509
2.508
2.508
2.509
2.507
2.508
2.507
2.508
2.509
2.509
2.508
2.508
2.509
2.509
2.509
2.509
2.509
2.509
2.509
2.509
2.509
2.508
2.508
2.507
2.508
2.508
2.508
2.509
2.509
2.509
2.509
2.509
2.509
2.509
2.509
2.509
2.509
2.509
2.509
2.508
2.509
2.508
2.507
2.507
2.508
2.508
2.508
2.508
2.508
2.508
2.508
2.509
2.508
2.509
2.508
2.507
2.508
2.509
2.508
2.508
2.508
2.509
2.509
2.508
2.508
2.508
2.508
2.508
2.507
2.507
2.507
2.508
2.509
2.508
2.508
2.509
2.508
2.508
2.508
2.509
2.509
2.509
2.508
2.508
2.508
2.507
2.507
2.507
2.507
2.505
2.505
2.506
2.506
2.503
2.506
2.506
2.507
2.508
2.509
2.508
2.508
2.507
2.508
2.508
2.513
2.503
2.495
2.499
2.490
2.475
2.476
2.478
2.467
2.476
2.465
2.444
2.484
2.485
2.470
2.454
2.467
2.452
2.452
2.463
2.456
2.434
2.458
2.444
2.433
2.427
2.418
2.413
2.428
2.466
2.465
2.460
2.453
2.428
2.414
2.412
2.419
2.434
2.424
2.388
2.354
2.360
2.386
2.405
2.409
2.402
2.420
2.452
2.439
2.379
2.400
2.404
2.408
2.518
2.504
2.507
2.507
2.507
2.508
2.506
2.506
2.507
2.508
2.507
2.508
2.508
2.507
2.509
2.507
2.509
2.509
2.509
2.509
2.509
2.509
2.508
2.508
2.508
2.507
2.508
2.508
2.508
2.506
2.503
2.488
2.628
2.589
2.590
2.656
2.660
2.649
2.661
2.714
2.744
2.685
2.709
2.732
2.740
2.761
2.641
2.509
2.509
2.508
2.509
2.509
2.509
2.509
2.509
2.509
2.509
2.508
2.509
2.509
2.507
2.508
2.508
2.508
2.508
2.507
2.508
2.508
2.508
2.508
2.509
2.509
2.508
2.508
2.508
2.507
2.508
2.508
2.508
2.508
2.508
2.508
2.507
2.507
2.507
2.507
2.507
2.507
2.507
2.508
2.508
2.508
2.508
2.509
2.508
2.508
2.507
2.508
2.508
2.508
2.508
2.508
2.508
2.507
2.508
2.507
2.507
2.507
2.508
2.508
2.508
2.509
2.509
2.508
2.508
2.509
2.508
2.509
2.508
2.509
2.508
2.508
2.508
2.508
2.507
2.508
2.508
2.507
2.507
2.508
2.508
2.508
2.508
2.509
2.509
2.508
2.509
2.508
2.509
2.508
2.509
2.508
2.508
2.508
2.508
2.507
2.507
2.508
2.508
2.508
2.507
2.507
2.508
2.508
2.508
2.508
2.509
2.508
2.509
2.508
2.509
2.508
2.509
2.508
2.509
2.509
2.509
2.508
2.508
2.508
2.508
2.508
2.507
2.508
2.508
2.509
2.509
2.509
2.509
2.509
2.509
2.508
2.508
2.508
2.509
2.509
2.509
2.508
2.508
2.508
2.507
2.508
2.507
2.507
2.507
2.508
2.509
2.509
2.508
2.508
2.509
2.508
2.508
2.508
2.508
2.509
2.508
2.509
2.508
2.508
2.508
2.507
2.507
2.507
2.507
2.507
2.507
2.508
2.508
2.508
2.509
2.509
2.508
2.509
2.509
2.509
2.509
2.509
2.508
2.508
2.508
2.507
2.508
2.508
2.508
2.508
2.507
2.508
2.508
2.509
2.509
2.509
2.508
2.508
2.509
2.509
2.509
2.509
2.509
2.508
2.509
2.508
2.509
2.508
2.508
2.508
2.508
2.508
2.508
2.508
2.509
2.509
2.509
2.509
2.509
2.509
2.509
2.509
2.509
2.509
2.509
2.509
2.509
2.509
2.508
2.508
2.508
2.508
2.508
2.508
2.508
2.509
2.509
2.509
2.509
2.509
2.509
2.509
2.509
2.509
2.509
2.508
2.509
2.508
2.508
2.508
2.508
2.508
2.507
2.507
2.508
2.508
2.508
2.509
2.509
2.509
2.508
2.509
2.509
2.509
2.509
2.509
2.508
2.508
2.509
2.509
2.507
2.507
2.507
2.508
2.508
2.508
2.507
2.508
2.509
2.509
2.508
2.508
2.508
2.509
2.509
2.508
2.509
2.508
2.508
2.509
2.508
2.508
2.508
2.508
2.508
2.507
2.508
2.508
2.509
2.509
2.509
2.509
2.508
2.508
2.509
2.509
2.509
2.509
2.507
2.508
2.509
2.509
2.508
2.509
2.508
2.507
2.508
2.508
2.508
2.508
2.509
2.509
2.509
2.509
2.509
2.508
2.509
2.509
2.509
2.508
2.508
2.509
2.508
2.509
2.508
2.509
2.508
2.508
2.508
2.507
2.507
2.508
2.509
2.509
2.509
2.509
2.509
2.509
2.509
2.508
2.509
2.508
2.509
2.508
2.508
2.507
2.508
2.508
2.507
2.508
2.508
2.508
2.507
2.509
2.508
2.509
2.509
2.509
2.509
2.509
2.509
2.509
2.508
2.509
2.509
2.509
2.508
2.508
2.508
2.507
2.508
2.508
2.507
2.507
2.508
2.508
2.509
2.509
2.509
2.509
2.509
2.509
2.508
2.508
2.509
2.509
2.508
2.509
2.508
2.508
2.508
2.507
2.507
2.507
2.508
2.508
2.508
2.509
2.508
2.509
2.509
2.509
2.509
2.509
2.508
2.508
2.509
2.509
2.509
2.508
2.508
2.508
2.507
2.508
2.508
2.507
2.508
2.509
2.509
2.509
2.508
2.508
2.509
2.509
2.509
2.509
2.509
2.508
2.509
2.509
2.507
2.508
2.507
2.507
2.507
2.507
2.507
2.508
2.509
2.508
2.509
2.508
2.509
2.509
2.508
2.509
2.509
2.509
2.508
2.509
2.509
2.509
2.508
2.508
2.507
2.508
2.508
2.508
2.508
2.509
2.508
2.509
2.509
2.509
2.509
2.508
2.509
2.508
2.508
2.508
2.508
2.508
2.508
2.508
2.508
2.507
2.507
2.508
2.508
2.508
2.508
2.509
2.509
2.508
2.508
2.509
2.509
2.508
2.508
2.507
2.508
2.508
2.507
2.508
2.508
2.507
2.508
2.507
2.507
2.508
2.508
2.507
2.508
2.508
2.509
2.509
2.509
2.509
2.509
2.509
2.509
2.509
2.509
2.509
2.509
2.509
2.508
2.508
2.508
2.508
2.508
2.508
2.508
2.508
2.509
2.509
2.509
2.509
2.509
2.508
2.509
2.509
2.508
2.508
2.509
2.509
2.509
2.507
2.508
2.507
2.507
2.508
2.507
2.507
2.508
2.509
2.509
2.508
2.508
2.508
2.508
2.509
2.508
2.507
2.508
2.508
2.509
2.508
2.509
2.508
2.508
2.507
2.507
2.507
2.507
2.508
2.508
2.509
2.509
2.509
2.509
2.509
2.509
2.509
2.508
2.508
2.509
2.509
2.508
2.509
2.509
2.508
2.508
2.508
2.508
2.507
2.507
2.509
2.509
2.509
2.509
2.508
2.509
2.509
2.509
2.508
2.508
2.509
2.509
2.509
2.509
2.508
2.508
2.508
2.508
2.508
2.508
2.509
2.509
2.508
2.509
2.509
2.509
2.509
2.509
2.509
2.509
2.508
2.508
2.508
2.508
2.509
2.508
2.508
2.508
2.508
2.508
2.508
2.508
2.507
2.508
2.509
2.509
2.509
2.509
2.509
2.509
2.509
2.509
2.509
2.509
2.509
2.509
2.509
2.508
2.508
2.507
2.508
2.508
2.507
2.508
2.508
2.508
2.509
2.509
2.509
2.509
2.509
2.508
2.508
2.509
2.508
2.508
2.509
2.509
2.508
2.508
2.508
2.508
2.508
2.507
2.507
2.508
2.509
2.509
2.508
2.509
2.508
2.509
2.508
2.508
2.508
2.508
2.508
2.508
2.508
2.508
2.508
2.508
2.508
2.507
2.507
2.508
2.507
2.508
2.508
2.509
2.508
2.509
2.509
2.509
2.509
2.508
2.508
2.509
2.508
2.508
2.508
2.508
2.507
2.507
2.508
2.508
2.508
2.508
2.508
2.508
2.508
2.508
2.508
2.509
2.509
2.508
2.508
2.508
2.507
2.508
2.508
2.508
2.509
2.507
2.508
2.507
2.509
2.527
2.543
2.550
2.592
2.526
2.481
2.431
2.400
2.419
2.415
2.387
2.362
2.369
2.403
2.422
2.428
2.459
2.478
2.461
2.439
2.414
2.383
2.353
2.349
2.396
2.372
2.333
2.298
2.307
2.345
2.377
2.385
2.416
2.429
2.440
2.468
2.453
2.438
2.433
2.415
2.394
2.430
2.500
2.472
2.846
2.857
2.705
2.696
2.735
2.899
2.690
2.638
2.597
2.619
2.655
2.697
2.693
2.702
2.736
2.701
2.729
2.742
2.769
2.763
2.738
2.765
2.772
2.703
2.690
2.650
2.643
2.714
2.757
2.737
2.793
2.818
2.755
2.934
2.510
2.499
2.508
2.508
2.507
2.508
2.508
2.509
2.509
2.509
2.509
2.509
2.509
2.509
2.509
2.508
2.508
2.509
2.509
2.509
2.508
2.507
2.507
2.508
2.507
2.507
2.507
2.508
2.508
2.508
2.508
2.508
2.508
2.508
2.508
2.508
2.509
2.508
2.508
2.509
2.510
2.508
2.507
2.508
2.508
2.507
2.507
2.508
2.509
2.509
2.508
2.508
2.509
2.508
2.509
2.509
2.509
2.509
2.509
2.508
2.509
2.509
2.508
2.507
2.508
2.508
2.508
2.508
2.508
2.508
2.508
2.509
2.509
2.508
2.508
2.508
2.509
2.509
2.509
2.509
2.508
2.509
2.509
2.508
2.508
2.508
2.507
2.508
2.508
2.507
2.508
2.508
2.508
2.508
2.508
2.508
2.509
2.509
2.509
2.508
2.508
2.508
2.508
2.508
2.508
2.508
2.507
2.507
2.508
2.508
2.507
2.507
2.507
2.508
2.508
2.508
2.508
2.507
2.508
2.508
2.508
2.508
2.508
2.508
2.508
2.508
2.507
2.507
2.508
2.507
2.507
2.507
2.507
2.507
2.507
2.508
2.507
2.507
2.507
2.507
2.508
2.507
2.508
2.508
2.508
2.507
2.508
2.508
2.507
2.506
2.507
2.507
2.507
2.507
2.507
2.508
2.507
2.507
2.507
2.507
2.508
2.507
2.507
2.508
2.508
2.508
2.508
2.507
2.507
2.507
2.506
2.507
2.506
2.506
2.506
2.506
2.507
2.507
2.508
2.508
2.508
2.508
2.508
2.508
2.508
2.508
2.508
2.508
2.508
2.508
2.507
2.507
2.506
2.507
2.507
2.506
2.507
2.507
2.508
2.508
2.508
2.508
2.508
2.508
2.508
2.507
2.508
2.508
2.508
2.508
2.508
2.509
2.507
2.507
2.507
2.507
2.507
2.507
2.507
2.508
2.508
2.508
2.508
2.508
2.508
2.508
2.508
2.508
2.508
2.508
2.508
2.508
2.508
2.508
2.507
2.507
2.507
2.507
2.507
2.507
2.508
2.508
2.508
2.508
2.508
2.509
2.509
2.509
2.509
2.508
2.508
2.509
2.508
2.509
2.508
2.506
2.507
2.508
2.508
2.508
2.507
2.508
2.508
2.508
2.508
2.508
2.509
2.509
2.508
2.508
2.509
2.509
2.508
2.508
2.508
2.508
2.506
2.507
2.507
2.507
2.508
2.507
2.508
2.509
2.510
2.509
2.509
2.509
2.508
2.508
2.508
2.508
2.509
2.509
2.509
2.509
2.509
2.508
2.508
2.507
2.508
2.507
2.507
2.507
2.508
2.509
2.509
2.508
2.509
2.508
2.508
2.508
2.507
2.508
2.509
2.508
2.508
2.508
2.508
2.507
2.507
2.507
2.507
2.507
2.507
2.508
2.508
2.508
2.508
2.508
2.508
2.509
2.509
2.509
2.508
2.508
2.508
2.508
2.508
2.508
2.507
2.507
2.508
2.508
2.507
2.507
2.507
2.508
2.508
2.508
2.508
2.508
2.508
2.509
2.509
2.508
2.508
2.508
2.509
2.508
2.508
2.507
2.507
2.507
2.507
2.507
2.507
2.507
2.508
2.508
2.508
2.508
2.508
2.508
2.508
2.508
2.508
2.508
2.508
2.508
2.508
2.508
2.507
2.508
2.508
2.507
2.507
2.507
2.507
2.508
2.508
2.508
2.509
2.508
2.508
2.508
2.508
2.508
2.508
2.508
2.508
2.508
2.508
2.507
2.507
2.507
2.507
2.507
2.507
2.507
2.508
2.508
2.508
2.508
2.509
2.508
2.508
2.509
2.507
2.508
2.508
2.507
2.508
2.507
2.508
2.507
2.506
2.507
2.507
2.507
2.507
2.507
2.508
2.508
2.508
2.508
2.508
2.508
2.508
2.508
2.508
2.507
2.508
2.508
2.508
2.507
2.507
2.507
2.507
2.507
2.507
2.507
2.507
2.508
2.508
2.508
2.509
2.508
2.508
2.508
2.509
2.508
2.508
2.508
2.509
2.509
2.508
2.507
2.507
2.507
2.507
2.507
2.507
2.507
2.507
2.508
2.507
2.508
2.508
2.508
2.508
2.508
2.508
2.508
2.508
2.508
2.508
2.508
2.508
2.508
2.507
2.507
2.507
2.506
2.506
2.507
2.508
2.507
2.507
2.508
2.508
2.509
2.490
2.561
2.422
2.233
2.135
2.179
2.177
2.244
2.212
2.137
2.156
2.208
2.272
2.434
2.517
2.508
2.508
2.508
2.508
2.507
2.509
2.508
2.501
2.432
2.657
2.682
2.656
2.677
2.614
2.643
2.620
2.617
2.676
2.660
2.619
2.632
2.608
2.575
2.551
2.548
2.567
2.569
2.541
2.548
2.492
2.524
2.561
2.511
2.515
2.519
2.554
2.530
2.584
2.564
2.648
2.639
2.531
2.597
2.620
2.610
2.565
2.623
2.623
2.574
2.553
2.611
2.598
2.577
2.559
2.532
2.517
2.541
2.575
2.591
2.508
2.508
2.507
2.506
2.507
2.506
2.507
2.508
2.508
2.507
2.509
2.508
2.508
2.508
2.508
2.508
2.508
2.508
2.509
2.508
2.507
2.508
2.507
2.507
2.507
2.507
2.507
2.507
2.507
2.507
2.508
2.508
2.508
2.508
2.507
2.508
2.508
2.508
2.508
2.508
2.508
2.508
2.507
2.507
2.507
2.507
2.507
2.507
2.507
2.507
2.507
2.508
2.508
2.507
2.508
2.508
2.507
2.508
2.508
2.508
2.508
2.508
2.508
2.508
2.507
2.507
2.507
2.507
2.507
2.507
2.506
2.507
2.508
2.508
2.508
2.508
2.508
2.507
2.507
2.508
2.507
2.507
2.507
2.507
2.508
2.508
2.507
2.507
2.507
2.507
2.507
2.507
2.507
2.508
2.507
2.508
2.507
2.507
2.508
2.508
2.508
2.508
2.507
2.507
2.508
2.508
2.508
2.507
2.506
2.506
2.506
2.507
2.506
2.507
2.507
2.508
2.508
2.507
2.507
2.507
2.508
2.507
2.507
2.507
2.507
2.507
2.507
2.507
2.507
2.507
2.507
2.507
2.507
2.507
2.506
2.507
2.507
2.507
2.507
2.508
2.507
2.508
2.507
2.507
2.507
2.507
2.508
2.508
2.508
2.507
2.507
2.506
2.507
2.507
2.507
2.507
2.507
2.507
2.507
2.507
2.508
2.508
2.508
2.508
2.507
2.507
2.507
2.508
2.507
2.507
2.507
2.507
2.507
2.507
2.506
2.507
2.507
2.506
2.507
2.507
2.508
2.508
2.507
2.507
2.508
2.507
2.507
2.508
2.508
2.507
2.508
2.508
2.507
2.507
2.507
2.507
2.507
2.507
2.507
2.507
2.508
2.508
2.508
2.507
2.507
2.507
2.507
2.507
2.508
2.508
2.508
2.507
2.507
2.507
2.506
2.507
2.506
2.507
2.507
2.507
2.507
2.507
2.508
2.508
2.508
2.508
2.507
2.508
2.507
2.508
2.507
2.507
2.507
2.508
2.507
2.507
2.506
2.507
2.507
2.507
2.507
2.507
2.507
2.507
2.508
2.507
2.507
2.508
2.508
2.508
2.507
2.507
2.507
2.507
2.508
2.507
2.507
2.507
2.507
2.506
2.507
2.506
2.507
2.507
2.508
2.507
2.508
2.508
2.507
2.507
2.508
2.507
2.507
2.507
2.508
2.508
2.507
2.507
2.507
2.507
2.507
2.506
2.507
2.506
2.507
2.507
2.508
2.508
2.507
2.508
2.508
2.508
2.508
2.508
2.507
2.507
2.507
2.507
2.507
2.507
2.506
2.507
2.507
2.506
2.507
2.507
2.507
2.508
2.508
2.508
2.507
2.507
2.507
2.507
2.507
2.507
2.507
2.507
2.507
2.507
2.508
2.507
2.506
2.506
2.506
2.506
2.507
2.507
2.507
2.507
2.507
2.507
2.507
2.507
2.507
2.507
2.507
2.507
2.507
2.507
2.507
2.507
2.506
2.506
2.506
2.507
2.506
2.507
2.506
2.507
2.507
2.507
2.508
2.507
2.507
2.507
2.507
2.507
2.507
2.507
2.507
2.507
2.507
2.507
2.507
2.506
2.506
2.507
2.507
2.506
2.507
2.507
2.507
2.507
2.507
2.507
2.508
2.507
2.507
2.507
2.507
2.506
2.507
2.507
2.506
2.506
2.506
2.506
2.506
2.506
2.506
2.506
2.507
2.507
2.507
2.507
2.507
2.507
2.507
2.507
2.507
2.507
2.507
2.507
2.507
2.507
2.506
2.506
2.507
2.506
2.506
2.507
2.506
2.507
2.507
2.507
2.507
2.507
2.508
2.507
2.508
2.507
2.507
2.507
2.507
2.508
2.508
2.507
2.506
2.507
2.507
2.507
2.506
2.507
2.507
2.507
2.508
2.508
2.507
2.507
2.508
2.507
2.507
2.508
2.507
2.507
2.507
2.507
2.507
2.507
2.506
2.507
2.506
2.506
2.507
2.507
2.507
2.507
2.507
2.507
2.507
2.507
2.507
2.507
2.507
2.507
2.507
2.507
2.507
2.507
2.507
2.507
2.506
2.507
2.506
2.506
2.506
2.507
2.507
2.507
2.507
2.507
2.507
2.507
2.507
2.507
2.507
2.507
2.507
2.507
2.507
2.506
2.506
2.507
2.506
2.507
2.506
2.506
2.506
2.507
2.507
2.507
2.507
2.507
2.507
2.507
2.508
2.507
2.507
2.506
2.507
2.507
2.507
2.506
2.505
2.506
2.507
2.506
2.506
2.507
2.507
2.507
2.507
2.507
2.508
2.507
2.507
2.507
2.507
2.507
2.507
2.507
2.506
2.506
2.506
2.505
2.506
2.506
2.506
2.506
2.507
2.506
2.507
2.506
2.507
2.506
2.507
2.507
2.507
2.507
2.506
2.507
2.507
2.507
2.507
2.506
2.506
2.505
2.506
2.506
2.506
2.506
2.507
2.507
2.507
2.507
2.508
2.507
2.506
2.507
2.507
2.507
2.507
2.507
2.506
2.506
2.506
2.506
2.506
2.506
2.506
2.506
2.506
2.506
2.506
2.507
2.507
2.507
2.507
2.507
2.507
2.506
2.506
2.506
2.506
2.506
2.506
2.506
2.505
2.506
2.506
2.506
2.506
2.505
2.507
2.507
2.507
2.507
2.507
2.507
2.507
2.507
2.507
2.507
2.506
2.507
2.507
2.506
2.507
2.505
2.506
2.506
2.506
2.507
2.506
2.506
2.507
2.507
2.507
2.507
2.507
2.507
2.507
2.507
2.507
2.507
2.507
2.508
2.507
2.507
2.507
2.507
2.506
2.506
2.506
2.506
2.507
2.507
2.507
2.507
2.507
2.507
2.507
2.507
2.507
2.507
2.507
2.507
2.507
2.507
2.507
2.506
2.507
2.507
2.507
2.507
2.507
2.506
2.507
2.507
2.507
2.507
2.507
2.507
2.507
2.507
2.508
2.507
2.507
2.507
2.507
2.507
2.506
2.506
2.506
2.506
2.506
2.506
2.506
2.506
2.506
2.507
2.507
2.506
2.507
2.507
2.507
2.507
2.508
2.507
2.507
2.507
2.505
2.528
2.503
2.412
2.322
2.376
2.417
2.410
2.379
2.381
2.385
2.363
2.340
2.337
2.331
2.315
2.310
2.320
2.336
2.323
2.305
2.326
2.352
2.349
2.345
2.346
2.529
2.507
2.507
2.507
2.506
2.507
2.507
2.507
2.507
2.506
2.506
2.506
2.506
2.506
2.505
2.506
2.506
2.507
2.507
2.506
2.507
2.506
2.506
2.506
2.506
2.506
2.507
2.506
2.506
2.506
2.506
2.505
2.505
2.505
2.505
2.506
2.506
2.506
2.507
2.506
2.506
2.507
2.506
2.507
2.507
2.507
2.507
2.507
2.507
2.507
2.507
2.506
2.506
2.506
2.506
2.506
2.506
2.506
2.507
2.507
2.507
2.507
2.507
2.507
2.506
2.507
2.506
2.506
2.506
2.507
2.506
2.506
2.505
2.506
2.506
2.505
2.505
2.505
2.506
2.506
2.507
2.506
2.506
2.506
2.506
2.507
2.507
2.506
2.507
2.506
2.507
2.506
2.506
2.506
2.505
2.506
2.505
2.505
2.506
2.506
2.507
2.507
2.506
2.507
2.506
2.507
2.506
2.507
2.507
2.507
2.506
2.506
2.506
2.505
2.506
2.506
2.506
2.506
2.505
2.506
2.506
2.506
2.507
2.507
2.507
2.507
2.507
2.507
2.507
2.507
2.506
2.506
2.507
2.506
2.506
2.505
2.505
2.505
2.505
2.505
2.506
2.506
2.506
2.506
2.507
2.506
2.506
2.506
2.506
2.506
2.506
2.506
2.506
2.506
2.506
2.506
2.506
2.506
2.505
2.505
2.505
2.505
2.506
2.507
2.506
2.506
2.506
2.507
2.507
2.506
2.507
2.506
2.506
2.506
2.507
2.507
2.506
2.505
2.505
2.505
2.505
2.505
2.505
2.505
2.506
2.506
2.506
2.506
2.506
2.506
2.506
2.506
2.506
2.506
2.505
2.506
2.506
2.505
2.505
2.505
2.505
2.505
2.505
2.504
2.505
2.506
2.505
2.505
2.505
2.505
2.506
2.506
2.505
2.505
2.505
2.505
2.506
2.506
2.505
2.505
2.505
2.505
2.504
2.504
2.505
2.506
2.506
2.506
2.506
2.506
2.505
2.507
2.506
2.506
2.506
2.506
2.506
2.506
2.506
2.505
2.504
2.505
2.504
2.505
2.505
2.505
2.506
2.506
2.505
2.506
2.505
2.506
2.506
2.506
2.506
2.505
2.505
2.506
2.506
2.506
2.505
2.505
2.505
2.505
2.505
2.505
2.505
2.506
2.506
2.506
2.506
2.506
2.506
2.506
2.505
2.505
2.506
2.506
2.506
2.506
2.505
2.505
2.504
2.504
2.505
2.505
2.505
2.505
2.506
2.505
2.506
2.506
2.505
2.506
2.506
2.505
2.506
2.506
2.505
2.505
2.505
2.505
2.505
2.505
2.505
2.504
2.505
2.504
2.505
2.505
2.505
2.505
2.506
2.505
2.505
2.505
2.506
2.505
2.505
2.505
2.505
2.506
2.505
2.505
2.504
2.505
2.505
2.505
2.505
2.505
2.506
2.506
2.506
2.505
2.505
2.505
2.506
2.505
2.506
2.506
2.505
2.505
