2.512
2.508
2.508
2.512
2.512
2.508
2.512
2.512
2.512
2.508
2.512
2.508
2.512
2.508
2.508
2.508
2.508
2.508
2.508
2.512
2.508
2.508
2.512
2.508
2.512
2.508
2.512
2.508
2.512
2.508
2.512
2.508
2.508
2.508
2.512
2.512
2.508
2.508
2.512
2.508
2.512
2.508
2.508
2.508
2.512
2.512
2.508
2.512
2.512
2.508
2.508
2.512
2.508
2.508
2.512
2.512
2.508
2.508
2.508
2.512
2.512
2.508
2.508
2.508
2.512
2.512
2.508
2.508
2.512
2.512
2.508
2.508
2.512
2.508
2.512
2.508
2.508
2.508
2.512
2.508
2.508
2.508
2.508
2.508
2.508
2.508
2.508
2.512
2.508
2.512
2.512
2.512
2.512
2.508
2.508
2.512
2.508
2.508
2.512
2.512
2.512
2.512
2.512
2.508
2.512
2.508
2.528
2.512
2.508
2.508
2.492
2.480
2.476
2.492
2.476
2.480
2.480
2.448
2.496
2.492
2.480
2.460
2.480
2.460
2.460
2.460
2.464
2.448
2.460
2.448
2.432
2.428
2.432
2.416
2.428
2.480
2.476
2.460
2.464
2.428
2.416
2.412
2.432
2.444
2.432
2.400
2.368
2.364
2.396
2.416
2.416
2.416
2.416
2.464
2.444
2.380
2.400
2.412
2.416
2.528
2.508
2.512
2.508
2.512
2.512
2.508
2.512
2.508
2.508
2.508
2.508
2.508
2.512
2.508
2.508
2.508
2.508
2.508
2.512
2.512
2.512
2.512
2.512
2.512
2.512
2.512
2.512
2.512
2.512
2.512
2.544
2.620
2.588
2.604
2.652
2.672
2.656
2.656
2.716
2.748
2.704
2.720
2.736
2.752
2.764
2.656
2.512
2.508
2.512
2.512
2.512
2.508
2.508
2.512
2.508
2.512
2.508
2.508
2.512
2.508
2.512
2.508
2.512
2.508
2.508
2.512
2.508
2.512
2.512
2.512
2.508
2.512
2.512
2.512
2.512
2.512
2.508
2.508
2.508
2.508
2.512
2.512
2.512
2.512
2.508
2.508
2.512
2.508
2.512
2.508
2.512
2.508
2.512
2.512
2.512
2.512
2.508
2.512
2.512
2.508
2.508
2.512
2.508
2.508
2.508
2.508
2.508
2.508
2.512
2.508
2.512
2.508
2.512
2.508
2.508
2.508
2.508
2.508
2.512
2.512
2.508
2.512
2.508
2.512
2.508
2.508
2.508
2.512
2.512
2.512
2.508
2.512
2.512
2.508
2.512
2.508
2.512
2.524
2.508
2.508
2.508
2.508
2.508
2.508
2.512
2.508
2.508
2.512
2.508
2.508
2.512
2.512
2.512
2.508
2.508
2.508
2.508
2.508
2.508
2.512
2.508
2.508
2.512
2.512
2.508
2.512
2.512
2.508
2.508
2.512
2.508
2.512
2.512
2.508
2.508
2.508
2.512
2.508
2.512
2.512
2.512
2.508
2.508
2.512
2.508
2.508
2.508
2.512
2.508
2.508
2.508
2.508
2.512
2.512
2.508
2.508
2.512
2.508
2.508
2.512
2.508
2.508
2.508
2.508
2.512
2.512
2.512
2.508
2.508
2.512
2.508
2.512
2.508
2.512
2.508
2.512
2.512
2.508
2.512
2.508
2.508
2.512
2.512
2.508
2.508
2.512
2.508
2.508
2.508
2.512
2.512
2.508
2.508
2.508
2.508
2.508
2.508
2.512
2.508
2.512
2.512
2.508
2.512
2.508
2.508
2.508
2.512
2.512
2.508
2.524
2.508
2.508
2.508
2.508
2.508
2.508
2.508
2.508
2.512
2.508
2.508
2.508
2.508
2.508
2.508
2.508
2.508
2.508
2.508
2.512
2.508
2.512
2.508
2.508
2.508
2.508
2.508
2.508
2.508
2.512
2.508
2.508
2.512
2.512
2.508
2.512
2.508
2.512
2.508
2.512
2.508
2.508
2.508
2.512
2.508
2.508
2.512
2.512
2.512
2.508
2.512
2.508
2.512
2.508
2.508
2.524
2.508
2.512
2.508
2.512
2.524
2.508
2.512
2.508
2.512
2.512
2.508
2.508
2.508
2.508
2.508
2.512
2.508
2.512
2.508
2.512
2.508
2.512
2.508
2.512
2.508
2.512
2.508
2.512
2.512
2.512
2.508
2.512
2.512
2.512
2.512
2.508
2.508
2.508
2.508
2.512
2.508
2.512
2.508
2.512
2.512
2.508
2.508
2.508
2.512
2.508
2.512
2.512
2.508
2.508
2.512
2.508
2.508
2.508
2.508
2.512
2.512
2.508
2.512
2.512
2.512
2.508
2.508
2.508
2.512
2.512
2.508
2.512
2.508
2.512
2.512
2.508
2.512
2.512
2.512
2.508
2.512
2.512
2.508
2.508
2.508
2.508
2.508
2.508
2.512
2.508
2.508
2.508
2.524
2.512
2.512
2.508
2.512
2.508
2.508
2.508
2.508
2.512
2.508
2.512
2.508
2.512
2.508
2.508
2.508
2.512
2.508
2.512
2.508
2.512
2.512
2.508
2.512
2.508
2.512
2.512
2.508
2.512
2.508
2.512
2.508
2.512
2.512
2.508
2.512
2.512
2.512
2.508
2.512
2.512
2.524
2.512
2.508
2.512
2.508
2.508
2.508
2.508
2.508
2.508
2.508
2.512
2.508
2.512
2.512
2.508
2.508
2.508
2.508
2.508
2.512
2.512
2.512
2.508
2.512
2.512
2.508
2.508
2.512
2.512
2.512
2.508
2.512
2.512
2.512
2.508
2.512
2.512
2.508
2.524
2.508
2.508
2.508
2.508
2.512
2.512
2.508
2.512
2.512
2.512
2.508
2.508
2.512
2.508
2.508
2.512
2.512
2.508
2.508
2.508
2.512
2.512
2.512
2.508
2.508
2.508
2.512
2.508
2.512
2.512
2.512
2.512
2.508
2.512
2.512
2.508
2.508
2.508
2.508
2.508
2.512
2.512
2.508
2.508
2.508
2.508
2.512
2.508
2.512
2.512
2.512
2.512
2.508
2.508
2.512
2.508
2.508
2.512
2.512
2.508
2.508
2.512
2.512
2.508
2.508
2.508
2.512
2.508
2.508
2.508
2.508
2.508
2.508
2.512
2.508
2.512
2.508
2.508
2.512
2.512
2.512
2.512
2.508
2.512
2.512
2.512
2.508
2.508
2.508
2.508
2.512
2.512
2.512
2.508
2.512
2.512
2.512
2.512
2.508
2.508
2.512
2.508
2.508
2.512
2.512
2.508
2.508
2.508
2.508
2.508
2.512
2.512
2.508
2.512
2.508
2.508
2.512
2.512
2.512
2.512
2.508
2.508
2.508
2.508
2.508
2.508
2.508
2.508
2.512
2.508
2.512
2.508
2.508
2.512
2.508
2.508
2.508
2.512
2.512
2.508
2.512
2.508
2.508
2.508
2.508
2.508
2.512
2.512
2.508
2.508
2.508
2.508
2.508
2.508
2.512
2.508
2.512
2.508
2.508
2.512
2.512
2.512
2.508
2.508
2.508
2.508
2.508
2.512
2.512
2.508
2.512
2.508
2.512
2.508
2.512
2.508
2.508
2.512
2.512
2.512
2.508
2.512
2.512
2.512
2.508
2.508
2.508
2.512
2.508
2.512
2.508
2.508
2.512
2.508
2.512
2.512
2.512
2.512
2.508
2.512
2.512
2.512
2.508
2.508
2.512
2.508
2.512
2.512
2.512
2.508
2.508
2.508
2.508
2.508
2.508
2.508
2.508
2.512
2.508
2.508
2.512
2.512
2.508
2.508
2.512
2.508
2.512
2.508
2.508
2.508
2.508
2.512
2.508
2.508
2.508
2.512
2.512
2.512
2.512
2.512
2.508
2.508
2.512
2.508
2.512
2.512
2.512
2.512
2.512
2.508
2.512
2.512
2.508
2.508
2.508
2.512
2.508
2.512
2.508
2.508
2.508
2.508
2.508
2.508
2.508
2.508
2.508
2.512
2.508
2.512
2.512
2.512
2.512
2.508
2.508
2.508
2.508
2.512
2.508
2.512
2.512
2.508
2.512
2.508
2.512
2.512
2.512
2.508
2.508
2.512
2.508
2.508
2.508
2.508
2.508
2.512
2.508
2.512
2.508
2.508
2.508
2.512
2.512
2.512
2.512
2.508
2.508
2.512
2.512
2.524
2.544
2.556
2.608
2.540
2.496
2.444
2.400
2.432
2.428
2.396
2.364
2.380
2.416
2.432
2.432
2.464
2.480
2.460
2.444
2.416
2.400
2.368
2.348
2.400
2.380
2.336
2.300
2.316
2.348
2.384
2.400
2.416
2.432
2.444
2.476
2.464
2.448
2.444
2.428
2.400
2.428
2.508
2.492
2.816
2.860
2.716
2.700
2.736
2.892
2.704
2.640
2.604
2.620
2.656
2.700
2.704
2.716
2.716
2.700
2.736
2.736
2.768
2.764
2.736
2.768
2.780
2.716
2.704
2.656
2.652
2.720
2.764
2.752
2.796
2.828
2.764
2.928
2.524
2.544
2.508
2.508
2.512
2.512
2.508
2.508
2.512
2.508
2.508
2.512
2.512
2.508
2.512
2.508
2.508
2.524
2.508
2.512
2.512
2.512
2.508
2.512
2.512
2.508
2.512
2.508
2.508
2.508
2.512
2.508
2.512
2.508
2.512
2.512
2.512
2.508
2.512
2.508
2.508
2.508
2.512
2.512
2.512
2.512
2.508
2.512
2.508
2.508
2.512
2.512
2.512
2.512
2.508
2.512
2.508
2.508
2.512
2.512
2.508
2.512
2.508
2.512
2.512
2.508
2.508
2.508
2.512
2.508
2.508
2.508
2.508
2.508
2.508
2.508
2.508
2.508
2.512
2.508
2.508
2.508
2.512
2.512
2.512
2.508
2.508
2.512
2.512
2.512
2.508
2.508
2.512
2.512
2.508
2.512
2.512
2.508
2.508
2.508
2.508
2.508
2.508
2.512
2.512
2.512
2.508
2.508
2.512
2.508
2.512
2.508
2.508
2.512
2.508
2.512
2.512
2.512
2.512
2.508
2.508
2.508
2.508
2.512
2.512
2.512
2.508
2.508
2.512
2.508
2.508
2.508
2.508
2.512
2.512
2.512
2.512
2.508
2.512
2.512
2.508
2.508
2.512
2.512
2.508
2.512
2.508
2.508
2.512
2.512
2.508
2.512
2.512
2.508
2.508
2.508
2.508
2.512
2.508
2.512
2.508
2.508
2.508
2.512
2.512
2.508
2.508
2.508
2.512
2.512
2.512
2.512
2.512
2.512
2.508
2.508
2.512
2.512
2.512
2.508
2.512
2.512
2.512
2.512
2.508
2.508
2.508
2.508
2.512
2.508
2.512
2.508
2.512
2.512
2.512
2.512
2.508
2.508
2.512
2.512
2.512
2.508
2.512
2.512
2.512
2.508
2.512
2.508
2.508
2.512
2.508
2.508
2.512
2.508
2.508
2.508
2.512
2.508
2.508
2.508
2.508
2.512
2.508
2.512
2.508
2.508
2.508
2.512
2.508
2.512
2.508
2.512
2.512
2.508
2.512
2.512
2.512
2.512
2.512
2.508
2.508
2.508
2.508
2.512
2.512
2.512
2.512
2.508
2.512
2.512
2.512
2.512
2.508
2.508
2.508
2.512
2.512
2.512
2.512
2.512
2.512
2.508
2.512
2.508
2.512
2.512
2.508
2.508
2.508
2.512
2.508
2.508
2.508
2.512
2.512
2.508
2.508
2.508
2.512
2.508
2.512
2.508
2.508
2.512
2.508
2.508
2.508
2.508
2.508
2.512
2.508
2.512
2.508
2.512
2.512
2.508
2.508
2.508
2.508
2.508
2.512
2.508
2.512
2.512
2.508
2.512
2.512
2.508
2.508
2.512
2.508
2.508
2.512
2.508
2.508
2.508
2.508
2.508
2.508
2.508
2.512
2.508
2.508
2.512
2.512
2.508
2.508
2.508
2.508
2.508
2.508
2.508
2.512
2.508
2.508
2.508
2.508
2.508
2.508
2.508
2.508
2.508
2.512
2.508
2.512
2.512
2.508
2.508
2.508
2.512
2.512
2.508
2.508
2.512
2.508
2.508
2.508
2.508
2.508
2.512
2.512
2.508
2.508
2.508
2.508
2.508
2.508
2.508
2.508
2.512
2.508
2.508
2.524
2.512
2.508
2.508
2.508
2.512
2.508
2.508
2.508
2.508
2.512
2.512
2.508
2.508
2.508
2.512
2.512
2.508
2.512
2.508
2.508
2.508
2.508
2.508
2.508
2.508
2.512
2.512
2.508
2.508
2.512
2.512
2.508
2.512
2.512
2.512
2.512
2.508
2.512
2.508
2.508
2.512
2.508
2.508
2.512
2.512
2.512
2.508
2.512
2.512
2.512
2.512
2.512
2.508
2.508
2.508
2.508
2.508
2.508
2.512
2.508
2.512
2.508
2.508
2.508
2.512
2.508
2.512
2.512
2.512
2.508
2.512
2.512
2.508
2.512
2.512
2.508
2.508
2.508
2.512
2.512
2.512
2.512
2.508
2.508
2.508
2.508
2.508
2.508
2.512
2.508
2.508
2.512
2.508
2.512
2.512
2.508
2.512
2.508
2.508
2.512
2.512
2.508
2.508
2.512
2.508
2.508
2.512
2.508
2.512
2.512
2.508
2.512
2.508
2.508
2.508
2.508
2.512
2.508
2.508
2.508
2.512
2.508
2.512
2.508
2.512
2.512
2.508
2.512
2.512
2.496
2.556
2.432
2.256
2.140
2.188
2.176
2.240
2.224
2.144
2.160
2.204
2.272
2.432
2.524
2.508
2.508
2.512
2.512
2.508
2.508
2.508
2.508
2.416
2.652
2.704
2.652
2.684
2.624
2.640
2.620
2.620
2.688
2.672
2.620
2.636
2.608
2.576
2.560
2.560
2.572
2.576
2.540
2.560
2.492
2.528
2.572
2.528
2.508
2.528
2.560
2.540
2.592
2.560
2.656
2.652
2.556
2.592
2.640
2.624
2.572
2.620
2.640
2.572
2.560
2.620
2.608
2.588
2.576
2.540
2.512
2.544
2.572
2.592
2.512
2.508
2.508
2.508
2.508
2.508
2.512
2.508
2.508
2.508
2.512
2.512
2.508
2.512
2.508
2.512
2.508
2.508
2.512
2.508
2.508
2.512
2.512
2.508
2.512
2.508
2.508
2.508
2.512
2.512
2.508
2.508
2.512
2.512
2.508
2.512
2.508
2.512
2.508
2.508
2.508
2.512
2.508
2.508
2.512
2.512
2.512
2.512
2.512
2.508
2.512
2.508
2.512
2.512
2.512
2.508
2.508
2.512
2.508
2.512
2.508
2.512
2.512
2.512
2.508
2.508
2.508
2.512
2.508
2.508
2.508
2.508
2.508
2.508
2.512
2.512
2.508
2.512
2.512
2.508
2.508
2.508
2.512
2.512
2.508
2.508
2.508
2.508
2.512
2.508
2.508
2.512
2.508
2.508
2.512
2.508
2.512
2.512
2.512
2.508
2.512
2.508
2.508
2.512
2.512
2.512
2.508
2.508
2.512
2.512
2.512
2.508
2.508
2.512
2.512
2.508
2.508
2.512
2.508
2.512
2.508
2.512
2.512
2.508
2.512
2.508
2.508
2.512
2.512
2.512
2.508
2.508
2.508
2.512
2.508
2.508
2.508
2.512
2.508
2.512
2.508
2.508
2.512
2.508
2.512
2.512
2.508
2.512
2.512
2.508
2.512
2.512
2.512
2.508
2.508
2.512
2.508
2.508
2.508
2.512
2.508
2.512
2.508
2.508
2.508
2.508
2.512
2.512
2.512
2.508
2.508
2.508
2.512
2.512
2.512
2.508
2.508
2.508
2.508
2.512
2.508
2.508
2.512
2.512
2.512
2.508
2.508
2.512
2.508
2.512
2.508
2.508
2.508
2.512
2.508
2.508
2.508
2.512
2.512
2.508
2.508
2.508
2.512
2.508
2.508
2.508
2.512
2.508
2.508
2.512
2.508
2.512
2.512
2.512
2.512
2.512
2.508
2.512
2.512
2.508
2.508
2.512
2.508
2.508
2.508
2.512
2.508
2.512
2.508
2.508
2.508
2.512
2.512
2.508
2.508
2.512
2.512
2.512
2.512
2.508
2.508
2.512
2.512
2.508
2.508
2.512
2.512
2.512
2.508
2.512
2.512
2.508
2.508
2.508
2.508
2.512
2.508
2.512
2.508
2.512
2.512
2.508
2.512
2.508
2.508
2.508
2.512
2.508
2.512
2.512
2.508
2.512
2.508
2.512
2.508
2.512
2.508
2.508
2.508
2.512
2.508
2.508
2.508
2.512
2.508
2.512
2.512
2.508
2.512
2.512
2.512
2.512
2.508
2.508
2.512
2.508
2.512
2.512
2.512
2.508
2.512
2.512
2.512
2.512
2.508
2.508
2.508
2.508
2.508
2.508
2.512
2.508
2.512
2.508
2.508
2.508
2.508
2.508
2.508
2.512
2.508
2.512
2.512
2.512
2.508
2.512
2.508
2.508
2.512
2.508
2.508
2.512
2.512
2.512
2.512
2.508
2.512
2.512
2.512
2.512
2.508
2.512
2.508
2.508
2.508
2.512
2.512
2.512
2.508
2.512
2.512
2.512
2.508
2.512
2.508
2.508
2.512
2.508
2.512
2.508
2.512
2.508
2.508
2.508
2.508
2.508
2.512
2.508
2.512
2.508
2.508
2.512
2.508
2.508
2.508
2.512
2.512
2.512
2.508
2.508
2.512
2.508
2.508
2.512
2.508
2.508
2.512
2.508
2.508
2.512
2.508
2.508
2.512
2.512
2.508
2.512
2.508
2.508
2.508
2.508
2.508
2.508
2.508
2.508
2.508
2.512
2.512
2.508
2.508
2.512
2.512
2.512
2.512
2.512
2.508
2.508
2.508
2.512
2.512
2.508
2.512
2.508
2.508
2.512
2.508
2.512
2.508
2.512
2.512
2.508
2.508
2.508
2.512
2.512
2.508
2.512
2.508
2.512
2.512
2.508
2.512
2.512
2.508
2.508
2.508
2.512
2.508
2.508
2.508
2.508
2.508
2.512
2.512
2.508
2.512
2.512
2.508
2.512
2.508
2.508
2.508
2.512
2.512
2.512
2.508
2.508
2.508
2.512
2.508
2.508
2.508
2.512
2.512
2.512
2.508
2.512
2.512
2.512
2.508
2.512
2.508
2.512
2.508
2.512
2.512
2.512
2.512
2.512
2.512
2.508
2.508
2.508
2.508
2.512
2.508
2.512
2.512
2.512
2.508
2.508
2.508
2.512
2.508
2.512
2.508
2.512
2.508
2.508
2.512
2.508
2.508
2.512
2.512
2.512
2.512
2.508
2.508
2.512
2.508
2.512
2.508
2.508
2.508
2.508
2.512
2.512
2.508
2.512
2.508
2.508
2.508
2.512
2.508
2.508
2.508
2.508
2.512
2.512
2.512
2.508
2.512
2.512
2.512
2.508
2.508
2.508
2.508
2.512
2.512
2.512
2.508
2.508
2.508
2.508
2.512
2.512
2.508
2.508
2.512
2.508
2.508
2.508
2.512
2.512
2.512
2.512
2.508
2.512
2.512
2.512
2.512
2.508
2.512
2.508
2.508
2.508
2.508
2.508
2.512
2.512
2.512
2.512
2.512
2.508
2.508
2.508
2.508
2.508
2.508
2.508
2.512
2.508
2.508
2.512
2.508
2.508
2.508
2.512
2.508
2.508
2.508
2.508
2.512
2.512
2.508
2.512
2.512
2.512
2.512
2.512
2.508
2.512
2.508
2.512
2.508
2.512
2.508
2.512
2.512
2.508
2.508
2.508
2.508
2.508
2.512
2.512
2.512
2.512
2.508
2.512
2.508
2.512
2.508
2.512
2.512
2.508
2.508
2.508
2.508
2.508
2.512
2.512
2.508
2.512
2.512
2.512
2.512
2.508
2.508
2.512
2.512
2.512
2.512
2.512
2.508
2.512
2.512
2.512
2.512
2.512
2.512
2.508
2.512
2.512
2.508
2.508
2.512
2.512
2.512
2.512
2.508
2.512
2.508
2.508
2.508
2.512
2.508
2.512
2.512
2.512
2.508
2.508
2.508
2.508
2.512
2.512
2.512
2.508
2.508
2.508
2.508
2.508
2.508
2.508
2.508
2.512
2.512
2.512
2.508
2.508
2.512
2.508
2.508
2.528
2.508
2.428
2.332
2.380
2.416
2.416
2.380
2.384
2.380
2.368
2.352
2.348
2.336
2.316
2.320
2.320
2.348
2.332
2.300
2.332
2.348
2.348
2.352
2.352
2.508
2.512
2.512
2.508
2.512
2.512
2.512
2.512
2.512
2.512
2.508
2.512
2.512
2.508
2.512
2.508
2.512
2.512
2.512
2.508
2.508
2.512
2.508
2.512
2.508
2.508
2.512
2.512
2.512
2.512
2.512
2.508
2.512
2.512
2.512
2.508
2.512
2.512
2.508
2.508
2.508
2.512
2.512
2.508
2.512
2.508
2.512
2.512
2.508
2.512
2.512
2.512
2.508
2.512
2.508
2.512
2.508
2.508
2.512
2.512
2.512
2.508
2.512
2.508
2.508
2.512
2.508
2.512
2.508
2.508
2.508
2.508
2.508
2.508
2.508
2.508
2.508
2.512
2.508
2.508
2.508
2.512
2.508
2.508
2.512
2.508
2.512
2.508
2.508
2.512
2.508
2.508
2.508
2.512
2.512
2.512
2.508
2.512
2.508
2.512
2.512
2.508
2.512
2.508
2.512
2.508
2.508
2.508
2.508
2.512
2.508
2.508
2.508
2.512
2.512
2.508
2.512
2.512
2.512
2.508
2.508
2.508
2.508
2.512
2.508
2.508
2.512
2.508
2.512
2.508
2.512
2.512
2.508
2.508
2.508
2.508
2.512
2.508
2.508
2.508
2.512
2.508
2.508
2.508
2.512
2.508
2.512
2.508
2.508
2.512
2.508
2.512
2.508
2.512
2.508
2.508
2.508
2.508
2.508
2.512
2.512
2.512
2.512
2.512
2.508
2.512
2.512
2.512
2.512
2.512
2.508
2.508
2.512
2.512
2.508
2.512
2.508
2.512
2.508
2.512
2.512
2.508
2.508
2.508
2.508
2.508
2.512
2.508
2.512
2.512
2.512
2.508
2.508
2.508
2.512
2.508
2.512
2.508
2.508
2.508
2.508
2.512
2.508
2.508
2.508
2.508
2.508
2.512
2.512
2.508
2.512
2.512
2.508
2.508
2.508
2.512
2.508
2.508
2.508
2.508
2.512
2.512
2.512
2.512
2.508
2.508
2.512
2.508
2.512
2.508
2.508
2.512
2.508
2.512
2.508
2.508
2.512
2.508
2.508
2.512
2.512
2.512
2.512
2.512
2.512
2.508
2.512
2.508
2.508
2.508
2.508
2.508
2.512
2.508
2.512
2.508
2.512
2.508
2.508
2.512
2.512
2.508
2.508
2.512
2.508
2.512
2.508
2.508
2.508
2.508
2.512
2.508
2.508
2.512
2.512
2.512
2.508
2.512
2.512
2.512
2.508
2.512
2.512
2.512
2.512
2.512
2.508
2.512
2.508
2.512
2.508
2.512
2.508
2.512
2.512
2.512
2.508
2.512
2.508
2.512
2.508
2.508
2.512
2.508
2.508
2.508
2.508
2.512
2.508
2.508
2.508
2.508
2.512
2.508
2.508
2.508
2.508
2.512
2.508
2.508
2.508
2.508
2.508
2.512
2.508
2.508
2.512
2.512
2.512
2.512
2.512
2.508
2.512
2.508
2.508
2.508
2.508
2.508
2.512
2.508
2.512
2.512
