2.480
2.492
2.492
2.496
2.492
2.496
2.492
2.496
2.492
2.492
2.492
2.496
2.496
2.492
2.492
2.496
2.496
2.492
2.492
2.480
2.480
2.480
2.492
2.492
2.492
2.492
2.492
2.492
2.492
2.492
2.496
2.496
2.492
2.492
2.492
2.492
2.464
2.752
2.732
2.604
2.588
2.476
2.476
2.492
2.476
1.040
1.232
1.452
1.532
1.772
2.048
2.492
2.496
2.496
2.544
2.060
2.188
2.476
2.492
2.528
3.020
2.780
2.672
2.876
2.864
2.944
2.784
2.972
2.796
2.720
2.492
2.496
1.020
1.068
2.492
2.496
2.496
2.496
2.496
2.496
2.496
2.480
2.480
2.492
2.492
2.492
2.496
2.496
2.492
2.492
2.496
2.492
2.496
2.492
2.496
2.496
2.496
2.496
2.496
2.496
