2.483
2.483
2.483
2.484
2.483
2.483
2.484
2.484
2.483
2.484
2.484
2.483
2.484
2.483
2.484
2.483
2.483
2.485
2.485
2.484
2.484
2.484
2.483
2.484
2.485
2.484
2.484
2.485
2.484
2.484
2.484
2.484
2.485
2.484
2.484
2.483
2.473
2.753
2.734
2.605
2.565
2.438
2.483
2.483
2.499
0.952
1.316
1.378
1.694
1.833
2.194
2.472
2.483
2.484
2.575
2.078
2.248
2.485
2.478
2.552
2.906
2.798
2.776
2.764
2.904
2.942
2.774
2.969
2.835
2.643
2.484
2.419
1.044
1.029
2.483
2.483
2.483
2.484
2.484
2.484
2.484
2.484
2.483
2.484
2.484
2.484
2.484
2.483
2.484
2.483
2.483
2.484
2.483
2.484
2.484
2.484
2.483
2.485
2.481
2.482
