669.000
772.000
874.000
977.000
1080.000
1182.000
1285.000
1387.000
1489.000
1593.000
1694.000
1797.000
1899.000
2000.000
2103.000
2204.000
2307.000
2408.000
2509.000
2612.000
2713.000
2814.000
2917.000
3018.000
3120.000
3222.000
3323.000
3426.000
3527.000
3630.000
3731.000
3833.000
3935.000
4036.000
4139.000
4240.000
4342.000
4444.000
4545.000
4647.000
4749.000
4850.000
4953.000
5054.000
5156.000
5258.000
5360.000
5462.000
5564.000
5666.000
5768.000
5869.000
5971.000
6073.000
6174.000
6277.000
6378.000
6479.000
6582.000
6683.000
6785.000
6887.000
6988.000
7091.000
7192.000
7294.000
7396.000
7498.000
7600.000
7701.000
7802.000
7905.000
8006.000
8108.000
8210.000
8311.000
8413.000
8515.000
8616.000
8718.000
8820.000
8922.000
9023.000
9125.000
9227.000
9329.000
9432.000
9533.000
9635.000
9738.000
9840.000
9943.000
10045.000
10147.000
10249.000
10351.000
10454.000
10556.000
10658.000
10761.000
10862.000
10964.000
11067.000
11169.000
11272.000
11374.000
11476.000
11578.000
11680.000
11783.000
11885.000
11987.000
12089.000
12191.000
12294.000
12396.000
12498.000
12600.000
12703.000
12805.000
12907.000
13009.000
13112.000
13214.000
13317.000
13419.000
13521.000
13624.000
13726.000
13829.000
13930.000
14032.000
14135.000
14237.000
14339.000
14441.000
14543.000
14646.000
14748.000
14851.000
14952.000
15054.000
15157.000
15259.000
15362.000
15463.000
15565.000
15668.000
15770.000
15873.000
15975.000
16077.000
16179.000
16282.000
16385.000
16486.000
16588.000
16691.000
16793.000
16894.000
16997.000
17099.000
17202.000
17303.000
17405.000
17508.000
17610.000
17713.000
17815.000
17916.000
18019.000
18121.000
18224.000
18326.000
18428.000
18531.000
18633.000
18735.000
18837.000
18939.000
19042.000
19144.000
19247.000
19348.000
19450.000
19553.000
19655.000
19758.000
19859.000
19961.000
20064.000
20166.000
20269.000
20371.000
20473.000
20576.000
20677.000
20780.000
20882.000
20984.000
21087.000
21188.000
21291.000
21393.000
21495.000
21598.000
21699.000
21801.000
21904.000
22006.000
22109.000
22211.000
22312.000
22415.000
22517.000
22620.000
22721.000
22823.000
22926.000
23028.000
23131.000
23232.000
23334.000
23438.000
23539.000
23642.000
23744.000
23846.000
23949.000
24051.000
24153.000
24255.000
24357.000
24460.000
24562.000
24665.000
24767.000
24869.000
24972.000
25074.000
25177.000
25279.000
25381.000
25483.000
25585.000
25688.000
25790.000
25891.000
25994.000
26096.000
26199.000
26301.000
26402.000
26505.000
26607.000
26710.000
26812.000
26914.000
27016.000
27118.000
27220.000
27323.000
27424.000
27527.000
27629.000
27731.000
27834.000
27935.000
28038.000
28140.000
28242.000
28345.000
28447.000
28550.000
28651.000
28753.000
28856.000
28958.000
29060.000
29162.000
29264.000
29367.000
29468.000
29571.000
29673.000
29775.000
29878.000
29980.000
30083.000
30185.000
30286.000
30389.000
30491.000
30594.000
30696.000
30798.000
30901.000
31003.000
31106.000
31207.000
31310.000
31413.000
31514.000
31617.000
31719.000
31822.000
31924.000
32026.000
32129.000
32231.000
32332.000
32435.000
32537.000
32640.000
32741.000
32843.000
32946.000
33048.000
33150.000
33253.000
33355.000
33457.000
33559.000
33661.000
33764.000
33865.000
33968.000
34070.000
34172.000
34275.000
34376.000
34479.000
34581.000
34683.000
34786.000
34887.000
34990.000
35092.000
35194.000
35296.000
35398.000
35501.000
35603.000
35705.000
35807.000
35909.000
36012.000
36114.000
36215.000
36318.000
36420.000
36523.000
36625.000
36727.000
36830.000
36932.000
37035.000
37136.000
37239.000
37341.000
37443.000
37545.000
37648.000
37750.000
37853.000
37955.000
38057.000
38160.000
38262.000
38365.000
38466.000
38568.000
38671.000
38773.000
38876.000
38978.000
39080.000
39182.000
39284.000
39387.000
39489.000
39590.000
39693.000
39795.000
39898.000
40000.000
40101.000
40205.000
40306.000
40409.000
40512.000
40614.000
40717.000
40818.000
40921.000
41023.000
41125.000
41228.000
41330.000
41433.000
41535.000
41637.000
41740.000
41841.000
41944.000
42046.000
42148.000
42251.000
42353.000
42455.000
42557.000
42659.000
42762.000
42864.000
42967.000
43069.000
43171.000
43273.000
43376.000
43478.000
43580.000
43682.000
43785.000
43887.000
43990.000
44092.000
44194.000
44296.000
44398.000
44500.000
44603.000
44705.000
44807.000
44909.000
45011.000
45114.000
45216.000
45318.000
45420.000
45522.000
45625.000
45727.000
45829.000
45931.000
46033.000
46136.000
46238.000
46341.000
46443.000
46545.000
46648.000
46749.000
46852.000
46954.000
47056.000
47159.000
47261.000
47364.000
47466.000
47567.000
47670.000
47772.000
47875.000
47977.000
48079.000
48181.000
48284.000
48387.000
48489.000
48591.000
48694.000
48796.000
48900.000
49002.000
49104.000
49207.000
49309.000
49412.000
49515.000
49617.000
49720.000
49822.000
49925.000
50027.000
50129.000
50233.000
50335.000
50438.000
50540.000
50642.000
50745.000
50847.000
50950.000
51053.000
51155.000
51258.000
51360.000
51463.000
51565.000
51667.000
51770.000
51873.000
51976.000
52078.000
52180.000
52283.000
52385.000
52488.000
52591.000
52694.000
52796.000
52898.000
53001.000
53103.000
53206.000
53309.000
53411.000
53514.000
53616.000
53719.000
53821.000
53923.000
54026.000
54129.000
54232.000
54334.000
54436.000
54539.000
54641.000
54744.000
54847.000
54949.000
55052.000
55154.000
55257.000
55359.000
55461.000
55565.000
55667.000
55770.000
55872.000
55974.000
56077.000
56179.000
56282.000
56385.000
56487.000
56590.000
56692.000
56795.000
56897.000
56999.000
57103.000
57205.000
57308.000
57410.000
57512.000
57615.000
57717.000
57821.000
57923.000
58025.000
58128.000
58230.000
58333.000
58435.000
58537.000
58641.000
58743.000
58846.000
58948.000
59051.000
59153.000
59255.000
59358.000
59461.000
59564.000
59666.000
59768.000
59871.000
59973.000
60076.000
60179.000
60281.000
60384.000
60486.000
60589.000
60691.000
60793.000
60896.000
60999.000
61102.000
61204.000
61306.000
61409.000
61511.000
61614.000
61716.000
61819.000
61922.000
62024.000
62127.000
62229.000
62331.000
62434.000
62537.000
62640.000
62742.000
62844.000
62947.000
63049.000
63152.000
63255.000
63357.000
63460.000
63562.000
63665.000
63767.000
63869.000
63972.000
64074.000
64178.000
64280.000
64382.000
64485.000
64587.000
64690.000
64792.000
64894.000
64998.000
65100.000
65203.000
65305.000
65408.000
65510.000
65612.000
65715.000
65818.000
65921.000
66023.000
66125.000
66228.000
66330.000
66433.000
66535.000
66638.000
66741.000
66843.000
66946.000
67048.000
67150.000
67253.000
67355.000
67459.000
67561.000
67663.000
67766.000
67868.000
67971.000
68073.000
68175.000
68278.000
68381.000
68484.000
68586.000
68688.000
68791.000
68893.000
68996.000
69099.000
69201.000
69304.000
69406.000
69509.000
69611.000
69713.000
69816.000
69918.000
70022.000
70124.000
70226.000
70329.000
70431.000
70534.000
70636.000
70738.000
70842.000
70944.000
71047.000
71149.000
71251.000
71354.000
71456.000
71560.000
71662.000
71764.000
71867.000
71969.000
72072.000
72174.000
72278.000
72380.000
72482.000
72585.000
72687.000
72790.000
72892.000
72994.000
73097.000
73200.000
73303.000
73405.000
73507.000
73610.000
73712.000
73815.000
73918.000
74020.000
74123.000
74225.000
74328.000
74430.000
74532.000
74636.000
74738.000
74841.000
74943.000
75045.000
75148.000
75250.000
75353.000
75456.000
75558.000
75661.000
75763.000
75866.000
75968.000
76070.000
76173.000
76276.000
76379.000
76481.000
76583.000
76686.000
76788.000
76891.000
76993.000
77095.000
77199.000
77301.000
77404.000
77506.000
77608.000
77711.000
77813.000
77917.000
78019.000
78121.000
78224.000
78326.000
78429.000
78531.000
78633.000
78737.000
78839.000
78942.000
79044.000
79147.000
79249.000
79351.000
79455.000
79557.000
79660.000
79762.000
79864.000
79967.000
80069.000
80172.000
80275.000
80377.000
80480.000
80582.000
80685.000
80787.000
80889.000
80993.000
81095.000
81198.000
81300.000
81402.000
81505.000
81607.000
81711.000
81813.000
81915.000
82018.000
82120.000
82223.000
82325.000
82428.000
82531.000
82633.000
82736.000
82838.000
82940.000
83043.000
83145.000
83249.000
83351.000
83453.000
83556.000
83658.000
83761.000
83863.000
83965.000
84069.000
84171.000
84274.000
84376.000
84478.000
84581.000
84683.000
84786.000
84889.000
84992.000
85094.000
85196.000
85299.000
85401.000
85504.000
85607.000
85709.000
85812.000
85914.000
86018.000
86120.000
86222.000
86325.000
86428.000
86531.000
86633.000
86736.000
86839.000
86941.000
87045.000
87147.000
87250.000
87353.000
87456.000
87560.000
87663.000
87767.000
87870.000
87973.000
88077.000
88181.000
88285.000
88388.000
88492.000
88595.000
88698.000
88802.000
88905.000
89009.000
89113.000
89217.000
89320.000
89423.000
89527.000
89630.000
89734.000
89837.000
89940.000
90044.000
90148.000
90252.000
90355.000
90459.000
90562.000
90665.000
90769.000
90872.000
90976.000
91079.000
91183.000
91287.000
91390.000
91494.000
91597.000
91701.000
91804.000
91908.000
92011.000
92114.000
92219.000
92322.000
92426.000
92529.000
92633.000
92736.000
92839.000
92943.000
93046.000
93151.000
93254.000
93358.000
93461.000
93564.000
93668.000
93771.000
93875.000
93978.000
94083.000
94186.000
94289.000
94393.000
94496.000
94600.000
94703.000
94807.000
94910.000
95014.000
95118.000
95221.000
95325.000
95428.000
95532.000
95635.000
95738.000
95842.000
95945.000
96050.000
96153.000
96257.000
96360.000
96463.000
96567.000
96670.000
96774.000
96877.000
96980.000
97085.000
97188.000
97292.000
97395.000
97499.000
97602.000
97705.000
97809.000
97912.000
98016.000
98120.000
98224.000
98327.000
98430.000
98534.000
98637.000
98741.000
98844.000
98948.000
99051.000
99155.000
99259.000
99362.000
99466.000
99569.000
99673.000
99776.000
99879.000
99983.000
100086.000
100191.000
100294.000
100398.000
100501.000
100604.000
100708.000
100811.000
100916.000
101019.000
101123.000
101226.000
101329.000
101433.000
101536.000
101641.000
101744.000
101848.000
101951.000
102054.000
102158.000
102261.000
102366.000
102469.000
102573.000
102676.000
102779.000
102883.000
102987.000
103091.000
103194.000
103298.000
103401.000
103504.000
103608.000
103712.000
103816.000
103919.000
104023.000
104126.000
104229.000
104334.000
104437.000
104541.000
104644.000
104748.000
104851.000
104955.000
105059.000
105162.000
105266.000
105369.000
105473.000
105576.000
105680.000
105784.000
105887.000
105991.000
106094.000
106198.000
106301.000
106405.000
106509.000
106612.000
106716.000
106819.000
106923.000
107026.000
107130.000
107234.000
107337.000
107441.000
107544.000
107648.000
107751.000
107854.000
107959.000
108062.000
108166.000
108269.000
108372.000
108476.000
108580.000
108684.000
108787.000
108891.000
108994.000
109097.000
109201.000
109305.000
109409.000
109512.000
109616.000
109719.000
109822.000
109926.000
110030.000
110134.000
110237.000
110341.000
110444.000
110547.000
110651.000
110755.000
110859.000
110962.000
111066.000
111169.000
111272.000
111376.000
111480.000
111584.000
111687.000
111791.000
111894.000
111997.000
112102.000
112205.000
112309.000
112412.000
112516.000
112619.000
112723.000
112827.000
112930.000
113034.000
113137.000
113241.000
113344.000
113447.000
113552.000
113655.000
113759.000
113862.000
113966.000
114069.000
114172.000
114277.000
114380.000
114484.000
114587.000
114691.000
114794.000
114897.000
115001.000
115105.000
115209.000
115312.000
115416.000
115519.000
115622.000
115726.000
115830.000
115934.000
116037.000
116141.000
116244.000
116347.000
116451.000
116555.000
116659.000
116762.000
116866.000
116969.000
117072.000
117176.000
117280.000
117384.000
117487.000
117591.000
117694.000
117797.000
117901.000
118005.000
118109.000
118212.000
118316.000
118419.000
118522.000
118626.000
118730.000
118834.000
118937.000
119041.000
119144.000
119247.000
119351.000
119454.000
119559.000
119662.000
119766.000
119869.000
119972.000
120076.000
120179.000
120284.000
120387.000
120491.000
120594.000
120697.000
120801.000
120905.000
121009.000
121112.000
121216.000
121319.000
121422.000
121526.000
121630.000
121734.000
121837.000
121940.000
122044.000
122147.000
122251.000
122355.000
122459.000
122562.000
122665.000
122769.000
122872.000
122976.000
123080.000
123184.000
123287.000
123390.000
123494.000
123597.000
123701.000
123804.000
123909.000
124012.000
124115.000
124219.000
124322.000
124426.000
124529.000
124634.000
124737.000
124840.000
124944.000
125047.000
125151.000
125254.000
125359.000
125462.000
125565.000
125669.000
125772.000
125876.000
125979.000
126083.000
126187.000
126290.000
126394.000
126497.000
126601.000
126704.000
126808.000
126911.000
127015.000
127119.000
127222.000
127326.000
127429.000
127533.000
127636.000
127740.000
127844.000
127947.000
128051.000
128154.000
128258.000
128361.000
128465.000
128569.000
128672.000
128776.000
128879.000
128983.000
129086.000
129189.000
129294.000
129397.000
129501.000
129604.000
129708.000
129811.000
129914.000
130019.000
130122.000
130226.000
130329.000
130433.000
130536.000
130639.000
130744.000
130847.000
130951.000
131054.000
131158.000
131261.000
131364.000
131469.000
131572.000
131676.000
131779.000
131883.000
131986.000
132089.000
132194.000
132297.000
132401.000
132504.000
132608.000
132711.000
132814.000
132919.000
133022.000
133126.000
133229.000
133332.000
133436.000
133539.000
133643.000
133747.000
133851.000
133954.000
134057.000
134161.000
134264.000
134368.000
134472.000
134576.000
134679.000
134782.000
134886.000
134989.000
135093.000
135197.000
135301.000
135404.000
135507.000
135611.000
135714.000
135818.000
135922.000
136026.000
136129.000
136232.000
136336.000
136439.000
136543.000
136646.000
136751.000
136854.000
136957.000
137061.000
137164.000
137268.000
137371.000
137476.000
137579.000
137682.000
137786.000
137889.000
137993.000
138096.000
138201.000
138304.000
138407.000
138511.000
138614.000
138718.000
138821.000
138926.000
139029.000
139132.000
139236.000
139339.000
139443.000
139546.000
139650.000
139754.000
139857.000
139961.000
140064.000
140168.000
140271.000
140375.000
140478.000
140581.000
140686.000
140789.000
140893.000
140996.000
141100.000
141203.000
141306.000
141411.000
141514.000
141618.000
141721.000
141825.000
141928.000
142031.000
142136.000
142239.000
142343.000
142446.000
142550.000
142653.000
142756.000
142860.000
142964.000
143068.000
143171.000
143275.000
143378.000
143481.000
143586.000
143689.000
143793.000
143896.000
144000.000
144103.000
144206.000
144311.000
144414.000
144518.000
144621.000
144724.000
144828.000
144931.000
145036.000
145139.000
145243.000
145346.000
145449.000
145553.000
145656.000
145760.000
145864.000
145968.000
146071.000
146174.000
146278.000
146381.000
146485.000
146589.000
146693.000
146796.000
146899.000
147003.000
147106.000
147210.000
147314.000
147418.000
147521.000
147624.000
147728.000
147831.000
147935.000
148039.000
148143.000
148246.000
148349.000
148453.000
148556.000
148660.000
148764.000
148868.000
148971.000
149074.000
149178.000
149281.000
149385.000
149488.000
149593.000
149696.000
149799.000
149903.000
150006.000
150110.000
150214.000
150318.000
150421.000
150524.000
150628.000
150731.000
150835.000
150938.000
151043.000
151146.000
151249.000
151353.000
151456.000
151560.000
151663.000
151768.000
151871.000
151974.000
152078.000
152181.000
152285.000
152388.000
152492.000
152596.000
152699.000
152803.000
152906.000
153010.000
153113.000
153217.000
153320.000
153424.000
153528.000
153631.000
153735.000
153838.000
153942.000
154045.000
154149.000
154253.000
154356.000
154460.000
154563.000
154667.000
154770.000
154874.000
154978.000
155081.000
155185.000
155288.000
155392.000
155495.000
155598.000
155703.000
155806.000
155910.000
156013.000
156116.000
156220.000
156323.000
156428.000
156531.000
156635.000
156738.000
156841.000
156945.000
157048.000
157152.000
157256.000
157360.000
157463.000
157566.000
157670.000
157773.000
157877.000
157980.000
158084.000
158188.000
158291.000
158395.000
158498.000
158602.000
158705.000
158809.000
158912.000
159016.000
159120.000
159223.000
159327.000
159430.000
159534.000
159637.000
159741.000
159845.000
159948.000
160052.000
160155.000
160259.000
160362.000
160466.000
160570.000
160673.000
160777.000
160880.000
160984.000
161087.000
161190.000
161295.000
161398.000
161502.000
161605.000
161709.000
161812.000
161915.000
162020.000
162123.000
162227.000
162330.000
162434.000
162537.000
162640.000
162744.000
162848.000
162952.000
163055.000
163159.000
163262.000
163365.000
163469.000
163573.000
163677.000
163780.000
163884.000
163987.000
164090.000
164194.000
164298.000
164402.000
164505.000
164609.000
164712.000
164815.000
164919.000
165022.000
165127.000
165230.000
165334.000
165437.000
165540.000
165644.000
165747.000
165852.000
165955.000
166059.000
166162.000
166265.000
166369.000
166472.000
166577.000
166680.000
166784.000
166887.000
166990.000
167094.000
167197.000
167301.000
167405.000
167508.000
167612.000
167715.000
167819.000
167922.000
168026.000
168130.000
168233.000
168337.000
168440.000
168544.000
168647.000
168751.000
168855.000
168958.000
169062.000
169165.000
169269.000
169372.000
169476.000
169580.000
169683.000
169787.000
169890.000
169994.000
170097.000
170201.000
170305.000
170408.000
170512.000
170615.000
170719.000
170822.000
170926.000
171030.000
171133.000
171237.000
171340.000
171444.000
171547.000
171651.000
171755.000
171858.000
171962.000
172065.000
172169.000
172272.000
172376.000
172479.000
172583.000
172687.000
172790.000
172894.000
172997.000
173101.000
173204.000
173308.000
173412.000
173515.000
173619.000
173722.000
173826.000
173929.000
174033.000
174137.000
174240.000
174344.000
174447.000
174551.000
174654.000
174758.000
174862.000
174965.000
175069.000
175172.000
175276.000
175379.000
175482.000
175587.000
175690.000
175794.000
175897.000
176001.000
176104.000
176207.000
176311.000
176415.000
176519.000
176622.000
176726.000
176829.000
176932.000
177036.000
177140.000
177244.000
177347.000
177451.000
177554.000
177657.000
177761.000
177864.000
177969.000
178072.000
178176.000
178279.000
178382.000
178486.000
178589.000
178694.000
178797.000
178900.000
179004.000
179107.000
179211.000
179314.000
179418.000
179521.000
179624.000
179728.000
179831.000
179936.000
180039.000
180143.000
180245.000
180349.000
180453.000
180556.000
180660.000
180763.000
180867.000
180970.000
181074.000
181178.000
181281.000
181385.000
181488.000
181592.000
181695.000
181798.000
181903.000
182006.000
182110.000
182213.000
182317.000
182420.000
182523.000
182628.000
182731.000
182835.000
182938.000
183042.000
183145.000
183248.000
183353.000
183456.000
183560.000
183663.000
183767.000
183870.000
183973.000
184078.000
184181.000
184285.000
184388.000
184492.000
184595.000
184698.000
184803.000
184906.000
185010.000
185113.000
185217.000
185320.000
185423.000
185528.000
185631.000
185735.000
185838.000
185942.000
186045.000
186149.000
186253.000
186356.000
186460.000
186563.000
186667.000
186770.000
186874.000
186978.000
187081.000
187185.000
187288.000
187392.000
187495.000
187599.000
187703.000
187806.000
187910.000
188013.000
188116.000
188220.000
188324.000
188428.000
188531.000
188635.000
188738.000
188841.000
188945.000
189047.000
189151.000
189253.000
189356.000
189459.000
189561.000
189664.000
189767.000
189870.000
189972.000
190075.000
190178.000
190280.000
190383.000
190486.000
190588.000
190691.000
190794.000
190897.000
190999.000
191101.000
191204.000
191306.000
191410.000
191512.000
191614.000
191717.000
191819.000
191923.000
192025.000
192128.000
192230.000
192332.000
192435.000
192538.000
192641.000
192743.000
192845.000
192948.000
193050.000
193154.000
193256.000
193358.000
193461.000
193563.000
193667.000
193769.000
193871.000
193974.000
194076.000
194179.000
194282.000
194384.000
194487.000
194589.000
194692.000
194795.000
194897.000
195000.000
195102.000
195205.000
195307.000
195410.000
195513.000
195615.000
195718.000
195820.000
195922.000
196026.000
196128.000
196231.000
196333.000
196435.000
196539.000
196641.000
196744.000
196846.000
196948.000
197051.000
197154.000
197257.000
197359.000
197462.000
197564.000
197666.000
197770.000
197872.000
197975.000
198077.000
198179.000
198283.000
198385.000
198488.000
198590.000
198692.000
198795.000
198898.000
199001.000
199103.000
199205.000
199308.000
199411.000
199514.000
199616.000
199718.000
199821.000
199923.000
200027.000
200129.000
200231.000
200334.000
200436.000
200539.000
200642.000
200744.000
200847.000
200949.000
201052.000
201154.000
201257.000
201360.000
201462.000
201565.000
201667.000
201771.000
201873.000
201975.000
202078.000
202180.000
202283.000
202386.000
202488.000
202591.000
202693.000
202796.000
202898.000
203001.000
203104.000
203206.000
203309.000
203411.000
203514.000
203617.000
203719.000
203822.000
203924.000
204026.000
204130.000
204232.000
204335.000
204437.000
204539.000
204642.000
204745.000
204848.000
204950.000
205052.000
205155.000
205258.000
205361.000
205463.000
205565.000
205668.000
205770.000
205874.000
205976.000
206078.000
206181.000
206283.000
206386.000
206489.000
