8.189
8.202
8.189
8.152
8.189
8.189
8.326
8.289
8.264
0.453
0.453
0.906
1.694
1.109
0.906
1.281
1.502
1.281
1.694
1.281
0.906
0.640
0.000
1.359
1.359
1.013
1.281
0.784
0.784
1.432
1.867
1.109
0.906
0.906
0.784
1.109
0.784
0.906
1.198
0.906
0.906
1.198
1.013
1.013
1.013
1.359
0.784
0.906
0.784
1.013
1.109
0.906
1.013
1.013
1.198
1.198
0.906
2.075
0.784
0.640
0.000
0.784
1.109
0.784
0.453
1.694
0.906
1.198
1.013
1.281
1.811
1.754
1.432
2.218
2.025
2.075
2.025
2.864
2.717
3.137
3.479
3.479
3.707
4.101
4.391
4.367
4.460
4.835
4.940
4.898
4.814
4.877
4.706
4.684
4.640
4.551
4.706
4.663
4.551
4.728
4.940
4.750
4.940
5.083
4.898
4.793
5.002
4.793
4.574
4.574
4.529
4.391
4.391
4.596
4.596
4.706
4.750
4.856
4.919
4.706
5.022
4.750
4.684
4.877
4.793
4.750
4.814
4.640
4.750
4.640
4.728
4.460
4.877
4.618
4.684
4.684
4.750
4.551
4.793
4.814
4.898
4.814
4.506
4.856
4.618
4.684
4.618
4.596
4.940
4.919
4.684
4.618
4.877
5.043
4.663
4.728
4.706
4.856
4.940
4.414
4.574
4.684
4.506
4.684
4.596
4.771
4.663
4.684
4.814
4.771
4.750
4.856
4.814
4.771
4.961
4.961
4.551
4.856
4.856
4.663
4.551
4.483
4.728
4.640
4.814
4.814
4.898
4.684
4.706
4.793
4.814
4.771
4.750
4.483
4.663
4.460
4.640
4.898
4.793
4.835
4.640
4.706
4.706
4.877
4.898
4.706
4.856
4.551
4.728
4.367
4.663
4.814
4.460
4.367
4.728
4.771
4.835
4.793
4.706
4.877
4.835
4.574
4.750
4.940
4.981
4.835
4.771
4.771
4.551
4.391
4.640
5.002
4.793
4.750
4.640
4.771
4.898
4.728
4.771
5.043
4.814
4.551
4.750
4.771
4.551
4.596
4.663
4.793
4.706
4.793
4.898
4.877
4.814
4.750
4.961
4.750
4.640
4.506
4.460
4.551
4.574
4.640
4.684
4.750
4.814
5.063
4.728
4.940
4.856
4.793
4.961
4.574
4.728
4.684
4.728
4.940
4.460
4.684
4.391
4.574
4.793
4.640
4.814
4.856
5.163
4.856
4.856
4.793
4.919
4.793
4.596
4.640
4.574
4.483
4.596
4.574
4.663
4.793
4.919
5.063
5.063
4.961
5.002
5.002
4.877
4.728
4.835
4.574
4.483
4.460
4.414
4.750
4.596
4.835
5.002
4.706
4.919
4.771
4.551
4.898
4.981
4.706
5.002
4.596
4.460
4.940
4.640
4.551
4.551
4.814
4.919
5.043
4.814
4.961
4.856
4.919
4.706
4.574
4.940
4.814
4.506
4.814
4.551
4.551
4.728
4.706
4.898
5.022
4.981
5.144
5.163
5.144
5.104
5.043
5.043
5.002
4.877
4.835
4.877
4.684
4.684
5.083
5.063
5.063
5.163
5.022
4.898
4.981
4.898
4.793
4.856
5.083
4.793
4.750
4.771
4.551
4.898
4.856
4.793
4.684
4.706
4.898
4.835
4.814
4.981
4.663
5.163
5.022
4.981
4.961
4.706
4.793
4.663
4.663
4.529
4.814
4.981
4.835
4.981
5.002
4.961
4.981
4.793
4.706
4.877
4.596
4.684
4.618
4.460
4.640
4.728
5.063
5.002
5.043
5.022
4.940
4.814
4.940
4.835
4.919
4.750
4.835
5.144
4.940
4.596
4.856
4.684
4.506
5.002
4.981
4.835
4.961
4.835
4.961
4.877
4.940
4.750
4.574
4.814
4.367
4.596
4.663
4.529
4.596
4.814
5.043
4.596
4.981
5.144
5.002
4.684
4.856
4.856
4.706
4.640
4.835
4.618
4.640
4.437
4.596
4.750
4.961
4.877
5.203
5.223
5.638
5.509
5.434
5.692
5.764
6.059
5.974
6.372
6.838
6.808
6.986
7.699
7.483
7.699
8.164
8.412
8.448
8.874
8.628
8.758
8.909
8.484
8.699
9.057
8.828
8.989
9.259
8.289
9.434
9.046
9.000
9.292
8.955
9.237
9.413
8.955
8.943
9.159
8.955
9.467
9.303
9.192
9.649
8.640
9.147
9.023
9.303
9.445
9.226
9.000
9.702
9.325
9.012
8.989
9.170
9.181
9.314
9.270
9.423
9.358
9.542
9.639
9.510
9.358
9.445
8.943
9.170
8.676
9.181
9.303
9.069
9.270
9.369
9.012
9.237
9.035
9.303
9.423
8.545
9.046
9.314
8.805
8.943
9.259
9.226
9.012
9.012
8.886
9.292
8.955
9.292
9.181
8.920
8.920
9.046
9.170
9.596
8.920
8.966
9.456
9.035
8.770
8.793
8.448
9.136
9.069
9.292
9.849
9.628
9.702
9.639
9.270
9.380
9.114
8.909
9.391
8.616
9.347
9.069
9.336
9.192
9.203
9.125
9.136
8.816
9.281
8.897
9.012
9.091
9.542
9.080
9.499
8.886
8.793
9.214
9.347
9.057
9.766
9.445
9.125
9.347
8.955
9.259
9.181
9.069
9.125
8.966
9.281
9.358
9.023
9.499
8.863
8.699
9.639
8.989
8.863
9.734
8.897
9.445
9.012
8.886
8.909
9.000
8.252
9.102
9.000
8.909
9.325
9.270
9.159
9.046
9.628
9.170
9.125
9.035
9.786
9.012
9.159
9.839
9.023
8.828
9.478
9.080
8.770
9.046
9.347
9.000
8.652
9.023
8.932
8.955
8.770
9.000
9.091
9.159
8.521
8.770
8.711
8.828
8.955
9.347
9.147
8.955
8.770
9.358
9.181
8.828
9.456
9.147
9.091
8.932
8.758
9.596
8.886
8.863
9.012
9.170
8.723
9.214
8.805
9.080
9.542
8.828
8.723
9.292
9.023
8.816
8.989
8.484
9.147
8.781
9.292
9.057
9.478
9.170
9.314
8.966
9.069
8.978
8.863
9.192
8.711
8.793
9.023
9.069
9.347
9.192
9.226
9.237
9.358
9.102
9.744
9.413
9.170
9.445
8.989
9.114
9.114
9.080
9.402
8.989
8.989
9.347
8.781
8.816
9.237
9.170
9.170
9.402
9.649
8.932
9.192
9.478
9.102
8.338
9.012
9.147
9.270
9.325
8.828
9.369
8.699
8.735
8.920
8.699
8.652
8.793
8.781
8.569
9.023
8.687
8.484
8.640
9.102
9.510
8.699
9.214
9.413
8.793
8.943
9.102
8.711
9.402
8.521
8.735
9.214
8.793
8.664
8.955
9.046
9.170
8.909
8.687
8.966
9.292
8.569
9.214
8.699
9.147
9.214
8.828
8.723
8.781
8.189
8.687
9.226
8.472
9.035
8.758
8.989
9.046
8.920
8.886
9.035
8.955
9.125
8.989
8.569
9.270
8.289
8.886
9.542
9.159
9.170
8.840
9.192
9.499
9.192
9.292
9.521
9.248
9.237
9.292
8.264
9.391
9.170
8.943
9.553
9.456
9.402
9.380
9.870
10.227
10.688
10.367
10.485
10.337
10.659
10.944
11.394
11.303
11.519
11.394
12.033
12.386
13.008
12.534
12.419
12.833
13.226
13.180
13.556
13.350
13.892
13.699
13.907
13.296
14.263
14.499
14.758
14.807
14.660
14.342
14.647
15.583
15.662
14.548
14.256
14.814
14.527
14.227
14.604
14.744
14.931
14.126
15.411
14.583
15.243
15.162
14.862
15.033
14.876
14.807
13.578
15.122
14.807
15.411
14.227
14.800
14.555
15.088
14.793
15.609
14.695
15.020
15.457
15.081
15.013
14.597
14.414
15.230
14.083
15.311
14.640
14.184
14.681
14.541
15.169
15.088
14.647
13.951
14.548
14.083
14.406
14.938
14.548
14.841
15.122
13.966
14.924
14.681
14.527
15.563
15.290
15.543
14.924
15.006
14.541
15.081
14.820
14.758
14.786
14.555
14.737
14.357
15.243
14.965
14.945
14.793
15.047
15.324
14.555
14.807
14.688
14.541
15.115
14.695
13.676
14.903
15.264
13.848
14.793
15.457
14.126
14.349
14.951
14.647
14.191
15.243
14.306
13.825
14.695
13.980
13.995
14.618
14.848
15.210
14.674
15.648
14.597
14.834
15.243
14.583
14.555
15.364
14.702
14.399
14.737
14.876
14.555
15.054
15.190
14.625
15.484
15.753
14.428
15.290
14.406
14.399
15.210
15.250
15.270
15.061
14.890
15.027
14.910
14.002
14.681
14.883
14.653
14.890
14.162
14.709
14.751
14.709
14.751
15.020
14.965
15.169
14.583
14.399
14.820
15.444
15.054
15.284
15.411
14.618
14.576
15.129
15.317
14.314
14.827
15.417
15.135
14.972
15.081
14.499
15.250
14.986
15.371
15.351
14.945
14.958
15.047
14.772
15.947
14.534
14.723
14.328
15.243
15.040
14.492
15.122
14.730
15.264
14.807
14.653
14.618
14.314
14.263
14.896
15.297
14.541
14.148
14.285
13.796
14.470
14.625
14.328
14.723
14.681
15.337
14.702
14.299
15.589
14.513
14.321
14.206
14.751
14.492
14.972
14.562
14.039
14.992
15.108
15.169
15.357
14.896
14.883
14.342
14.513
14.647
14.917
14.688
14.541
15.013
14.951
14.271
15.088
14.820
14.737
14.869
14.807
13.973
14.862
14.625
14.951
14.148
14.456
14.371
14.793
14.625
14.428
14.695
15.404
14.667
14.449
14.199
14.506
14.414
14.421
14.924
15.081
14.632
14.428
14.435
14.357
14.485
15.033
13.855
14.807
14.917
14.342
14.869
14.800
14.449
15.162
15.108
14.220
14.702
14.744
13.788
15.384
14.716
14.590
14.667
14.541
14.793
15.583
14.674
14.890
15.183
14.938
14.890
14.541
15.264
14.299
14.328
14.470
14.321
14.292
14.979
14.541
14.674
14.807
14.292
14.765
14.660
15.364
14.534
13.988
14.660
14.945
14.328
14.674
14.555
14.730
14.017
14.999
14.492
14.992
14.765
15.297
15.727
15.115
15.662
15.027
15.635
15.602
16.768
16.353
16.676
17.095
16.435
16.878
17.005
17.557
16.908
17.203
16.602
17.446
17.563
16.534
18.001
17.227
17.393
17.743
17.510
16.926
17.280
17.233
17.731
17.446
17.638
16.829
17.339
17.841
17.221
17.393
17.731
17.777
17.749
17.387
17.233
16.584
16.896
17.227
17.749
16.744
17.017
16.081
17.328
18.306
17.095
17.772
17.714
17.107
17.286
17.161
17.731
17.029
17.369
16.750
17.714
17.984
17.328
17.191
17.245
16.509
17.574
17.615
17.904
17.984
17.316
17.720
16.707
17.203
17.498
17.806
17.633
18.120
17.498
17.714
17.298
17.155
17.434
16.391
17.173
17.725
16.602
17.812
17.316
17.023
17.185
16.787
17.498
17.245
17.071
17.053
17.363
17.457
17.633
17.029
17.095
17.233
17.221
17.818
17.679
17.743
17.245
17.685
17.592
17.457
17.777
16.896
17.783
17.679
17.679
17.328
16.926
17.310
17.375
17.892
18.092
16.615
17.829
16.744
16.902
17.239
17.714
16.602
16.768
17.662
18.284
17.557
17.083
17.673
17.155
17.304
17.743
16.447
17.298
17.534
18.211
17.227
17.185
17.053
17.286
16.540
16.975
17.772
16.811
17.656
17.209
17.818
17.143
17.017
16.811
16.975
18.165
16.719
17.714
17.292
17.101
17.410
17.766
17.609
16.963
16.590
17.516
16.491
16.731
17.410
16.227
16.652
17.422
17.083
16.933
17.766
16.993
16.353
17.131
17.749
17.731
16.584
17.627
17.083
17.268
17.656
18.052
16.896
16.793
17.149
16.787
16.848
17.185
17.011
17.101
16.750
16.528
17.083
17.065
16.951
15.746
16.768
15.966
17.161
17.268
16.652
17.469
16.963
17.522
16.805
17.137
17.268
17.598
17.095
17.089
17.806
17.083
17.604
17.209
17.292
17.516
17.528
16.750
17.656
17.892
17.580
17.339
17.835
16.841
16.578
15.257
15.746
17.481
16.676
16.403
17.245
16.914
15.629
15.642
16.615
16.695
16.951
16.969
16.322
15.317
15.928
17.017
17.131
16.435
16.441
16.908
15.772
16.534
16.670
16.841
16.453
16.478
16.993
16.378
16.416
16.945
15.986
17.274
17.215
18.171
16.848
16.713
16.987
18.092
16.750
16.975
16.848
17.233
16.695
17.143
17.510
16.453
16.841
17.563
17.215
17.011
15.953
16.939
16.664
16.253
16.920
16.920
16.658
16.768
16.841
17.011
17.023
16.422
16.896
17.539
16.878
16.829
17.387
17.035
16.835
16.829
16.627
16.750
16.695
17.251
17.239
17.023
16.272
16.811
16.353
17.469
17.339
16.750
16.132
16.460
16.372
16.043
15.811
17.251
16.725
15.792
16.701
16.975
16.234
16.565
15.883
16.202
16.037
14.876
15.411
14.869
14.392
15.357
15.223
14.730
15.417
14.271
14.702
14.618
14.647
14.199
14.141
14.576
14.841
14.876
14.910
14.548
15.074
14.611
14.075
14.660
15.169
14.263
14.965
14.951
13.669
13.319
14.010
13.973
14.184
14.688
14.653
15.122
14.924
15.364
14.883
14.688
14.695
14.569
14.017
15.068
13.840
13.833
14.428
14.191
14.917
15.068
14.986
14.299
14.435
14.827
14.945
14.271
15.013
14.786
14.827
14.938
14.292
15.102
14.716
14.834
15.230
15.223
15.054
14.938
14.520
14.213
14.903
14.442
14.583
15.504
14.590
14.667
14.896
14.758
14.807
14.827
14.399
14.779
14.862
15.020
15.190
14.744
15.156
14.597
14.357
14.702
14.779
14.213
14.709
14.972
14.647
14.848
14.618
15.331
14.499
14.562
14.611
14.342
14.647
13.907
15.424
15.237
15.142
14.075
14.999
15.061
14.660
15.537
14.299
14.814
15.364
15.411
14.414
14.751
14.681
15.074
14.513
15.013
13.616
14.779
14.820
14.869
15.230
15.095
14.534
14.435
14.660
15.095
14.674
14.958
14.527
14.820
15.142
14.751
14.456
14.737
14.541
15.324
15.297
15.451
15.424
15.464
14.972
15.384
14.242
14.709
15.805
14.499
15.371
15.223
15.074
14.604
14.931
14.772
14.793
14.709
15.081
14.371
14.506
14.357
14.910
14.583
14.590
15.054
14.342
15.169
14.890
15.464
14.716
14.751
15.129
14.292
15.688
14.155
14.695
15.020
14.342
14.583
14.534
15.142
15.284
15.311
14.456
15.537
15.020
14.364
14.917
14.499
14.170
14.862
15.033
14.199
14.972
14.306
14.170
14.992
14.800
15.081
15.108
14.349
15.006
14.090
14.640
15.391
13.899
14.306
14.640
14.249
15.317
14.709
14.876
13.892
14.206
14.625
14.213
13.586
13.472
14.716
15.061
15.122
15.068
14.965
14.520
14.235
14.170
14.653
13.951
14.910
14.335
13.810
14.590
13.388
13.350
13.203
12.873
13.311
13.825
13.273
12.952
13.571
14.278
13.335
14.569
12.976
13.156
14.039
14.548
13.699
14.263
14.220
14.674
14.024
13.870
13.487
14.449
13.691
14.256
13.818
14.097
13.319
14.951
13.586
14.625
13.609
13.758
13.929
13.810
14.002
13.921
14.083
13.729
14.406
14.456
14.569
15.102
13.744
14.647
13.973
14.625
13.654
14.890
14.779
14.068
14.986
14.435
14.068
15.190
14.119
14.583
14.958
15.357
14.527
14.910
14.883
14.883
14.632
14.848
14.463
15.020
15.040
15.088
14.184
14.681
14.890
15.196
14.800
14.299
15.464
14.392
15.230
15.176
14.869
15.027
14.945
14.499
15.020
14.527
14.834
14.695
14.414
14.292
14.385
13.988
13.609
13.149
14.068
12.468
12.873
12.753
12.352
12.632
11.904
12.745
12.696
12.252
11.148
11.608
10.678
10.592
10.669
10.126
10.475
10.514
10.436
9.870
9.575
10.337
9.681
9.456
9.702
9.660
9.259
9.402
9.692
9.575
9.585
8.874
9.532
8.793
9.102
9.080
8.932
9.192
9.510
9.596
9.314
9.192
9.281
8.955
9.314
9.159
9.542
9.380
8.989
9.336
9.170
9.445
9.114
8.943
8.805
9.012
8.239
8.557
8.746
8.699
9.434
9.136
9.023
9.489
9.023
9.035
9.564
9.358
9.136
9.639
9.423
9.456
9.391
8.592
9.402
8.909
9.147
9.080
8.943
9.499
8.851
8.966
8.932
9.012
9.057
9.023
8.989
9.192
9.303
8.932
9.380
9.237
9.192
9.303
8.851
8.989
9.192
9.413
9.325
9.489
9.181
9.380
9.281
9.023
9.214
9.192
9.499
9.456
9.170
9.057
8.920
8.920
9.510
9.023
8.874
9.347
8.966
8.699
9.226
8.676
8.909
9.797
9.214
9.270
9.214
8.978
9.797
8.978
9.114
9.259
9.046
8.805
8.816
8.746
8.758
8.989
9.369
9.091
8.781
9.303
9.114
8.816
9.467
9.369
8.874
9.478
9.607
9.292
9.035
8.989
9.069
9.091
9.181
9.402
9.181
8.828
9.456
9.046
8.687
9.325
9.091
9.281
9.248
8.711
9.091
9.226
8.989
9.046
9.170
9.035
9.445
9.214
9.192
9.069
9.281
8.897
