-82.275
-111.520
-134.916
-153.708
-168.666
-180.683
-190.496
-198.497
-204.973
-163.828
-130.963
-104.570
-83.131
-65.905
-52.099
-41.029
-32.273
-25.419
-19.860
-15.388
-11.810
-8.973
-6.654
-4.723
-3.203
-1.988
-1.090
-0.497
-0.048
0.187
0.474
0.704
0.939
1.326
2.211
2.893
3.390
3.887
4.134
4.382
4.706
4.915
4.957
5.040
5.207
5.291
5.358
5.286
5.104
4.733
4.486
4.239
4.191
4.128
4.177
4.492
4.718
4.925
5.215
5.472
5.627
5.752
5.752
5.876
5.951
6.011
6.134
6.082
6.215
6.122
5.773
5.493
5.120
4.871
4.746
4.622
4.573
4.858
5.236
5.589
5.796
6.037
6.155
6.274
6.369
6.445
6.481
6.610
6.663
6.630
6.579
6.538
6.231
6.034
5.828
5.662
5.530
5.399
5.244
5.370
5.721
5.927
6.166
6.258
6.407
6.475
6.530
6.574
6.509
6.657
6.651
6.671
6.662
6.629
6.303
5.943
5.754
5.553
5.268
5.089
5.246
5.522
5.893
6.189
6.401
6.596
6.752
6.901
6.971
6.902
6.921
6.887
6.910
6.828
6.862
6.765
6.312
5.924
5.689
5.427
5.266
5.138
5.135
5.383
5.807
5.995
6.121
6.247
6.348
6.453
6.612
6.615
6.667
6.808
6.822
6.932
6.946
6.832
6.465
6.172
5.813
5.525
5.295
5.261
5.284
5.577
5.937
6.199
6.284
6.227
6.432
6.571
6.681
6.770
6.791
6.883
6.981
6.985
6.913
6.730
6.409
6.177
5.917
5.634
5.407
5.275
5.470
5.676
5.841
5.998
6.123
6.224
6.229
6.383
6.481
6.610
6.638
6.760
6.783
6.727
6.581
6.290
6.007
5.781
5.624
5.599
5.480
5.584
5.792
6.183
6.447
6.557
6.621
6.722
6.827
6.987
6.939
6.927
7.066
7.153
7.297
7.288
7.030
6.699
6.334
6.092
5.899
5.669
5.485
5.563
5.951
6.285
6.478
6.558
6.696
6.807
6.945
7.006
7.030
6.999
6.924
6.964
6.946
6.832
6.641
6.188
5.950
5.760
5.583
5.441
5.503
5.727
6.032
6.301
6.415
6.582
6.691
6.803
6.842
6.849
6.954
7.063
7.200
7.285
7.328
7.213
6.820
6.506
6.205
6.039
5.981
5.860
5.738
5.990
6.317
6.554
6.718
6.824
6.959
7.018
7.139
7.111
7.164
7.156
7.200
7.160
7.178
6.992
6.694
6.405
6.049
5.764
5.536
5.429
5.393
5.640
5.962
6.194
6.355
6.484
6.637
6.735
6.888
6.935
6.973
7.054
7.093
7.049
7.164
6.931
6.420
6.036
5.854
5.633
5.406
5.200
5.260
5.508
5.906
6.225
6.480
6.434
6.497
6.673
6.788
6.931
7.019
7.066
7.102
7.132
7.005
6.779
6.348
6.029
5.823
5.658
5.702
5.536
5.554
5.893
6.164
6.332
6.415
6.482
6.511
6.684
6.797
6.862
6.815
6.802
6.792
6.733
6.637
6.284
5.927
5.692
5.403
5.198
5.158
5.151
5.546
5.937
6.250
6.525
6.695
6.831
6.865
7.042
7.058
7.122
7.272
7.293
7.309
7.322
7.208
6.866
6.593
6.249
6.050
5.915
5.807
5.795
6.011
6.309
6.447
6.783
6.901
6.946
7.007
7.130
7.154
7.123
7.049
7.014
7.136
7.059
6.947
6.608
6.361
5.864
5.641
5.513
5.335
5.318
5.580
5.864
6.016
5.963
6.220
6.426
6.541
6.658
6.851
7.006
7.005
6.979
7.058
7.146
7.042
6.734
6.462
6.244
5.971
5.801
5.591
5.623
5.848
6.204
6.463
6.795
7.061
6.674
6.989
7.166
7.358
7.461
7.569
7.605
7.709
7.567
7.529
7.148
6.843
6.500
6.225
5.980
5.809
5.747
6.048
6.288
6.505
6.779
7.023
7.194
7.305
7.294
7.435
7.448
7.508
7.532
7.475
7.430
7.269
6.690
6.452
6.112
5.889
5.711
5.569
5.580
5.739
5.966
6.198
6.458
6.592
6.723
6.904
7.123
7.198
7.309
7.397
7.417
7.484
7.662
7.680
7.394
7.115
6.817
6.728
6.608
6.586
6.494
6.720
6.951
7.211
7.494
7.670
7.886
7.959
8.117
8.169
8.310
8.348
8.428
8.368
8.369
8.320
7.956
7.690
7.427
7.266
7.113
7.016
7.012
7.235
7.488
7.665
7.857
8.086
8.144
8.340
8.372
8.322
8.233
8.236
8.289
8.406
8.575
8.460
8.243
8.069
7.930
7.794
7.635
7.533
7.627
7.801
8.091
8.348
8.678
8.768
8.964
9.096
9.202
9.087
9.044
9.010
9.008
8.982
9.035
8.878
8.553
8.167
7.934
7.647
7.517
7.364
7.316
7.453
7.687
7.975
8.130
8.304
8.343
8.449
8.559
8.523
8.568
8.604
8.659
8.777
8.921
8.812
8.475
8.055
7.744
7.495
7.321
7.182
7.245
7.596
7.977
8.207
8.440
8.552
8.667
8.858
8.962
8.994
8.995
9.021
9.117
9.194
9.180
8.969
8.525
8.145
7.941
7.778
7.497
7.298
7.338
7.621
8.021
8.342
8.549
8.539
8.581
8.715
8.822
8.782
8.851
8.831
8.865
8.917
8.908
8.702
8.461
8.219
7.975
7.830
7.714
7.596
7.577
7.862
8.189
8.451
8.636
8.759
8.907
8.951
9.035
9.103
9.083
9.141
9.263
9.210
9.268
8.990
8.667
8.308
7.972
7.727
7.632
7.430
7.544
7.910
8.153
8.423
8.688
8.800
8.990
9.142
9.264
9.286
9.379
9.478
9.457
9.541
9.508
9.256
8.955
8.814
8.576
8.361
8.214
8.171
8.362
8.639
8.886
9.084
9.267
9.314
9.426
9.516
9.513
9.535
9.478
9.382
9.456
9.465
9.347
9.202
8.787
8.504
8.329
8.088
7.920
7.736
7.939
8.151
8.371
8.622
8.772
8.968
9.174
9.239
9.391
9.363
9.366
9.367
9.369
9.420
9.286
8.929
8.618
8.419
8.211
8.043
7.935
7.873
7.973
8.179
8.543
8.734
8.962
9.170
9.336
9.294
9.335
9.243
9.219
9.250
9.225
9.280
9.099
8.754
8.403
8.173
8.038
7.931
7.844
7.751
8.000
8.250
8.600
8.755
9.004
9.153
9.198
9.358
9.461
9.494
9.370
9.221
9.252
9.202
9.111
8.939
8.651
8.396
8.217
8.073
7.934
7.847
7.953
8.237
8.440
8.552
8.691
8.778
9.022
9.243
9.344
9.300
9.290
9.182
9.121
9.072
8.882
8.506
8.155
8.074
7.884
7.757
7.531
7.549
7.640
7.837
8.169
8.310
8.573
8.759
8.882
8.980
8.984
9.087
9.220
9.326
9.436
9.374
9.224
8.954
8.663
8.456
8.189
7.952
7.786
7.829
8.138
8.435
8.648
8.744
8.945
9.006
9.105
9.134
9.232
9.286
9.328
9.213
9.195
9.081
8.915
8.532
8.275
8.120
7.946
7.732
7.536
7.478
7.758
7.931
8.120
8.396
8.592
8.748
8.924
9.114
9.066
9.053
9.142
9.114
9.091
9.123
8.948
8.709
8.442
8.253
8.103
7.857
7.761
7.784
8.052
8.266
8.588
8.745
8.846
8.877
9.077
9.111
9.089
9.121
8.997
8.997
9.048
9.138
8.961
8.744
8.445
8.081
7.815
7.627
7.526
7.596
7.852
8.106
8.260
8.558
8.746
8.897
9.068
9.254
9.378
9.453
9.462
9.420
9.511
9.483
9.362
9.189
8.976
8.731
8.560
8.398
8.193
8.230
8.434
8.772
8.968
9.224
9.504
9.678
9.793
9.834
9.917
9.984
10.012
10.060
10.123
9.973
9.653
9.373
9.173
8.989
8.841
8.698
8.683
9.046
9.362
9.590
9.747
9.872
9.973
10.028
10.198
10.183
10.271
10.267
10.339
10.321
10.107
9.785
9.478
9.133
8.831
8.765
8.637
8.784
9.102
9.382
9.656
9.824
9.935
10.048
10.063
10.050
10.015
10.112
10.190
10.127
10.176
9.891
9.563
9.200
8.935
8.773
8.593
8.525
8.645
8.966
9.173
9.363
9.540
9.682
9.796
9.762
9.784
9.902
9.997
10.097
10.228
10.257
9.956
9.640
9.212
8.969
8.725
8.480
8.334
8.517
8.739
8.966
9.273
9.543
9.685
9.823
9.908
9.976
9.981
10.010
10.108
10.211
9.869
9.645
9.391
9.113
9.015
8.937
8.775
8.595
8.701
9.011
9.333
9.567
9.753
9.953
10.087
10.195
10.181
