-54.720
-73.376
-89.101
-101.681
-111.745
-118.996
-125.596
-130.077
-134.462
-106.769
-85.416
-68.332
-53.866
-42.293
-33.034
-25.627
-19.702
-14.962
-11.169
-8.135
-5.708
-3.767
-2.213
-1.771
-1.417
-0.333
-0.267
-0.213
0.629
1.303
1.843
1.474
1.979
1.583
1.267
1.813
2.251
2.601
2.080
2.464
1.971
1.577
2.062
2.449
1.960
2.368
2.694
2.155
1.724
2.179
1.743
2.195
1.756
2.205
2.564
2.851
2.281
1.825
2.260
2.608
2.886
2.309
1.847
1.478
1.982
2.386
2.709
2.967
2.373
1.899
2.319
2.655
2.124
2.499
1.999
2.400
2.720
2.976
2.381
2.704
2.164
1.731
1.385
1.908
2.326
1.861
1.489
1.191
0.953
0.762
0.610
1.288
1.030
0.824
1.459
1.167
0.934
1.547
1.238
1.790
2.232
1.786
2.229
2.583
2.866
2.293
2.634
2.908
2.326
1.861
2.289
1.831
1.465
1.172
0.937
0.750
0.600
0.480
1.184
0.947
0.758
1.406
1.125
0.900
0.720
0.576
1.261
1.809
2.247
2.597
2.078
1.662
2.130
1.704
2.163
1.731
2.184
1.748
2.198
1.758
1.407
1.125
1.700
2.160
1.728
2.183
2.546
2.837
3.069
3.256
3.404
2.724
2.979
2.383
1.906
2.325
2.660
2.928
2.342
2.674
2.939
2.351
1.881
2.305
1.844
2.275
2.620
2.096
1.677
1.341
1.873
2.299
2.639
2.111
2.489
1.991
1.593
2.074
2.459
1.968
2.374
1.899
1.519
1.215
1.772
1.418
1.934
2.347
2.678
2.942
3.154
2.523
2.018
2.415
2.732
2.185
1.748
2.199
2.559
2.047
1.638
1.310
1.048
1.638
1.311
1.849
2.279
2.623
2.898
3.119
3.295
3.436
2.749
2.999
2.399
2.719
2.975
2.380
2.704
2.163
2.531
2.025
2.420
1.936
2.349
2.679
2.143
2.514
2.812
2.249
1.799
2.240
1.792
2.233
2.587
2.069
2.455
1.964
1.571
1.257
1.806
1.445
1.156
0.925
1.540
2.032
2.425
1.940
2.352
2.682
2.945
3.156
2.525
2.820
2.256
1.805
2.244
1.795
1.436
1.949
2.359
2.687
2.950
3.160
3.328
2.662
2.930
2.344
1.875
2.300
1.840
1.472
1.178
0.942
0.754
1.403
1.122
1.698
1.358
1.887
1.509
1.207
0.966
1.573
1.258
1.007
1.605
1.284
1.827
2.262
1.809
1.448
1.158
0.926
1.541
1.233
0.986
1.589
1.271
1.817
2.254
1.803
2.242
2.594
2.075
1.660
1.328
1.862
1.490
1.192
0.954
0.763
1.410
1.128
1.703
1.362
1.890
1.512
1.209
1.767
2.214
1.771
1.417
1.934
1.547
2.037
1.630
2.104
2.483
2.787
2.229
1.783
2.227
2.581
2.865
2.292
2.634
2.907
2.326
2.660
2.928
3.143
3.314
3.451
2.761
3.009
2.407
2.726
2.980
2.384
2.708
2.166
1.733
1.386
1.109
0.887
0.710
0.568
0.454
0.363
1.091
1.673
2.138
1.710
1.368
1.095
1.676
2.141
1.712
1.370
1.096
0.877
0.701
0.561
0.449
1.159
0.927
0.742
1.393
1.115
0.892
1.513
2.011
1.609
2.087
2.469
1.976
1.580
1.264
1.011
1.609
1.287
1.030
1.624
1.299
1.039
0.831
0.665
1.332
1.066
1.653
2.122
1.698
2.158
2.526
2.021
1.617
2.094
1.675
1.340
1.072
0.858
1.486
1.989
1.591
2.073
1.658
1.327
1.861
1.489
1.191
1.753
2.202
2.562
2.849
2.280
1.824
2.259
1.807
2.246
1.797
2.237
1.790
2.232
2.585
2.068
2.455
2.764
2.211
1.769
2.215
1.772
1.418
1.934
1.547
2.038
2.430
2.744
2.195
1.756
2.205
2.564
2.051
1.641
1.313
1.850
2.280
2.624
2.899
2.319
1.856
1.484
1.188
0.950
0.760
0.608
0.486
0.389
1.111
1.689
1.351
1.081
0.865
1.492
1.993
1.595
1.276
1.021
0.817
0.653
0.523
0.418
0.334
1.068
0.854
1.483
1.187
1.749
2.199
2.560
2.848
3.078
2.462
2.770
3.016
2.413
2.730
2.184
2.547
2.838
3.070
3.256
2.605
2.884
3.107
2.486
1.989
2.391
1.913
1.530
1.224
0.979
0.783
0.627
0.501
0.401
1.121
0.897
1.517
1.214
1.771
1.417
1.134
0.907
1.525
1.220
1.776
2.221
1.777
1.421
1.937
2.350
1.880
1.504
2.003
1.602
2.082
2.466
2.772
2.218
2.574
2.059
2.448
2.758
3.006
2.405
2.724
2.979
2.383
1.907
2.325
2.660
2.128
1.703
2.162
2.530
2.824
2.259
2.607
2.886
2.309
1.847
2.277
2.622
2.898
3.118
2.494
1.996
2.396
2.717
2.174
2.539
2.831
2.265
1.812
2.250
1.800
1.440
1.152
0.921
1.537
2.030
2.424
1.939
2.351
1.881
2.305
2.644
2.915
3.132
3.306
2.644
2.916
2.332
2.666
2.133
1.706
1.365
1.092
0.874
0.699
1.359
1.887
1.510
2.008
1.606
1.285
1.828
1.462
1.970
2.376
1.901
2.321
1.856
1.485
1.988
1.591
2.072
1.658
1.326
1.061
1.649
2.119
2.495
1.996
1.597
1.278
1.022
1.618
2.094
2.475
2.780
3.024
2.419
1.935
2.348
1.879
2.303
1.842
1.474
1.179
1.743
1.395
1.116
1.693
2.154
2.523
2.819
3.055
2.444
1.955
2.364
2.691
2.953
2.362
1.890
2.312
2.650
2.920
2.336
1.869
2.295
2.636
2.109
1.687
2.150
1.720
2.176
2.541
2.832
2.266
2.613
2.090
1.672
1.338
1.870
2.296
2.637
2.910
3.128
2.502
2.802
3.041
2.433
1.946
1.557
1.246
0.997
0.797
1.438
1.150
0.920
0.736
0.589
0.471
1.177
0.942
1.553
1.243
1.794
2.235
1.788
2.231
2.584
2.868
2.294
1.835
1.468
1.975
1.580
1.264
1.011
0.809
0.647
0.518
1.214
1.771
2.217
1.774
1.419
1.935
1.548
1.238
1.791
1.433
1.946
1.557
1.245
0.996
0.797
0.638
0.510
0.408
0.326
0.261
0.209
0.967
1.574
2.059
2.447
2.758
3.006
2.405
1.924
1.539
1.231
1.785
2.228
1.782
1.426
1.141
0.913
1.530
1.224
0.979
1.583
1.267
1.013
1.611
2.089
1.671
2.137
1.709
1.367
1.094
1.675
1.340
1.872
2.298
1.838
2.270
1.816
1.453
1.162
0.930
0.744
0.595
0.476
0.381
1.105
1.684
2.147
2.518
2.814
3.051
3.241
2.593
2.874
3.099
2.479
1.984
1.587
2.069
2.456
1.964
1.572
1.257
1.006
0.805
1.444
1.155
0.924
0.739
0.591
1.273
1.818
2.255
1.804
2.243
2.594
2.076
1.660
1.328
1.063
0.850
0.680
0.544
1.235
0.988
0.791
1.432
1.146
0.917
0.733
0.587
0.469
0.376
0.300
1.040
1.632
2.106
2.485
2.788
3.030
3.224
3.379
2.703
2.163
1.730
1.384
1.107
0.886
0.709
0.567
0.454
0.363
0.290
0.232
0.186
0.949
1.559
1.247
1.798
2.238
2.590
2.872
2.298
1.838
2.271
1.817
2.253
1.803
1.442
1.954
2.363
2.690
2.952
3.162
2.529
2.024
2.419
1.935
2.348
1.878
1.503
1.202
0.962
0.769
0.616
0.492
0.394
1.115
0.892
0.714
1.371
1.097
1.677
1.342
1.874
1.499
1.199
0.959
0.767
1.414
1.131
0.905
0.724
0.579
0.463
1.171
0.937
1.549
1.239
1.791
2.233
2.587
2.069
1.655
2.124
1.699
2.160
2.528
2.822
2.258
1.806
1.445
1.156
0.925
0.740
1.392
1.913
2.331
1.865
2.292
2.633
2.907
2.325
2.660
2.928
3.143
2.514
2.011
1.609
2.087
2.470
2.776
3.021
3.216
2.573
2.859
2.287
2.629
2.904
2.323
1.858
2.287
2.629
2.903
2.323
1.858
2.287
1.829
2.263
2.611
2.889
3.111
3.289
3.431
3.545
3.636
2.909
2.327
1.862
2.289
2.631
2.905
3.124
2.499
1.999
1.600
1.280
1.024
1.619
1.295
1.836
2.269
2.615
2.092
1.674
1.339
1.071
1.657
2.126
2.500
2.800
2.240
1.792
1.434
1.147
0.918
0.734
0.587
1.270
1.816
1.453
1.162
0.930
0.744
0.595
0.476
