-145.920
-147.584
-151.117
-151.823
-151.965
-148.793
-151.359
-148.672
-151.334
-27.067
-5.413
-1.083
2.983
3.797
3.959
3.992
3.998
4.000
4.000
4.000
4.000
4.000
4.000
0.800
0.160
3.232
0.646
0.129
3.226
3.845
3.969
0.794
3.359
0.672
0.134
3.227
3.845
3.969
0.794
3.359
0.672
0.134
3.227
3.845
0.769
3.354
3.871
0.774
0.155
3.231
0.646
3.329
0.666
3.333
3.867
3.973
0.795
0.159
3.232
3.846
3.969
0.794
0.159
0.032
3.206
3.841
3.968
3.994
0.799
0.160
3.232
3.846
0.769
3.354
0.671
3.334
3.867
3.973
0.795
3.359
0.672
0.134
0.027
3.205
3.841
0.768
0.154
0.031
0.006
0.001
0.000
3.200
0.640
0.128
3.226
0.645
0.129
3.226
0.645
3.329
3.866
0.773
3.355
3.871
3.974
0.795
3.359
3.872
0.774
0.155
3.231
0.646
0.129
0.026
0.005
0.001
0.000
0.000
3.200
0.640
0.128
3.226
0.645
0.129
0.026
0.005
3.201
3.840
3.968
3.994
0.799
0.160
3.232
0.646
3.329
0.666
3.333
0.667
3.333
0.667
0.133
0.027
3.205
3.841
0.768
3.354
3.871
3.974
3.995
3.999
4.000
0.800
3.360
0.672
0.134
3.227
3.845
3.969
0.794
3.359
3.872
0.774
0.155
3.231
0.646
3.329
3.866
0.773
0.155
0.031
3.206
3.841
3.968
0.794
3.359
0.672
0.134
3.227
3.845
0.769
3.354
0.671
0.134
0.027
3.205
0.641
3.328
3.866
3.973
3.995
3.999
0.800
0.160
3.232
3.846
0.769
0.154
3.231
3.846
0.769
0.154
0.031
0.006
3.201
0.640
3.328
3.866
3.973
3.995
3.999
4.000
4.000
0.800
3.360
0.672
3.334
3.867
0.773
3.355
0.671
3.334
0.667
3.333
0.667
3.333
3.867
0.773
3.355
3.871
0.774
0.155
3.231
0.646
3.329
3.866
0.773
3.355
0.671
0.134
0.027
3.205
0.641
0.128
0.026
3.205
3.841
3.968
0.794
3.359
3.872
3.974
3.995
0.799
3.360
0.672
0.134
3.227
0.645
0.129
3.226
3.845
3.969
3.994
3.999
4.000
0.800
3.360
0.672
0.134
3.227
0.645
0.129
0.026
0.005
0.001
3.200
0.640
3.328
0.666
3.333
0.667
0.133
0.027
3.205
0.641
0.128
3.226
0.645
3.329
3.866
0.773
0.155
0.031
0.006
3.201
0.640
0.128
3.226
0.645
3.329
3.866
0.773
3.355
3.871
0.774
0.155
0.031
3.206
0.641
0.128
0.026
0.005
3.201
0.640
3.328
0.666
3.333
0.667
0.133
3.227
3.845
0.769
0.154
3.231
0.646
3.329
0.666
3.333
3.867
3.973
0.795
0.159
3.232
3.846
3.969
0.794
3.359
3.872
0.774
3.355
3.871
3.974
3.995
3.999
0.800
3.360
0.672
3.334
3.867
0.773
3.355
0.671
0.134
0.027
0.005
0.001
0.000
0.000
0.000
0.000
3.200
3.840
3.968
0.794
0.159
0.032
3.206
3.841
0.768
0.154
0.031
0.006
0.001
0.000
0.000
3.200
0.640
0.128
3.226
0.645
0.129
3.226
3.845
0.769
3.354
3.871
0.774
0.155
0.031
0.006
3.201
0.640
0.128
3.226
0.645
0.129
0.026
0.005
3.201
0.640
3.328
3.866
0.773
3.355
3.871
0.774
0.155
3.231
0.646
0.129
0.026
0.005
3.201
3.840
0.768
3.354
0.671
0.134
3.227
0.645
0.129
3.226
3.845
3.969
3.994
0.799
0.160
3.232
0.646
3.329
0.666
3.333
0.667
3.333
3.867
0.773
3.355
3.871
0.774
0.155
3.231
0.646
0.129
3.226
0.645
3.329
3.866
3.973
0.795
0.159
3.232
3.846
0.769
0.154
0.031
3.206
3.841
3.968
3.994
0.799
0.160
0.032
0.006
0.001
0.000
0.000
0.000
0.000
3.200
3.840
0.768
0.154
0.031
3.206
3.841
0.768
0.154
0.031
0.006
0.001
0.000
0.000
0.000
3.200
0.640
3.328
0.666
3.333
3.867
3.973
3.995
3.999
0.800
3.360
3.872
0.774
3.355
0.671
3.334
3.867
3.973
3.995
0.799
3.360
3.872
0.774
0.155
3.231
0.646
0.129
0.026
0.005
0.001
0.000
0.000
0.000
3.200
0.640
3.328
0.666
3.333
0.667
0.133
0.027
3.205
0.641
3.328
3.866
0.773
0.155
3.231
3.846
0.769
0.154
3.231
0.646
3.329
3.866
3.973
0.795
3.359
0.672
3.334
3.867
3.973
0.795
3.359
3.872
0.774
0.155
3.231
3.846
0.769
0.154
3.231
3.846
3.969
0.794
3.359
3.872
0.774
0.155
3.231
3.846
3.969
3.994
0.799
0.160
3.232
3.846
0.769
3.354
3.871
0.774
0.155
3.231
0.646
0.129
0.026
0.005
3.201
3.840
3.968
0.794
3.359
0.672
3.334
3.867
3.973
3.995
3.999
0.800
3.360
0.672
3.334
0.667
0.133
0.027
0.005
0.001
0.000
3.200
3.840
0.768
3.354
0.671
0.134
3.227
0.645
3.329
3.866
0.773
3.355
0.671
0.134
3.227
0.645
3.329
0.666
0.133
0.027
3.205
3.841
3.968
0.794
0.159
0.032
0.006
3.201
3.840
3.968
3.994
3.999
0.800
0.160
3.232
0.646
3.329
0.666
0.133
0.027
3.205
0.641
0.128
3.226
3.845
3.969
3.994
3.999
0.800
0.160
3.232
3.846
3.969
0.794
0.159
3.232
3.846
3.969
0.794
0.159
3.232
3.846
0.769
0.154
3.231
0.646
3.329
3.866
3.973
0.795
3.359
0.672
0.134
0.027
3.205
3.841
3.968
3.994
3.999
0.800
3.360
3.872
0.774
0.155
0.031
0.006
0.001
0.000
3.200
0.640
0.128
0.026
0.005
0.001
3.200
0.640
3.328
0.666
3.333
3.867
0.773
3.355
3.871
3.974
0.795
0.159
0.032
3.206
0.641
0.128
0.026
0.005
0.001
0.000
3.200
3.840
3.968
0.794
0.159
3.232
0.646
0.129
3.226
0.645
3.329
0.666
0.133
0.027
0.005
0.001
0.000
0.000
0.000
0.000
0.000
3.200
3.840
3.968
3.994
3.999
4.000
0.800
0.160
0.032
0.006
3.201
3.840
0.768
0.154
0.031
0.006
3.201
0.640
0.128
3.226
0.645
0.129
3.226
3.845
0.769
3.354
0.671
0.134
0.027
3.205
0.641
3.328
3.866
0.773
3.355
0.671
0.134
0.027
0.005
0.001
0.000
0.000
0.000
3.200
3.840
3.968
3.994
3.999
4.000
4.000
0.800
3.360
3.872
0.774
0.155
0.031
3.206
3.841
0.768
0.154
0.031
0.006
0.001
3.200
0.640
0.128
0.026
0.005
3.201
3.840
3.968
0.794
3.359
3.872
0.774
0.155
0.031
0.006
0.001
0.000
0.000
3.200
0.640
0.128
3.226
0.645
0.129
0.026
0.005
0.001
0.000
0.000
3.200
3.840
3.968
3.994
3.999
4.000
4.000
4.000
0.800
0.160
0.032
0.006
0.001
0.000
0.000
0.000
0.000
0.000
0.000
0.000
0.000
3.200
3.840
0.768
3.354
3.871
3.974
3.995
0.799
0.160
3.232
0.646
3.329
0.666
0.133
3.227
3.845
3.969
3.994
3.999
0.800
0.160
3.232
0.646
3.329
0.666
0.133
0.027
0.005
0.001
0.000
0.000
0.000
3.200
0.640
0.128
3.226
0.645
3.329
0.666
3.333
0.667
0.133
0.027
0.005
3.201
0.640
0.128
0.026
0.005
0.001
3.200
0.640
3.328
0.666
3.333
3.867
3.973
0.795
0.159
3.232
0.646
3.329
3.866
3.973
0.795
0.159
0.032
0.006
0.001
0.000
3.200
3.840
3.968
0.794
3.359
3.872
3.974
0.795
3.359
3.872
3.974
0.795
0.159
0.032
3.206
3.841
3.968
3.994
3.999
0.800
3.360
0.672
3.334
3.867
0.773
0.155
3.231
3.846
3.969
0.794
0.159
3.232
0.646
3.329
3.866
3.973
3.995
3.999
4.000
4.000
4.000
0.800
0.160
0.032
3.206
3.841
3.968
3.994
0.799
0.160
0.032
0.006
0.001
3.200
0.640
3.328
3.866
3.973
0.795
0.159
0.032
0.006
3.201
3.840
3.968
3.994
0.799
0.160
0.032
0.006
0.001
0.000
0.000
3.200
3.840
0.768
0.154
0.031
0.006
0.001
0.000
