-219.300
-226.660
-228.132
-228.726
-228.545
-228.709
-229.542
-230.308
-230.761
-45.552
-8.711
-0.942
1.912
2.782
3.056
3.211
2.842
2.168
2.334
2.467
2.493
2.399
2.580
2.916
2.883
2.876
2.575
2.015
1.803
1.260
1.552
1.610
1.822
2.664
5.133
5.526
5.405
5.781
5.256
5.351
5.870
5.774
5.255
5.351
5.770
5.654
5.631
5.126
4.525
3.505
3.501
3.300
3.860
3.872
4.274
5.455
5.591
5.718
6.243
6.449
6.290
6.258
5.852
6.270
6.254
6.251
6.550
6.010
6.602
5.920
4.684
4.437
3.787
3.857
4.171
4.134
4.327
5.665
6.533
6.907
6.681
6.936
6.687
6.737
6.747
6.749
6.650
7.030
6.906
6.581
6.416
6.383
5.277
5.255
5.051
5.010
5.002
4.900
4.680
5.636
6.827
6.765
7.053
6.711
6.942
6.788
6.758
6.751
6.350
7.070
6.714
6.743
6.648
6.530
5.306
4.661
4.932
4.786
4.257
4.351
5.570
6.414
7.183
7.337
7.267
7.353
7.371
7.474
7.295
6.759
6.952
6.790
6.958
6.591
6.918
6.484
4.897
4.479
4.696
4.439
4.588
4.617
5.023
6.105
7.221
6.844
6.669
6.734
6.747
6.849
7.170
6.734
6.847
7.269
6.954
7.291
7.058
6.511
5.302
5.060
4.512
4.402
4.380
4.976
5.295
6.459
7.192
7.238
6.748
6.149
7.030
7.106
7.121
7.124
6.925
7.185
7.337
7.067
6.713
6.143
5.328
5.266
4.953
4.591
4.518
4.703
5.941
6.388
6.477
6.595
6.619
6.624
6.325
6.865
6.873
7.074
6.815
7.163
6.932
6.586
6.117
5.323
4.965
4.893
4.978
5.396
5.079
5.816
6.463
7.492
7.498
7.100
6.920
7.084
7.217
7.543
6.909
6.882
7.476
7.495
7.799
7.360
6.272
5.554
5.011
5.102
5.120
4.824
4.765
5.653
7.131
7.526
7.305
6.961
7.192
7.238
7.448
7.289
7.158
6.931
6.686
7.037
6.907
6.481
5.996
4.699
4.940
4.988
4.898
4.879
5.576
6.415
7.083
7.317
6.963
7.192
7.138
7.228
7.045
6.909
7.282
7.456
7.691
7.638
7.528
6.905
5.581
5.316
5.063
5.313
5.662
5.432
5.286
6.657
7.431
7.486
7.397
7.279
7.456
7.291
7.558
7.112
7.322
7.164
7.333
7.067
7.213
6.443
5.688
5.338
4.767
4.653
4.631
4.926
5.185
6.337
7.067
7.113
7.023
7.005
7.201
7.140
7.428
7.186
7.137
7.327
7.265
6.953
7.490
6.298
4.760
4.552
5.010
4.802
4.560
4.412
5.282
6.256
7.251
7.450
7.490
6.498
6.699
7.240
7.248
7.450
7.390
7.278
7.255
7.251
6.650
6.030
4.906
4.781
4.956
4.991
5.698
5.040
5.508
6.901
7.180
7.036
6.807
6.761
6.652
7.230
7.246
7.149
6.730
6.746
6.749
6.550
6.310
5.162
4.632
4.726
4.345
4.369
4.874
5.075
6.715
7.343
7.469
7.594
7.419
7.384
7.077
7.615
7.223
7.345
7.769
7.454
7.391
7.378
6.876
5.775
5.555
5.011
5.202
5.340
5.368
5.674
6.635
7.327
7.065
7.913
7.483
7.196
7.239
7.548
7.309
7.062
6.812
6.862
7.472
6.894
6.579
5.516
5.403
4.180
4.636
4.927
4.685
5.137
6.327
6.865
6.673
5.935
6.987
7.197
7.039
7.108
7.521
7.604
7.121
6.924
7.285
7.457
6.791
5.758
5.452
5.390
4.978
5.095
4.819
5.564
6.513
7.402
7.480
7.996
8.099
5.720
7.744
7.849
8.070
7.914
7.983
7.796
8.059
7.212
7.342
5.968
5.693
5.239
5.148
5.029
5.106
5.421
6.884
7.177
7.335
7.767
7.953
7.891
7.778
7.355
7.871
7.574
7.715
7.643
7.328
7.266
6.753
4.851
5.370
4.874
4.975
4.995
4.999
5.500
6.200
6.740
7.048
7.410
7.182
7.236
7.547
7.909
7.582
7.716
7.743
7.549
7.710
8.242
7.848
6.570
6.114
5.723
6.244
6.149
6.430
6.186
7.337
7.767
8.153
8.531
8.406
8.681
8.336
8.667
8.433
8.787
8.557
8.711
8.242
8.348
8.170
6.834
6.667
6.433
6.587
6.517
6.603
6.921
7.884
8.377
8.375
8.575
8.915
8.483
8.997
8.599
8.220
7.944
8.189
8.438
8.787
9.157
8.231
7.546
7.409
7.382
7.276
7.055
7.111
7.822
8.364
9.073
9.314
9.863
9.273
9.654
9.631
9.626
8.825
8.865
8.873
8.974
8.895
9.179
8.436
7.487
6.797
6.959
6.592
6.918
6.784
7.057
7.811
8.462
8.992
8.798
8.960
8.592
8.818
8.964
8.493
8.698
8.740
8.848
9.170
9.434
8.587
7.417
6.583
6.516
6.503
6.601
6.620
7.324
8.665
9.333
9.167
9.333
9.066
9.113
9.523
9.404
9.181
9.036
9.107
9.421
9.484
9.197
8.339
7.068
6.713
7.043
7.108
6.522
6.504
7.301
8.460
9.392
9.578
9.416
8.683
8.737
9.147
9.229
8.746
9.049
8.810
8.962
9.092
8.918
8.084
7.617
7.323
7.065
7.213
7.242
7.148
7.430
8.686
9.337
9.467
9.393
9.279
9.456
9.191
9.338
9.368
9.073
9.315
9.663
9.132
9.426
8.185
7.537
7.007
6.701
6.740
7.148
6.730
7.746
9.049
9.110
9.422
9.684
9.337
9.667
9.733
9.747
9.449
9.690
9.838
9.467
9.793
9.459
8.492
7.898
8.180
7.736
7.547
7.609
7.922
8.884
9.577
9.815
9.863
9.973
9.594
9.819
9.864
9.573
9.614
9.323
9.064
9.613
9.522
9.004
8.701
7.440
7.388
7.577
7.215
7.243
7.049
8.410
8.882
9.176
9.535
9.407
9.681
9.936
9.587
9.917
9.383
9.377
9.375
9.375
9.575
8.915
7.783
7.457
7.591
7.418
7.384
7.477
7.595
8.219
8.844
9.769
9.554
9.811
9.962
9.992
9.298
9.460
8.992
9.098
9.320
9.164
9.433
8.586
7.617
7.123
7.225
7.445
7.489
7.498
7.400
8.680
9.136
9.827
9.465
9.893
9.779
9.456
9.891
9.878
9.676
9.035
8.707
9.241
9.048
8.810
8.362
7.672
7.434
7.487
7.497
7.399
7.480
8.196
9.139
9.228
9.045
9.209
9.142
9.828
10.066
9.813
9.263
9.252
8.850
8.870
8.874
8.275
7.255
6.851
7.570
7.214
7.243
6.748
7.450
7.890
8.478
9.295
8.959
9.492
9.498
9.400
9.380
9.076
9.415
9.683
9.736
9.847
9.269
8.754
8.051
7.610
7.622
7.224
7.045
7.109
7.822
9.064
9.513
9.502
9.200
9.640
9.328
9.465
9.293
9.559
9.512
9.502
8.900
9.080
8.716
8.343
7.269
7.254
7.451
7.290
6.958
6.791
7.158
8.532
8.606
8.821
9.364
9.373
9.374
9.575
9.815
9.063
9.012
9.402
9.080
9.016
9.203
8.441
7.888
7.478
7.495
7.499
7.000
7.300
7.760
8.852
9.070
9.714
9.443
9.288
9.058
9.711
9.342
9.068
9.214
8.643
8.928
9.186
9.437
8.487
7.997
7.399
6.780
6.756
6.851
7.070
7.714
8.643
9.029
8.906
9.581
9.516
9.503
9.701
9.940
9.888
9.777
9.555
9.311
9.762
9.452
8.990
8.598
8.219
7.844
7.869
7.774
7.455
8.191
9.038
9.908
9.781
10.156
10.531
10.406
10.281
10.056
10.211
10.242
10.148
10.230
10.346
9.569
8.614
8.323
8.364
8.273
8.255
8.151
8.530
10.106
10.521
10.504
10.401
10.380
10.376
10.275
10.755
10.251
10.550
10.310
10.562
10.312
9.462
8.692
8.338
7.868
7.673
8.335
8.167
9.133
10.126
10.425
10.685
10.537
10.407
10.481
10.196
10.039
9.908
10.382
10.476
9.995
10.299
9.060
8.412
7.882
7.876
8.075
7.915
8.183
8.937
9.987
9.997
10.099
10.220
10.244
10.249
9.750
9.850
10.270
10.354
10.471
10.694
10.439
9.088
8.517
7.703
7.941
7.788
7.558
7.711
8.942
9.488
9.798
10.359
10.572
10.314
10.363
10.272
10.254
10.051
10.110
10.422
10.584
8.917
8.783
8.457
8.091
8.518
8.603
8.221
7.944
8.889
9.978
10.495
10.499
10.500
10.700
10.640
10.628
10.226
