-150.480
-148.248
-151.625
-151.962
-151.996
-148.400
-151.640
-148.364
-151.636
-11.564
-1.156
-0.116
3.588
3.959
3.996
4.000
4.000
4.000
4.000
4.000
4.000
4.000
4.000
0.400
0.040
3.604
0.360
0.036
3.604
3.960
3.996
0.400
3.640
0.364
0.036
3.604
3.960
3.996
0.400
3.640
0.364
0.036
3.604
3.960
0.396
3.640
3.964
0.396
0.040
3.604
0.360
3.636
0.364
3.636
3.964
3.996
0.400
0.040
3.604
3.960
3.996
0.400
0.040
0.004
3.600
3.960
3.996
4.000
0.400
0.040
3.604
3.960
0.396
3.640
0.364
3.636
3.964
3.996
0.400
3.640
0.364
0.036
0.004
3.600
3.960
0.396
0.040
0.004
0.000
0.000
0.000
3.600
0.360
0.036
3.604
0.360
0.036
3.604
0.360
3.636
3.964
0.396
3.640
3.964
3.996
0.400
3.640
3.964
0.396
0.040
3.604
0.360
0.036
0.004
0.000
0.000
0.000
0.000
3.600
0.360
0.036
3.604
0.360
0.036
0.004
0.000
3.600
3.960
3.996
4.000
0.400
0.040
3.604
0.360
3.636
0.364
3.636
0.364
3.636
0.364
0.036
0.004
3.600
3.960
0.396
3.640
3.964
3.996
4.000
4.000
4.000
0.400
3.640
0.364
0.036
3.604
3.960
3.996
0.400
3.640
3.964
0.396
0.040
3.604
0.360
3.636
3.964
0.396
0.040
0.004
3.600
3.960
3.996
0.400
3.640
0.364
0.036
3.604
3.960
0.396
3.640
0.364
0.036
0.004
3.600
0.360
3.636
3.964
3.996
4.000
4.000
0.400
0.040
3.604
3.960
0.396
0.040
3.604
3.960
0.396
0.040
0.004
0.000
3.600
0.360
3.636
3.964
3.996
4.000
4.000
4.000
4.000
0.400
3.640
0.364
3.636
3.964
0.396
3.640
0.364
3.636
0.364
3.636
0.364
3.636
3.964
0.396
3.640
3.964
0.396
0.040
3.604
0.360
3.636
3.964
0.396
3.640
0.364
0.036
0.004
3.600
0.360
0.036
0.004
3.600
3.960
3.996
0.400
3.640
3.964
3.996
4.000
0.400
3.640
0.364
0.036
3.604
0.360
0.036
3.604
3.960
3.996
4.000
4.000
4.000
0.400
3.640
0.364
0.036
3.604
0.360
0.036
0.004
0.000
0.000
3.600
0.360
3.636
0.364
3.636
0.364
0.036
0.004
3.600
0.360
0.036
3.604
0.360
3.636
3.964
0.396
0.040
0.004
0.000
3.600
0.360
0.036
3.604
0.360
3.636
3.964
0.396
3.640
3.964
0.396
0.040
0.004
3.600
0.360
0.036
0.004
0.000
3.600
0.360
3.636
0.364
3.636
0.364
0.036
3.604
3.960
0.396
0.040
3.604
0.360
3.636
0.364
3.636
3.964
3.996
0.400
0.040
3.604
3.960
3.996
0.400
3.640
3.964
0.396
3.640
3.964
3.996
4.000
4.000
0.400
3.640
0.364
3.636
3.964
0.396
3.640
0.364
0.036
0.004
0.000
0.000
0.000
0.000
0.000
0.000
3.600
3.960
3.996
0.400
0.040
0.004
3.600
3.960
0.396
0.040
0.004
0.000
0.000
0.000
0.000
3.600
0.360
0.036
3.604
0.360
0.036
3.604
3.960
0.396
3.640
3.964
0.396
0.040
0.004
0.000
3.600
0.360
0.036
3.604
0.360
0.036
0.004
0.000
3.600
0.360
3.636
3.964
0.396
3.640
3.964
0.396
0.040
3.604
0.360
0.036
0.004
0.000
3.600
3.960
0.396
3.640
0.364
0.036
3.604
0.360
0.036
3.604
3.960
3.996
4.000
0.400
0.040
3.604
0.360
3.636
0.364
3.636
0.364
3.636
3.964
0.396
3.640
3.964
0.396
0.040
3.604
0.360
0.036
3.604
0.360
3.636
3.964
3.996
0.400
0.040
3.604
3.960
0.396
0.040
0.004
3.600
3.960
3.996
4.000
0.400
0.040
0.004
0.000
0.000
0.000
0.000
0.000
0.000
3.600
3.960
0.396
0.040
0.004
3.600
3.960
0.396
0.040
0.004
0.000
0.000
0.000
0.000
0.000
3.600
0.360
3.636
0.364
3.636
3.964
3.996
4.000
4.000
0.400
3.640
3.964
0.396
3.640
0.364
3.636
3.964
3.996
4.000
0.400
3.640
3.964
0.396
0.040
3.604
0.360
0.036
0.004
0.000
0.000
0.000
0.000
0.000
3.600
0.360
3.636
0.364
3.636
0.364
0.036
0.004
3.600
0.360
3.636
3.964
0.396
0.040
3.604
3.960
0.396
0.040
3.604
0.360
3.636
3.964
3.996
0.400
3.640
0.364
3.636
3.964
3.996
0.400
3.640
3.964
0.396
0.040
3.604
3.960
0.396
0.040
3.604
3.960
3.996
0.400
3.640
3.964
0.396
0.040
3.604
3.960
3.996
4.000
0.400
0.040
3.604
3.960
0.396
3.640
3.964
0.396
0.040
3.604
0.360
0.036
0.004
0.000
3.600
3.960
3.996
0.400
3.640
0.364
3.636
3.964
3.996
4.000
4.000
0.400
3.640
0.364
3.636
0.364
0.036
0.004
0.000
0.000
0.000
3.600
3.960
0.396
3.640
0.364
0.036
3.604
0.360
3.636
3.964
0.396
3.640
0.364
0.036
3.604
0.360
3.636
0.364
0.036
0.004
3.600
3.960
3.996
0.400
0.040
0.004
0.000
3.600
3.960
3.996
4.000
4.000
0.400
0.040
3.604
0.360
3.636
0.364
0.036
0.004
3.600
0.360
0.036
3.604
3.960
3.996
4.000
4.000
0.400
0.040
3.604
3.960
3.996
0.400
0.040
3.604
3.960
3.996
0.400
0.040
3.604
3.960
0.396
0.040
3.604
0.360
3.636
3.964
3.996
0.400
3.640
0.364
0.036
0.004
3.600
3.960
3.996
4.000
4.000
0.400
3.640
3.964
0.396
0.040
0.004
0.000
0.000
0.000
3.600
0.360
0.036
0.004
0.000
0.000
3.600
0.360
3.636
0.364
3.636
3.964
0.396
3.640
3.964
3.996
0.400
0.040
0.004
3.600
0.360
0.036
0.004
0.000
0.000
0.000
3.600
3.960
3.996
0.400
0.040
3.604
0.360
0.036
3.604
0.360
3.636
0.364
0.036
0.004
0.000
0.000
0.000
0.000
0.000
0.000
0.000
3.600
3.960
3.996
4.000
4.000
4.000
0.400
0.040
0.004
0.000
3.600
3.960
0.396
0.040
0.004
0.000
3.600
0.360
0.036
3.604
0.360
0.036
3.604
3.960
0.396
3.640
0.364
0.036
0.004
3.600
0.360
3.636
3.964
0.396
3.640
0.364
0.036
0.004
0.000
0.000
0.000
0.000
0.000
3.600
3.960
3.996
4.000
4.000
4.000
4.000
0.400
3.640
3.964
0.396
0.040
0.004
3.600
3.960
0.396
0.040
0.004
0.000
0.000
3.600
0.360
0.036
0.004
0.000
3.600
3.960
3.996
0.400
3.640
3.964
0.396
0.040
0.004
0.000
0.000
0.000
0.000
3.600
0.360
0.036
3.604
0.360
0.036
0.004
0.000
0.000
0.000
0.000
3.600
3.960
3.996
4.000
4.000
4.000
4.000
4.000
0.400
0.040
0.004
0.000
0.000
0.000
0.000
0.000
0.000
0.000
0.000
0.000
0.000
3.600
3.960
0.396
3.640
3.964
3.996
4.000
0.400
0.040
3.604
0.360
3.636
0.364
0.036
3.604
3.960
3.996
4.000
4.000
0.400
0.040
3.604
0.360
3.636
0.364
0.036
0.004
0.000
0.000
0.000
0.000
0.000
3.600
0.360
0.036
3.604
0.360
3.636
0.364
3.636
0.364
0.036
0.004
0.000
3.600
0.360
0.036
0.004
0.000
0.000
3.600
0.360
3.636
0.364
3.636
3.964
3.996
0.400
0.040
3.604
0.360
3.636
3.964
3.996
0.400
0.040
0.004
0.000
0.000
0.000
3.600
3.960
3.996
0.400
3.640
3.964
3.996
0.400
3.640
3.964
3.996
0.400
0.040
0.004
3.600
3.960
3.996
4.000
4.000
0.400
3.640
0.364
3.636
3.964
0.396
0.040
3.604
3.960
3.996
0.400
0.040
3.604
0.360
3.636
3.964
3.996
4.000
4.000
4.000
4.000
4.000
0.400
0.040
0.004
3.600
3.960
3.996
4.000
0.400
0.040
0.004
0.000
0.000
3.600
0.360
3.636
3.964
3.996
0.400
0.040
0.004
0.000
3.600
3.960
3.996
4.000
0.400
0.040
0.004
0.000
0.000
0.000
0.000
3.600
3.960
0.396
0.040
0.004
0.000
0.000
0.000
