-226.125
-228.262
-228.476
-228.835
-228.533
-228.728
-229.648
-230.415
-230.829
-22.408
-1.791
0.721
2.435
2.943
3.107
3.236
2.798
2.080
2.345
2.484
2.498
2.387
2.601
2.960
2.883
2.876
2.537
1.941
1.769
1.189
1.581
1.620
1.849
2.772
5.452
5.608
5.398
5.827
5.195
5.357
5.936
5.768
5.189
5.356
5.823
5.645
5.627
5.063
4.444
3.369
3.487
3.274
3.927
3.880
4.325
5.607
5.623
5.737
6.311
6.481
6.273
6.252
5.800
6.317
6.257
6.251
6.588
5.946
6.669
5.842
4.522
4.390
3.701
3.857
4.211
4.133
4.351
5.835
6.658
6.966
6.659
6.966
6.659
6.741
6.749
6.750
6.637
7.076
6.895
6.539
6.391
6.376
5.138
5.239
5.024
5.002
5.000
4.887
4.651
5.752
6.988
6.774
7.090
6.671
6.967
6.772
6.752
6.750
6.300
7.155
6.678
6.743
6.637
6.513
5.151
4.565
4.956
4.770
4.189
4.356
5.723
6.535
7.291
7.367
7.262
7.364
7.374
7.487
7.274
6.690
6.969
6.772
6.977
6.548
6.955
6.433
4.693
4.407
4.715
4.409
4.603
4.623
5.075
6.245
7.374
6.812
6.644
6.739
6.749
6.862
7.211
6.684
6.856
7.323
6.920
7.329
7.033
6.441
5.144
5.014
4.439
4.381
4.376
5.050
5.342
6.609
7.298
7.255
6.688
6.069
7.132
7.126
7.125
7.125
6.900
7.215
7.359
7.036
6.666
6.066
5.219
5.247
4.912
4.541
4.504
4.725
6.097
6.460
6.496
6.612
6.624
6.625
6.287
6.929
6.880
7.100
6.785
7.203
6.908
6.541
6.054
5.218
4.909
4.878
4.988
5.449
5.045
5.904
6.553
7.630
7.513
7.051
6.892
7.102
7.235
7.586
6.833
6.871
7.549
7.505
7.838
7.309
6.131
5.450
4.932
5.106
5.123
4.787
4.754
5.763
7.326
7.595
7.284
6.916
7.216
7.246
7.475
7.272
7.140
6.901
6.653
7.078
6.895
6.427
5.930
4.530
4.953
4.995
4.887
4.876
5.663
6.529
7.178
7.355
6.923
7.217
7.134
7.238
7.024
6.890
7.326
7.483
7.723
7.635
7.513
6.826
5.408
5.266
5.026
5.340
5.709
5.408
5.266
6.827
7.545
7.504
7.388
7.264
7.476
7.272
7.590
7.059
7.343
7.147
7.352
7.035
7.228
6.348
5.585
5.283
4.691
4.631
4.626
4.962
5.221
6.485
7.173
7.130
7.013
7.001
7.225
7.135
7.463
7.159
7.128
7.350
7.260
6.913
7.554
6.155
4.553
4.505
5.063
4.781
4.528
4.390
5.389
6.389
7.389
7.489
7.499
6.375
6.712
7.309
7.256
7.476
7.385
7.263
7.251
7.250
6.575
5.945
4.757
4.750
4.975
4.997
5.787
4.966
5.559
7.081
7.233
7.023
6.777
6.753
6.638
7.301
7.255
7.138
6.676
6.743
6.749
6.525
6.277
5.015
4.551
4.730
4.298
4.367
4.937
5.106
6.923
7.442
7.494
7.612
7.399
7.377
7.038
7.679
7.180
7.356
7.823
7.420
7.379
7.375
6.812
5.631
5.513
4.939
5.219
5.359
5.373
5.712
6.759
7.426
7.043
8.017
7.439
7.156
7.240
7.586
7.283
7.028
6.778
6.865
7.549
6.830
6.533
5.378
5.375
4.025
4.677
4.968
4.659
5.191
6.482
6.948
6.657
5.841
7.109
7.236
7.024
7.115
7.574
7.620
7.062
6.894
7.327
7.483
6.711
5.621
5.400
5.377
4.925
5.105
4.785
5.653
6.640
7.526
7.503
8.063
8.119
5.424
7.967
7.884
8.101
7.898
7.990
7.774
8.090
7.109
7.348
5.797
5.642
5.177
5.130
5.013
5.114
5.461
7.071
7.232
7.361
7.824
7.982
7.886
7.763
7.301
7.930
7.543
7.729
7.635
7.288
7.254
6.688
4.606
5.410
4.816
4.981
4.998
5.000
5.562
6.294
6.817
7.094
7.459
7.158
7.241
7.586
7.959
7.546
7.729
7.748
7.525
7.727
8.310
7.806
6.405
6.040
5.666
6.304
6.143
6.464
6.159
7.478
7.835
8.209
8.583
8.396
8.715
8.296
8.705
8.408
8.828
8.533
8.728
8.185
8.356
8.148
6.665
6.629
6.400
6.602
6.510
6.613
6.961
8.008
8.451
8.383
8.601
8.960
8.433
9.056
8.555
8.168
7.904
8.215
8.471
8.835
9.208
8.121
7.450
7.382
7.376
7.262
7.026
7.115
7.911
8.441
9.169
9.354
9.935
9.206
9.696
9.632
9.626
8.725
8.860
8.873
8.987
8.886
9.214
8.346
7.359
6.698
6.970
6.547
6.955
6.770
7.089
7.909
8.553
9.068
8.782
8.978
8.548
8.842
8.984
8.436
8.719
8.747
8.862
9.211
9.471
8.485
7.261
6.463
6.496
6.499
6.612
6.624
7.412
8.841
9.434
9.156
9.353
9.035
9.116
9.574
9.395
9.152
9.015
9.114
9.461
9.496
9.162
8.229
6.898
6.652
7.078
7.120
6.449
6.495
7.399
8.615
9.524
9.615
9.399
8.590
8.734
9.198
9.245
8.687
9.081
8.783
8.978
9.110
8.898
7.977
7.548
7.280
7.028
7.228
7.248
7.137
7.464
8.846
9.434
9.493
9.387
9.264
9.476
9.160
9.353
9.373
9.037
9.341
9.709
9.071
9.457
8.033
7.441
6.931
6.656
6.740
7.199
6.682
7.868
9.224
9.135
9.463
9.721
9.297
9.705
9.745
9.749
9.412
9.716
9.859
9.423
9.830
9.420
8.367
7.812
8.206
7.683
7.518
7.614
7.961
9.009
9.676
9.855
9.873
9.987
9.549
9.842
9.872
9.537
9.616
9.287
9.028
9.678
9.518
8.939
8.656
7.278
7.365
7.599
7.172
7.242
7.024
8.577
8.958
9.221
9.585
9.396
9.714
9.971
9.547
9.955
9.320
9.369
9.374
9.375
9.600
8.835
7.633
7.401
7.602
7.398
7.377
7.488
7.611
8.299
8.930
9.893
9.539
9.841
9.984
9.998
9.212
9.471
8.935
9.106
9.348
9.147
9.465
8.484
7.486
7.049
7.230
7.473
7.497
7.500
7.387
8.839
9.209
9.921
9.429
9.943
9.769
9.414
9.941
9.881
9.651
8.952
8.658
9.303
9.030
8.778
8.303
7.580
7.396
7.489
7.499
7.387
7.489
8.286
9.266
9.252
9.025
9.227
9.135
9.914
10.104
9.785
9.191
9.244
8.799
8.867
8.874
8.200
7.120
6.787
7.654
7.178
7.243
6.687
7.531
7.953
8.558
9.406
8.928
9.555
9.505
9.388
9.376
9.037
9.454
9.720
9.747
9.862
9.199
8.682
7.956
7.546
7.617
7.174
7.017
7.114
7.911
9.229
9.585
9.508
9.163
9.691
9.294
9.479
9.273
9.590
9.509
9.501
8.825
9.095
8.672
8.292
7.129
7.238
7.474
7.272
6.915
6.766
7.201
8.708
8.633
8.851
9.435
9.381
9.375
9.600
9.847
8.972
8.997
9.450
9.045
9.004
9.225
8.348
7.810
7.418
7.492
7.499
6.937
7.331
7.821
8.995
9.112
9.799
9.417
9.267
9.027
9.790
9.304
9.030
9.228
8.573
8.957
9.221
9.472
8.372
7.925
7.317
6.694
6.744
6.862
7.099
7.797
8.767
9.089
8.896
9.665
9.516
9.501
9.725
9.972
9.885
9.763
9.526
9.278
9.815
9.419
8.929
8.543
8.167
7.791
7.867
7.761
7.414
8.279
9.153
10.028
9.778
10.203
10.583
10.396
10.264
10.026
10.228
10.248
10.137
10.239
10.361
9.473
8.485
8.273
8.365
8.261
8.251
8.137
8.576
10.308
10.593
10.509
10.388
10.376
10.375
10.262
10.814
10.194
10.582
10.283
10.591
10.284
9.353
8.585
8.284
7.803
7.643
8.414
8.154
9.253
10.263
10.476
10.722
10.522
10.390
10.489
10.161
10.016
9.889
10.439
10.494
9.937
10.331
8.908
8.316
7.806
7.868
8.099
7.897
8.215
9.034
10.128
10.013
10.114
10.236
10.248
10.250
9.687
9.856
10.323
10.370
10.487
10.724
10.410
8.916
8.429
7.593
7.959
7.771
7.527
7.728
9.098
9.572
9.845
10.434
10.606
10.285
10.366
10.261
10.251
10.025
10.115
10.461
10.609
8.711
8.746
8.412
8.041
8.566
8.619
8.174
7.905
9.003
10.125
10.575
10.507
10.501
10.725
10.635
10.626
10.175
