41.855
41.852
41.852
41.880
41.880
41.880
41.903
41.883
41.865
30.715
30.729
30.743
30.723
30.718
30.787
30.756
30.727
30.729
30.729
30.746
30.732
30.743
30.743
30.770
30.715
30.770
30.732
30.770
30.756
30.705
30.756
30.746
30.760
30.743
30.729
30.755
30.720
30.760
30.743
30.769
30.770
30.770
30.727
30.747
30.746
30.773
30.718
30.729
30.723
30.746
30.743
30.756
30.727
30.743
30.732
30.732
30.720
30.732
30.756
30.756
30.782
30.756
30.718
30.743
30.756
30.770
30.787
30.770
30.760
30.770
30.770
30.705
30.715
30.729
30.732
30.706
30.732
30.770
30.729
30.756
30.756
30.743
30.756
30.760
30.718
30.732
30.691
30.705
30.743
30.720
30.756
30.746
30.705
30.720
30.756
30.718
30.734
30.729
30.746
30.706
30.705
30.746
30.746
30.729
30.720
30.787
30.723
30.746
30.729
30.706
30.692
30.732
30.706
30.756
30.746
30.729
30.729
30.718
30.760
30.720
30.706
30.760
30.705
30.706
30.760
30.706
30.746
30.769
30.718
30.743
30.718
30.705
30.729
30.718
30.734
30.756
30.720
30.747
30.723
30.729
30.734
30.747
30.702
30.718
30.706
30.729
30.718
30.770
30.732
30.770
30.706
30.729
30.746
30.756
30.756
30.756
30.747
30.747
30.718
30.784
30.770
30.756
30.743
30.770
30.756
30.784
30.770
30.756
30.784
30.798
30.770
30.743
30.810
30.770
30.756
30.756
30.770
30.784
30.743
30.798
30.810
30.798
30.770
30.760
30.770
30.787
30.727
30.705
30.770
30.756
30.746
30.743
30.720
30.729
30.756
30.715
30.732
30.720
30.720
30.679
30.718
30.692
30.705
30.686
30.679
30.702
30.702
30.715
30.691
30.682
30.650
30.637
30.650
30.637
30.610
30.679
30.637
30.637
30.613
30.583
30.601
30.610
30.531
30.583
30.587
30.572
30.558
30.558
30.517
30.544
30.494
30.467
30.517
30.505
30.477
30.491
30.491
30.463
30.480
30.439
30.422
30.413
30.439
30.430
30.439
30.402
30.425
30.463
30.398
30.427
30.441
30.384
30.386
30.413
30.358
30.402
30.375
30.344
30.334
30.399
30.398
30.358
30.334
30.402
30.372
30.344
30.384
30.375
30.375
30.344
30.361
30.320
30.386
30.361
30.358
30.358
30.344
30.344
30.384
30.320
30.372
30.375
30.344
30.297
30.317
30.361
30.358
30.344
30.375
30.334
30.344
30.303
30.320
30.384
30.320
30.320
30.317
30.372
30.358
30.344
30.372
30.386
30.375
30.358
30.322
30.358
30.384
30.375
30.413
30.402
30.386
30.409
30.358
30.398
30.422
30.381
30.425
30.422
30.439
30.480
30.463
30.480
30.467
30.450
30.450
30.427
30.477
30.508
30.518
30.477
30.463
30.517
30.544
30.531
30.508
30.558
30.555
30.558
30.558
30.572
30.599
30.581
30.558
30.587
30.587
30.610
30.608
30.650
30.572
30.624
30.624
30.581
30.586
30.601
30.628
30.613
30.610
30.622
30.640
30.651
30.688
30.650
30.637
30.640
30.665
30.599
30.651
30.691
30.660
30.679
30.677
30.688
30.663
30.686
30.637
30.686
30.691
30.663
30.705
30.702
30.718
30.756
30.677
30.705
30.729
30.729
30.743
30.769
30.720
30.756
30.770
30.727
30.769
30.796
30.743
30.756
30.811
30.824
30.810
30.837
30.848
30.798
30.798
30.837
30.824
30.888
30.837
30.848
30.865
30.879
30.889
30.851
30.848
30.865
30.879
30.874
30.879
30.865
30.892
30.879
30.879
30.917
30.848
30.865
30.915
30.917
30.865
30.879
30.824
30.943
30.901
30.930
30.930
30.917
30.875
30.903
30.929
30.901
30.929
30.943
30.903
30.956
30.929
30.943
30.929
30.943
30.917
30.929
30.929
30.901
30.944
30.956
30.930
30.943
30.956
30.929
30.943
30.901
30.915
30.956
30.943
30.944
30.956
30.984
30.917
30.943
30.947
30.985
30.943
30.906
30.943
30.943
30.995
30.944
30.929
30.875
30.970
30.892
30.901
30.917
30.920
30.892
30.903
30.903
30.956
30.917
30.906
30.879
30.917
30.920
30.917
30.926
30.889
30.944
30.901
30.889
30.917
30.903
30.885
30.903
30.879
30.865
30.906
30.943
30.901
30.920
30.903
30.930
30.879
30.906
30.865
30.888
30.926
30.906
30.903
30.917
30.901
30.889
30.888
30.892
30.917
30.865
30.879
30.901
30.888
30.929
30.920
30.889
30.901
30.920
30.892
30.885
30.903
30.917
30.930
30.879
30.903
30.879
30.865
30.901
30.903
30.866
30.929
30.889
30.903
30.903
30.889
30.917
30.892
30.917
30.917
30.929
30.903
30.917
30.879
30.888
30.888
30.915
30.903
30.889
30.901
30.906
30.943
30.906
30.920
30.930
30.921
30.915
30.903
30.917
30.930
30.903
30.943
30.958
30.958
30.943
30.967
30.892
30.929
30.984
30.967
30.930
30.970
30.943
30.970
30.906
30.956
30.930
30.985
30.943
30.970
30.929
30.985
30.929
30.943
30.920
30.970
30.970
30.985
30.998
30.984
30.929
30.984
30.984
30.961
30.970
30.961
30.999
30.985
30.984
30.970
30.985
31.027
30.998
30.998
30.970
30.999
30.995
30.967
31.022
30.958
31.022
30.985
31.063
31.013
30.984
31.008
31.022
30.984
31.008
31.008
31.011
30.998
31.011
31.011
31.036
30.995
31.008
31.039
31.036
30.970
31.048
31.036
31.007
31.036
31.039
31.062
31.022
31.025
31.036
31.036
31.049
31.063
31.063
30.984
31.049
31.008
31.089
31.040
31.049
31.063
31.049
31.066
31.048
31.066
31.052
31.103
31.025
31.036
31.048
31.011
31.039
31.075
31.089
31.049
31.114
31.063
31.063
31.063
31.080
31.048
31.036
31.080
31.063
31.077
31.112
31.077
31.091
31.103
31.063
31.080
31.086
31.100
31.049
31.117
31.048
31.063
31.103
31.141
31.114
31.080
31.091
31.086
31.080
31.089
31.089
31.072
31.080
31.022
31.103
31.091
31.049
31.132
31.112
31.130
31.103
31.089
31.091
31.103
31.130
31.117
31.146
31.080
31.114
31.127
31.091
31.104
31.127
31.114
31.104
31.104
31.118
31.104
31.114
31.130
31.089
31.091
31.130
31.141
31.185
31.167
31.103
31.091
31.153
31.104
31.091
31.144
31.127
31.155
31.141
31.130
31.168
31.114
31.144
31.141
31.153
31.172
31.167
31.155
31.185
31.141
31.210
31.182
31.168
31.168
31.153
31.185
31.168
31.153
31.158
31.155
31.194
31.153
31.185
31.168
31.153
31.168
31.153
31.210
31.168
31.196
31.153
31.185
31.196
31.196
31.168
31.168
31.210
31.182
31.185
31.168
31.155
31.185
31.208
31.168
31.196
31.185
31.172
31.185
31.185
31.196
31.153
31.185
31.208
31.194
31.155
31.168
31.219
31.112
31.155
31.168
31.168
31.144
31.168
31.117
31.144
31.130
31.173
31.117
31.112
31.144
31.158
31.144
31.155
31.118
31.185
31.185
31.141
31.168
31.185
31.158
31.210
31.233
31.236
31.236
31.208
31.277
31.304
31.251
31.274
31.287
31.277
31.291
31.310
31.355
31.310
31.287
31.318
31.291
31.313
31.286
31.291
31.274
31.263
31.260
31.249
31.251
31.223
31.181
31.249
31.246
31.213
31.196
31.196
31.153
31.172
31.199
31.168
31.144
31.196
31.141
31.103
31.132
31.117
31.132
31.104
31.086
31.063
31.063
31.022
31.048
31.039
31.054
31.039
31.008
30.958
31.022
30.984
30.984
30.984
30.956
30.999
30.970
30.999
30.930
30.944
30.961
30.947
30.970
30.906
30.920
30.943
30.920
30.906
30.906
30.889
30.917
30.903
30.930
30.903
30.947
30.943
30.958
30.888
30.906
30.970
30.966
30.933
30.970
30.984
30.999
30.998
31.011
30.995
31.027
31.080
31.063
31.049
31.039
31.080
31.117
31.103
31.089
31.117
31.155
31.130
31.168
31.196
31.168
31.208
31.236
31.196
31.196
31.210
31.268
31.263
31.260
31.263
31.291
31.313
31.356
31.373
31.329
31.355
31.384
31.356
31.420
31.396
31.396
31.420
31.396
31.384
31.446
31.437
31.446
31.434
31.464
31.451
31.448
31.451
31.448
31.448
31.464
31.506
31.475
31.539
31.489
31.489
31.503
31.542
31.489
31.464
31.506
31.503
31.515
31.542
31.501
31.542
31.553
31.526
31.544
31.526
31.526
31.570
31.594
31.558
31.516
31.544
31.567
31.515
