100089.226
100090.828
100092.281
100091.781
100093.906
100094.742
100094.664
100094.828
100096.781
102540.765
102537.640
102537.640
102537.531
102537.015
102536.171
102540.000
102537.015
102536.109
102538.031
102536.671
102541.109
102539.843
102539.242
102538.390
102539.750
102540.601
102537.187
102540.093
102540.937
102539.500
102539.578
102539.070
102541.203
102539.242
102539.843
102537.718
102538.734
102539.164
102538.734
102537.546
102539.000
102538.218
102538.046
102540.242
102541.187
102539.070
102540.093
102539.070
102538.218
102540.601
102538.734
102541.601
102540.523
102542.218
102541.203
102538.140
102539.750
102540.859
102542.625
102541.601
102541.773
102540.671
102538.828
102539.843
102536.859
102536.617
102537.960
102536.687
102537.789
102536.671
102538.203
102534.484
102536.453
102536.953
102535.421
102537.640
102534.921
102536.953
102538.562
102537.695
102539.734
102537.531
102536.507
102538.375
102537.031
102535.406
102536.093
102538.562
102537.718
102535.921
102533.718
102536.359
102536.093
102534.218
102539.500
102537.453
102540.000
102537.789
102542.109
102538.718
102539.226
102538.484
102537.960
102538.546
102540.859
102538.718
102536.843
102537.125
102537.359
102538.312
102539.906
102540.359
102539.148
102538.140
102537.695
102540.000
102538.312
102539.484
102539.054
102538.718
102538.312
102538.140
102537.882
102536.617
102537.546
102539.226
102537.695
102538.890
102538.562
102537.015
102538.718
102540.070
102537.789
102539.500
102539.921
102537.109
102539.921
102539.226
102541.773
102542.726
102540.171
102539.484
102539.054
102539.906
102541.015
102540.070
102538.718
102539.390
102537.976
102538.484
102538.125
102539.671
102541.601
102537.125
102538.312
102539.500
102538.906
102540.414
102540.687
102539.578
102539.843
102539.164
102539.164
102539.750
102541.203
102539.312
102536.953
102536.859
102540.093
102538.046
102538.390
102538.484
102537.468
102539.054
102538.218
102538.984
102536.453
102538.640
102540.843
102537.359
102538.375
102542.882
102539.148
102541.359
102539.312
102538.812
102539.578
102538.640
102542.296
102542.203
102539.070
102537.960
102539.656
102540.765
102537.281
102539.843
102538.812
102539.226
102542.562
102538.296
102536.015
102537.789
102537.625
102538.734
102540.523
102539.906
102539.242
102539.734
102538.218
102538.906
102539.671
102537.718
102536.187
102537.203
102539.312
102536.859
102537.031
102536.523
102536.359
102537.015
102537.718
102535.335
102537.867
102536.843
102537.718
102537.625
102535.921
102536.343
102536.601
102537.718
102537.375
102538.218
102541.109
102538.734
102538.734
102537.789
102538.203
102539.484
102538.140
102539.390
102538.203
102538.484
102539.828
102541.281
102535.828
102539.484
102539.312
102539.500
102538.468
102538.640
102538.546
102538.812
102539.656
102540.015
102539.148
102540.164
102537.203
102537.867
102540.164
102539.578
102537.976
102536.617
102538.734
102539.164
102537.804
102538.562
102539.164
102537.296
102538.218
102538.882
102540.429
102540.070
102538.484
102539.671
102539.226
102540.335
102540.242
102538.125
102539.390
102537.296
102538.882
102540.242
102537.867
102536.109
102537.546
102537.718
102536.953
102534.734
102536.859
102537.640
102537.625
102536.015
102537.695
102536.671
102539.500
102538.312
102538.140
102539.562
102538.375
102540.000
102536.687
102539.000
102540.671
102538.828
102539.070
102539.750
102542.109
102540.578
102539.578
102539.484
102540.937
102541.625
102540.937
102539.406
102539.671
102538.046
102541.523
102540.843
102539.671
102540.687
102539.328
102540.015
102542.281
102539.500
102540.578
102542.453
102541.265
102541.265
102537.546
102540.070
102540.429
102539.843
102540.093
102541.710
102539.054
102541.937
102543.296
102540.414
102539.312
102539.906
102539.164
102541.601
102541.937
102539.734
102541.546
102540.687
102539.578
102539.328
102541.710
102540.765
102540.265
102541.031
102539.578
102540.859
102539.148
102538.734
102540.242
102537.359
102539.164
102539.906
102541.203
102539.328
102538.718
102541.953
102539.734
102540.687
102537.960
102539.843
102541.375
102536.671
102537.960
102537.031
102538.390
102539.070
102540.242
102540.765
102541.882
102541.937
102542.375
102540.015
102540.750
102539.562
102539.406
102541.429
102540.523
102542.453
102541.093
102539.390
102541.937
102539.054
102542.726
102541.546
102540.359
102539.148
102540.265
102539.828
102541.281
102539.578
102539.242
102539.242
102539.328
102540.765
102537.375
102539.578
102541.109
102538.906
102539.750
102540.687
102542.468
102540.765
102539.484
102541.359
102540.265
102540.265
102539.390
102538.203
102537.015
102538.125
102538.812
102540.335
102540.414
102540.937
102540.265
102539.578
102540.937
102541.523
102539.484
102540.937
102542.125
102541.445
102542.468
102541.015
102540.601
102540.578
102541.695
102540.750
102541.523
102540.164
102541.445
102538.046
102542.296
102541.109
102539.484
102540.601
102540.937
102539.070
102539.828
102539.734
102537.468
102540.093
102541.375
102541.265
102541.281
102542.046
102542.953
102541.445
102540.601
102542.296
102540.687
102542.640
102543.312
102538.546
102540.265
102538.390
102540.429
102541.203
102540.750
102540.523
102540.859
102540.921
102541.109
102542.453
102541.375
102541.546
102544.593
102544.671
102542.218
102541.710
102542.390
102543.070
102542.882
102540.429
102539.828
102540.414
102540.429
102539.312
102541.710
102542.296
102541.937
102539.406
102540.242
102542.453
102541.445
102542.046
102541.710
102544.000
102542.218
102542.710
102542.710
102541.867
102542.789
102543.406
102542.125
102543.406
102541.882
102540.187
102543.242
102539.734
102541.203
102540.335
102541.937
102541.773
102540.859
102541.187
102540.578
102539.164
102541.093
102542.625
102542.453
102543.406
102543.734
102541.429
102541.773
102542.281
102543.468
102542.125
102541.546
102543.734
102541.429
102541.429
102542.390
102540.859
102540.187
102540.937
102541.937
102542.218
102540.671
102544.070
102544.265
102541.953
102540.750
102541.031
102541.601
102541.093
102543.578
102541.109
102540.523
102540.187
102539.921
102540.921
102539.578
102538.390
102538.718
102541.429
102542.375
102542.109
102542.109
102540.687
102540.921
102541.187
102539.906
102539.734
102537.375
102539.390
102540.070
102540.093
102538.031
102541.867
102538.906
102540.859
102540.265
102542.726
102541.015
102541.789
102540.093
102540.414
102539.734
102541.710
102537.882
102541.867
102541.093
102542.031
102541.953
102541.937
102541.710
102542.726
102541.789
102539.921
102542.953
102541.937
102543.054
102543.812
102542.625
102543.296
102542.882
102543.242
102543.070
102545.171
102542.562
102541.773
102541.601
102542.882
102543.054
102540.015
102542.218
102542.375
102540.578
102543.218
102541.867
102541.773
102539.226
102538.984
102539.328
102541.281
102540.070
102542.046
102541.546
102543.562
102542.453
102541.773
102543.976
102541.695
102545.187
102543.976
102540.937
102542.109
102541.265
102540.578
102542.976
102542.390
102543.812
102542.640
102545.109
102542.046
102541.031
102543.312
102543.242
102541.789
102541.203
102541.710
102539.750
102543.906
102543.812
102543.148
102541.203
102540.601
102543.734
102543.640
102544.148
102543.218
102544.921
102542.546
102543.296
102541.625
102541.773
102541.773
102541.546
102543.070
102542.625
102542.804
102542.804
102542.218
102542.375
102543.812
102543.640
102544.000
102542.640
102539.828
102542.546
102542.203
102543.921
102546.695
102545.281
102545.789
102543.148
102544.507
102543.242
102545.093
102545.593
102543.734
102544.335
102544.429
102544.429
102544.234
102545.281
102543.656
102541.710
102545.523
102542.976
102544.085
102543.828
102545.523
102544.234
102543.812
102543.656
102545.265
102544.671
102542.468
102544.507
102542.710
102541.695
102540.070
102540.070
102537.695
102541.359
102539.226
102537.468
102538.296
102538.984
102540.093
102540.335
102539.484
102540.335
102540.507
102538.390
102539.578
102544.656
102538.906
102540.671
102539.734
102540.765
102541.281
102542.296
102542.546
102541.523
102541.265
102542.203
102543.390
102544.085
102545.617
102548.164
102544.593
102544.429
102544.484
102545.523
102544.164
102542.546
102545.187
102544.164
102543.054
102542.546
102541.867
102544.828
102546.281
102542.953
102543.312
102543.734
102544.593
102545.187
102544.507
102544.335
102544.164
102543.906
102545.281
102542.125
102541.265
102542.906
102543.828
102543.242
102540.843
102543.148
102543.656
102543.070
102541.953
102544.265
102541.546
102540.242
102542.640
102544.070
102543.562
102544.414
102543.218
102545.093
102542.953
102541.109
102544.414
102544.234
102545.953
102544.593
102545.000
102542.976
102542.296
102544.312
102543.242
102545.617
102543.656
102544.429
102543.148
102544.671
102543.218
102543.976
102543.218
102543.054
102541.445
102544.000
102541.187
102542.375
102543.312
102543.750
102541.953
102545.015
102544.085
102547.218
102543.750
102542.468
102543.750
102541.773
102543.148
102542.804
102543.148
102543.578
102542.281
102542.281
102541.601
102540.359
102543.578
102544.671
102541.953
102543.484
102543.828
102545.281
102545.000
102545.445
102545.617
102546.203
102543.296
102546.015
102544.335
102544.507
102544.765
102547.203
102547.148
102546.125
102544.843
102543.148
102545.765
102546.125
102545.015
102546.015
102545.171
102540.921
102543.070
102542.976
102544.484
102542.789
102545.507
102542.789
102544.234
102546.359
102545.445
102543.406
102543.312
102543.828
102543.656
102543.484
102544.429
102542.468
102545.695
102542.125
102543.734
102544.148
102544.765
102545.265
102542.976
102544.335
102544.921
102543.921
102543.468
102541.773
102543.812
102542.218
102542.804
102538.562
102542.453
102541.375
102540.265
102539.921
102539.578
102541.601
102544.085
102538.312
102538.828
102542.296
102541.445
102540.765
102541.281
102539.406
102543.070
102542.468
102542.546
102544.085
102543.148
102543.562
102544.265
102546.109
102543.750
102542.976
102546.203
102546.976
102543.562
102543.828
102541.695
102543.750
102543.242
102544.765
102542.804
102542.468
102543.578
102544.265
102541.789
102543.406
102544.070
102542.203
102541.625
102542.640
102545.015
102541.546
102543.148
102542.468
102542.976
102543.218
102543.750
102543.148
102541.953
102545.789
102544.593
102545.859
102546.125
102543.750
102544.843
102542.203
102543.296
102543.218
102540.164
102543.734
102543.390
102544.164
102546.125
102544.671
102542.976
102543.734
102543.656
102545.351
102542.953
102543.656
102546.125
102546.125
102545.281
102547.046
102547.125
102545.335
102545.953
102544.484
102544.593
102545.000
102544.593
102544.312
102544.085
102544.765
102543.734
102545.617
102546.531
102545.671
102546.695
102547.390
102546.468
102546.125
102544.937
102545.523
102546.640
102547.656
102546.125
102547.218
102544.335
102546.031
102546.015
102546.296
102544.234
102544.242
102546.187
102543.070
102542.562
102543.921
102543.148
102541.789
102543.578
102536.171
102541.359
102539.054
102541.523
102540.859
102542.281
102542.390
102540.578
102542.953
102542.203
102542.125
102542.726
102541.281
102541.187
