16.768
18.112
18.747
19.065
19.214
19.294
19.355
19.401
19.432
13.718
9.679
6.784
4.567
2.823
1.192
1.399
1.798
1.805
1.891
1.959
1.993
1.983
2.030
2.126
2.149
2.161
2.094
1.931
1.817
1.604
1.618
1.626
1.691
1.946
2.571
2.814
2.893
3.001
2.951
2.960
3.050
3.061
2.981
2.975
3.041
3.039
3.039
2.953
2.819
2.577
2.488
2.400
2.482
2.502
2.592
2.842
2.942
3.007
3.123
3.195
3.199
3.200
3.137
3.186
3.194
3.198
3.248
3.177
3.253
3.164
2.931
2.808
2.630
2.576
2.609
2.605
2.642
2.901
3.121
3.258
3.277
3.334
3.315
3.322
3.325
3.326
3.312
3.366
3.362
3.314
3.274
3.254
3.065
3.001
2.933
2.899
2.882
2.855
2.805
2.959
3.197
3.263
3.342
3.320
3.354
3.341
3.334
3.331
3.267
3.359
3.328
3.328
3.312
3.289
3.084
2.906
2.885
2.839
2.723
2.701
2.910
3.109
3.299
3.390
3.420
3.449
3.464
3.486
3.467
3.383
3.386
3.357
3.373
3.320
3.355
3.295
3.020
2.855
2.823
2.752
2.753
2.754
2.828
3.038
3.281
3.305
3.301
3.314
3.321
3.340
3.395
3.346
3.352
3.416
3.387
3.433
3.411
3.324
3.102
2.986
2.837
2.759
2.719
2.811
2.891
3.117
3.303
3.377
3.337
3.239
3.345
3.382
3.401
3.410
3.384
3.417
3.448
3.418
3.358
3.250
3.080
3.008
2.920
2.820
2.769
2.780
2.999
3.135
3.201
3.249
3.273
3.285
3.244
3.317
3.338
3.379
3.353
3.401
3.380
3.323
3.232
3.070
2.952
2.891
2.877
2.941
2.903
3.023
3.163
3.370
3.440
3.414
3.387
3.403
3.426
3.482
3.406
3.382
3.460
3.484
3.540
3.495
3.321
3.150
2.993
2.947
2.923
2.858
2.825
2.968
3.249
3.396
3.423
3.391
3.420
3.434
3.471
3.460
3.440
3.399
3.348
3.384
3.371
3.303
3.206
2.954
2.909
2.887
2.858
2.843
2.959
3.133
3.295
3.388
3.373
3.411
3.415
3.432
3.411
3.385
3.432
3.470
3.518
3.528
3.518
3.424
3.189
3.065
2.966
2.968
3.020
2.995
2.965
3.184
3.365
3.437
3.458
3.453
3.481
3.465
3.501
3.445
3.462
3.441
3.460
3.424
3.437
3.322
3.167
3.053
2.908
2.832
2.794
2.829
2.882
3.097
3.277
3.349
3.369
3.379
3.414
3.417
3.463
3.441
3.430
3.454
3.452
3.405
3.472
3.309
3.011
2.868
2.884
2.838
2.778
2.729
2.870
3.074
3.298
3.405
3.457
3.332
3.330
3.405
3.427
3.468
3.473
3.461
3.455
3.452
3.360
3.235
3.004
2.900
2.882
2.873
2.991
2.911
2.975
3.221
3.337
3.363
3.345
3.337
3.317
3.399
3.424
3.421
3.360
3.344
3.336
3.301
3.252
3.047
2.887
2.840
2.742
2.711
2.788
2.845
3.145
3.331
3.421
3.479
3.479
3.479
3.434
3.501
3.460
3.469
3.532
3.506
3.492
3.485
3.407
3.212
3.110
2.972
2.954
2.962
2.966
3.019
3.193
3.354
3.372
3.514
3.496
3.458
3.453
3.495
3.472
3.431
3.380
3.369
3.454
3.392
3.329
3.138
3.055
2.801
2.796
2.830
2.793
2.865
3.088
3.242
3.270
3.172
3.313
3.382
3.385
3.402
3.470
3.504
3.447
3.403
3.441
3.475
3.387
3.201
3.088
3.029
2.930
2.915
2.854
2.965
3.152
3.350
3.430
3.542
3.597
3.267
3.479
3.537
3.595
3.595
3.609
3.587
3.619
3.506
3.492
3.273
3.158
3.031
2.966
2.916
2.908
2.956
3.212
3.333
3.406
3.502
3.563
3.579
3.572
3.511
3.567
3.538
3.552
3.544
3.497
3.473
3.386
3.053
3.029
2.913
2.888
2.876
2.870
2.955
3.098
3.231
3.326
3.418
3.419
3.434
3.486
3.555
3.531
3.549
3.557
3.533
3.549
3.629
3.597
3.406
3.274
3.158
3.196
3.183
3.225
3.197
3.371
3.485
3.583
3.674
3.690
3.740
3.710
3.749
3.728
3.772
3.753
3.771
3.712
3.709
3.680
3.479
3.389
3.313
3.305
3.285
3.291
3.340
3.499
3.619
3.663
3.713
3.778
3.743
3.807
3.771
3.711
3.653
3.666
3.700
3.759
3.828
3.727
3.605
3.542
3.511
3.480
3.435
3.427
3.526
3.632
3.766
3.845
3.949
3.909
3.955
3.964
3.969
3.867
3.841
3.829
3.836
3.826
3.861
3.771
3.614
3.459
3.424
3.346
3.367
3.348
3.384
3.505
3.636
3.754
3.772
3.807
3.771
3.794
3.818
3.763
3.776
3.782
3.799
3.848
3.898
3.804
3.616
3.431
3.349
3.308
3.302
3.300
3.405
3.631
3.793
3.831
3.877
3.860
3.865
3.920
3.921
3.895
3.869
3.869
3.909
3.928
3.899
3.777
3.560
3.431
3.425
3.422
3.329
3.298
3.404
3.602
3.792
3.884
3.903
3.820
3.804
3.850
3.873
3.818
3.844
3.816
3.830
3.849
3.833
3.716
3.613
3.532
3.461
3.455
3.452
3.436
3.472
3.662
3.808
3.878
3.900
3.898
3.923
3.896
3.909
3.915
3.879
3.901
3.950
3.897
3.922
3.762
3.623
3.493
3.397
3.362
3.406
3.352
3.490
3.712
3.792
3.871
3.936
3.916
3.958
3.979
3.989
3.956
3.978
4.001
3.962
3.994
3.958
3.821
3.696
3.687
3.613
3.561
3.549
3.586
3.730
3.867
3.947
3.986
4.019
3.983
4.004
4.015
3.981
3.978
3.937
3.890
3.945
3.947
3.882
3.822
3.626
3.553
3.545
3.483
3.466
3.428
3.613
3.729
3.813
3.894
3.908
3.954
4.003
3.975
4.013
3.955
3.938
3.930
3.926
3.950
3.870
3.694
3.588
3.562
3.521
3.500
3.504
3.520
3.615
3.730
3.894
3.921
3.973
4.012
4.031
3.951
3.950
3.883
3.876
3.899
3.884
3.916
3.813
3.650
3.522
3.485
3.497
3.502
3.505
3.492
3.671
3.785
3.920
3.921
3.986
3.993
3.958
4.004
4.015
3.994
3.906
3.835
3.878
3.861
3.825
3.753
3.632
3.556
3.532
3.520
3.499
3.504
3.607
3.768
3.832
3.837
3.867
3.868
3.960
4.018
4.009
3.940
3.918
3.854
3.835
3.825
3.739
3.568
3.450
3.508
3.464
3.456
3.378
3.458
3.542
3.653
3.803
3.810
3.893
3.920
3.921
3.922
3.882
3.915
3.958
3.979
4.002
3.936
3.850
3.724
3.618
3.578
3.499
3.445
3.432
3.529
3.730
3.854
3.901
3.885
3.943
3.919
3.934
3.915
3.944
3.946
3.947
3.869
3.869
3.816
3.748
3.573
3.511
3.510
3.479
3.419
3.374
3.412
3.619
3.691
3.754
3.852
3.887
3.905
3.939
3.982
3.900
3.871
3.910
3.876
3.860
3.878
3.780
3.674
3.578
3.543
3.525
3.443
3.461
3.528
3.703
3.787
3.908
3.915
3.905
3.874
3.950
3.923
3.883
3.889
3.813
3.828
3.862
3.905
3.794
3.695
3.574
3.438
3.384
3.371
3.395
3.496
3.660
3.766
3.791
3.897
3.922
3.935
3.968
4.009
4.017
4.008
3.978
3.937
3.981
3.952
3.884
3.810
3.731
3.650
3.622
3.594
3.537
3.623
3.762
3.922
3.961
4.031
4.104
4.115
4.108
4.079
4.090
4.095
4.086
4.093
4.110
4.017
3.865
3.773
3.740
3.710
3.694
3.673
3.718
3.940
4.059
4.105
4.115
4.121
4.123
4.112
4.168
4.122
4.149
4.125
4.150
4.126
4.012
3.876
3.779
3.674
3.606
3.671
3.661
3.794
3.963
4.058
4.129
4.140
4.133
4.142
4.109
4.080
4.053
4.102
4.126
4.076
4.101
3.948
3.816
3.693
3.644
3.648
3.621
3.650
3.761
3.935
3.993
4.035
4.068
4.084
4.093
4.034
4.029
4.078
4.102
4.126
4.163
4.144
3.971
3.841
3.678
3.651
3.608
3.559
3.562
3.733
3.855
3.941
4.047
4.112
4.106
4.116
4.108
4.105
4.078
4.077
4.114
4.145
3.945
3.868
3.788
3.706
3.734
3.748
3.700
3.648
3.760
3.934
4.056
4.104
4.127
4.164
4.169
4.172
4.124
