Muestra,Temp,Hum,Pres,Den,Vol,DP,DP1,DP2,DP3,Vel1,Vel2,Vel3,Vel4,Tiempo,PWM,Paro
0,25.684,29.732,102259.55,1.1882,2.48325,2483.25,744.975,496.65,2483.25,64.653,64.653,35.412,28.914,233.0,0.0,1.0
1,25.673,29.694,102257.17,1.1882,2.48475,1243.125,894.42,645.945,2483.25,45.744,64.652,38.801,32.974,297.0,0.0,1.0
2,25.662,29.702,102257.17,1.1882,2.481,825.0,873.594,681.756,1243.125,37.264,45.743,38.346,33.875,362.0,0.0,1.0
3,25.673,29.709,102254.35,1.1882,2.47725,615.0,796.016,668.405,1243.125,32.175,45.744,36.605,33.543,427.0,0.0,1.0
4,25.662,29.694,102256.83,1.1882,2.48088,495.625,705.899,633.849,825.0,28.883,37.264,34.47,32.663,491.0,0.0,1.0
5,25.684,29.702,102256.83,1.1881,2.48163,413.771,618.26,589.833,825.0,26.391,37.266,32.26,31.51,556.0,0.0,1.0
6,25.684,29.702,102257.1,1.1881,2.48363,356.661,539.78,543.199,615.0,24.502,32.175,30.143,30.238,620.0,0.0,1.0
7,25.673,29.702,102260.7,1.1882,2.48325,311.703,471.357,496.9,615.0,22.905,32.174,28.167,28.92,685.0,0.0,1.0
8,25.684,29.702,102260.7,1.1882,2.47938,273.195,411.908,452.159,495.625,21.444,28.883,26.331,27.588,749.0,0.0,1.0
9,25.673,29.702,102256.42,1.1882,2.484,250.5,363.486,411.827,495.625,20.534,28.884,24.735,26.329,814.0,0.0,1.0
10,25.673,29.702,102255.0,1.1882,2.4865,230.227,323.508,375.507,413.771,19.686,26.391,23.336,25.141,878.0,0.0,1.0
11,25.705,29.694,102255.0,1.188,2.48675,211.292,289.843,342.664,413.771,18.86,26.393,22.089,24.018,943.0,0.0,1.0
12,25.673,29.694,102258.39,1.1882,2.48563,193.913,261.064,312.914,356.661,18.066,24.502,20.963,22.95,1007.0,0.0,1.0
13,25.705,29.694,102256.625,1.188,2.4825,176.938,235.826,285.719,356.661,17.259,24.503,19.925,21.931,1072.0,0.0,1.0
14,25.695,29.702,102256.625,1.1881,2.47888,161.517,213.533,260.878,311.703,16.489,22.907,18.959,20.956,1136.0,0.0,1.0
15,25.684,29.686,102257.81,1.1882,2.4875,160.047,197.488,240.712,311.703,16.414,22.906,18.233,20.129,1201.0,0.0,1.0
16,25.684,29.694,102257.984,1.1882,2.48913,152.257,183.918,223.021,273.195,16.009,21.444,17.595,19.375,1265.0,0.0,1.0
17,25.705,29.702,102257.984,1.1881,2.4885,143.174,171.695,207.052,273.195,15.525,21.445,17.001,18.67,1330.0,0.0,1.0
18,25.695,29.702,102259.34,1.1881,2.48325,130.389,159.303,191.719,250.5,14.815,20.535,16.376,17.965,1394.0,0.0,1.0
19,25.684,29.709,102258.33,1.1882,2.48325,123.869,148.673,178.149,250.5,14.44,20.534,15.82,17.317,1459.0,0.0,1.0
20,25.673,29.686,102258.33,1.1882,2.48325,-0.293,103.983,142.46,230.227,0.0,19.686,13.23,15.485,1523.0,0.0,1.0
21,25.673,29.702,102258.766,1.1882,2.48613,2.582,73.563,114.485,230.227,2.085,19.686,11.127,13.882,1588.0,0.0,1.0
22,25.673,29.686,102260.98,1.1882,2.48288,-0.737,51.273,91.44,211.292,0.0,18.858,9.29,12.406,1652.0,0.0,1.0
23,25.684,29.686,102260.98,1.1882,2.48313,-0.581,35.716,73.036,211.292,0.0,18.859,7.754,11.088,1717.0,0.0,1.0
24,25.684,29.717,102259.11,1.1882,2.48513,1.125,25.339,58.654,193.913,1.376,18.067,6.531,9.936,1780.0,0.0,1.0
25,25.673,29.702,102258.766,1.1882,2.48913,4.913,19.211,47.906,176.938,2.876,17.258,5.687,8.98,1845.0,0.0,1.0
26,25.695,29.702,102258.766,1.1881,2.48863,4.038,14.659,39.132,161.517,2.607,16.489,4.968,8.116,1909.0,0.0,1.0
27,25.684,29.694,102258.67,1.1882,2.47925,-5.587,8.585,30.188,160.047,0.0,16.413,3.801,7.128,1974.0,0.0,1.0
28,25.684,29.702,102261.15,1.1882,2.47575,-8.888,3.343,22.373,160.047,0.0,16.413,2.372,6.137,2037.0,0.0,1.0
29,25.684,29.702,102261.15,1.1882,2.48513,0.669,2.541,18.032,152.257,1.061,16.009,2.068,5.509,2102.0,0.0,1.0
30,25.684,29.702,102262.0,1.1882,2.486,1.487,2.225,14.723,143.174,1.582,15.524,1.935,4.978,2166.0,0.0,1.0
31,25.695,29.702,102257.984,1.1881,2.48388,-0.638,1.366,11.651,130.389,0.0,14.815,1.516,4.429,2230.0,0.0,1.0
32,25.695,29.702,102257.984,1.1881,2.48663,2.112,1.59,9.743,130.389,1.886,14.815,1.636,4.05,2294.0,0.0,1.0
33,25.695,29.702,102260.98,1.1881,2.481,-3.513,0.059,7.092,123.869,0.0,14.44,0.316,3.455,2358.0,0.0,1.0
34,25.705,29.709,102259.79,1.1881,2.48588,1.362,0.45,5.946,4.913,1.514,2.876,0.87,3.164,2422.0,0.0,1.0
35,25.673,29.694,102258.91,1.1882,2.48688,2.362,1.024,5.229,4.038,1.994,2.607,1.313,2.967,2486.0,0.0,1.0
36,25.684,29.694,102260.03,1.1882,2.48413,-0.388,0.6,4.106,2.582,0.0,2.085,1.005,2.629,2550.0,0.0,1.0
37,25.684,29.709,102260.03,1.1882,2.48825,3.737,1.541,4.032,3.737,2.508,2.508,1.611,2.605,2614.0,0.0,1.0
38,25.673,29.717,102261.31,1.1882,2.48338,-1.138,0.738,2.998,2.582,0.0,2.085,1.114,2.246,2678.0,0.0,1.0
39,25.695,29.694,102258.3,1.1881,2.4875,2.987,1.413,2.996,2.582,2.242,2.085,1.542,2.246,2742.0,0.0,1.0
40,25.673,29.709,102258.3,1.1882,2.48875,4.237,2.26,3.244,2.582,2.671,2.085,1.95,2.337,2805.0,0.0,1.0
41,25.695,29.694,102260.234,1.1881,2.48663,2.112,2.216,3.018,2.362,1.886,1.994,1.931,2.254,2870.0,0.0,1.0
42,25.673,29.702,102259.62,1.1882,2.48813,3.612,2.635,3.137,2.582,2.466,2.085,2.106,2.298,2933.0,0.0,1.0
43,25.684,29.709,102259.62,1.1882,2.48288,-1.638,1.353,2.182,2.362,0.0,1.994,1.509,1.916,2998.0,0.0,1.0
44,25.695,29.694,102259.72,1.1881,2.48825,3.737,2.068,2.493,2.987,2.508,2.242,1.866,2.049,3061.0,0.0,1.0
45,25.673,29.694,102261.52,1.1882,2.48613,1.612,1.932,2.317,2.362,1.647,1.994,1.803,1.975,3125.0,0.0,1.0
46,25.695,29.702,102261.52,1.1881,2.48525,0.737,1.573,2.001,2.362,1.114,1.994,1.627,1.835,3189.0,0.0,1.0
47,25.662,29.694,102259.89,1.1883,2.486,1.487,1.547,1.898,2.112,1.582,1.886,1.614,1.787,3253.0,0.0,1.0
48,25.695,29.702,102259.99,1.1881,2.47725,-7.263,-1.096,0.066,2.112,0.0,1.886,1.358,0.333,3317.0,0.0,1.0
49,25.695,29.709,102259.99,1.1881,2.4875,2.987,0.129,0.65,2.112,2.242,1.886,0.467,1.046,3381.0,0.0,1.0
50,25.684,29.702,102258.19,1.1882,2.48325,-1.263,-0.288,0.268,2.112,0.0,1.886,0.697,0.671,3445.0,0.0,1.0
51,25.684,29.694,102258.875,1.1882,2.4795,-5.013,-1.706,-0.788,2.112,0.0,1.886,1.694,1.152,3509.0,0.0,1.0
52,25.673,29.709,102258.875,1.1882,2.47813,-6.388,-3.11,-1.908,2.362,0.0,1.994,2.288,1.792,3572.0,0.0,1.0
53,25.684,29.725,102260.91,1.1882,2.47888,-5.638,-3.868,-2.654,2.362,0.0,1.994,2.552,2.114,3637.0,0.0,1.0
54,25.705,29.732,102259.66,1.1881,2.48288,-1.638,-3.199,-2.451,2.362,0.0,1.994,2.321,2.031,3700.0,0.0,1.0
55,25.673,29.694,102259.66,1.1882,2.48775,3.237,-1.268,-1.313,2.987,2.334,2.242,1.461,1.487,3764.0,0.0,1.0
56,25.695,29.702,102261.76,1.1882,2.48538,0.862,-0.629,-0.878,2.987,1.205,2.242,1.029,1.216,3828.0,0.0,1.0
57,25.673,29.717,102260.41,1.1882,2.48638,1.862,0.118,-0.33,2.987,1.77,2.242,0.446,0.745,3892.0,0.0,1.0
58,25.684,29.702,102260.41,1.1882,2.47913,-5.388,-1.534,-1.342,2.987,0.0,2.242,1.607,1.503,3956.0,0.0,1.0
59,25.684,29.717,102259.99,1.1882,2.48338,-1.138,-1.415,-1.301,2.112,0.0,1.886,1.543,1.48,4020.0,0.0,1.0
60,25.684,29.709,102258.47,1.1882,2.48225,-2.263,-1.669,-1.493,2.112,0.0,1.886,1.676,1.585,4083.0,0.0,1.0
61,25.695,29.709,102258.47,1.1881,2.48163,-2.888,-2.035,-1.772,2.112,0.0,1.886,1.851,1.727,4148.0,0.0,1.0
62,25.705,29.702,102257.85,1.1881,2.47713,-7.388,-3.641,-2.895,1.862,0.0,1.771,2.476,2.208,4211.0,0.0,1.0
63,25.684,29.702,102256.05,1.1881,2.47575,-8.763,-5.177,-4.069,1.862,0.0,1.771,2.952,2.617,4275.0,0.0,1.0
64,25.695,29.694,102256.05,1.1881,2.47838,-6.138,-5.465,-4.482,1.612,0.0,1.648,3.033,2.747,4339.0,0.0,1.0
65,25.684,29.702,102257.75,1.1881,2.47513,-9.388,-6.642,-5.464,1.612,0.0,1.647,3.344,3.033,4403.0,0.0,1.0
66,25.673,29.702,102258.94,1.1882,2.48038,-4.138,-5.891,-5.198,1.612,0.0,1.647,3.149,2.958,4466.0,0.0,1.0
67,25.673,29.686,102258.94,1.1882,2.48738,2.862,-3.265,-3.586,1.862,2.195,1.77,2.344,2.457,4531.0,0.0,1.0
68,25.684,29.709,102257.69,1.1881,2.48125,-3.263,-3.264,-3.522,1.862,0.0,1.771,2.344,2.435,4594.0,0.0,1.0
69,25.695,29.702,102257.69,1.1881,2.48775,3.237,-1.314,-2.17,2.987,2.334,2.243,1.487,1.911,4659.0,0.0,1.0
70,25.684,29.702,102259.38,1.1882,2.4835,-1.013,-1.223,-1.938,2.862,0.0,2.195,1.435,1.806,4722.0,0.0,1.0
71,25.673,29.694,102257.62,1.1882,2.48625,1.737,-0.335,-1.203,2.862,1.71,2.195,0.751,1.423,4786.0,0.0,1.0
72,25.684,29.702,102257.62,1.1881,2.4885,3.987,0.962,-0.165,2.862,2.591,2.195,1.272,0.527,4850.0,0.0,1.0
73,25.684,29.717,102257.75,1.1881,2.484,-0.513,0.519,-0.235,2.862,0.0,2.195,0.935,0.628,4914.0,0.0,1.0
74,25.684,29.702,102260.33,1.1882,2.489,4.487,1.71,0.71,3.237,2.748,2.334,1.696,1.093,4977.0,0.0,1.0
75,25.684,29.702,102260.33,1.1882,2.48638,1.862,1.755,0.94,2.862,1.771,2.195,1.719,1.258,5042.0,0.0,1.0
76,25.673,29.709,102256.086,1.1882,2.48575,1.237,1.6,1.0,2.862,1.443,2.195,1.641,1.297,5105.0,0.0,1.0
77,25.695,29.694,102261.08,1.1881,2.48313,-1.388,0.704,0.522,1.862,0.0,1.771,1.088,0.938,5170.0,0.0,1.0
78,25.684,29.709,102261.08,1.1882,2.4835,-1.013,0.189,0.215,1.862,0.0,1.77,0.564,0.602,5233.0,0.0,1.0
79,25.684,29.702,102259.21,1.1882,2.48713,2.612,0.916,0.695,2.862,2.097,2.195,1.242,1.081,5297.0,0.0,1.0
80,25.673,29.694,102258.02,1.1882,2.4885,3.987,1.837,1.353,2.862,2.591,2.195,1.759,1.509,5361.0,0.0,1.0
81,25.684,29.709,102258.02,1.1882,2.48638,1.862,1.845,1.455,2.862,1.771,2.195,1.762,1.565,5425.0,0.0,1.0
82,25.695,29.702,102258.766,1.1881,2.48525,0.737,1.513,1.311,2.612,1.114,2.097,1.596,1.486,5488.0,0.0,1.0
83,25.684,29.702,102259.05,1.1882,2.47913,-5.388,-0.558,-0.028,2.612,0.0,2.097,0.969,0.219,5553.0,0.0,1.0
84,25.695,29.709,102259.05,1.1881,2.484,-0.513,-0.544,-0.125,2.612,0.0,2.097,0.957,0.459,5616.0,0.0,1.0
85,25.673,29.702,102257.516,1.1882,2.4855,0.987,-0.085,0.097,2.612,1.289,2.097,0.377,0.405,5680.0,0.0,1.0
86,25.673,29.717,102256.16,1.1882,2.48888,4.362,1.249,0.95,2.612,2.71,2.097,1.45,1.265,5744.0,0.0,1.0
87,25.684,29.709,102256.16,1.1881,2.48325,-1.263,0.496,0.508,2.612,0.0,2.097,0.914,0.924,5808.0,0.0,1.0
88,25.695,29.702,102258.19,1.1881,2.48025,-4.263,-0.932,-0.446,2.612,0.0,2.097,1.252,0.867,5871.0,0.0,1.0
89,25.705,29.694,102256.94,1.1881,2.47925,-5.263,-2.231,-1.41,1.862,0.0,1.771,1.938,1.54,5936.0,0.0,1.0
90,25.684,29.694,102256.94,1.1881,2.48038,-4.138,-2.803,-1.955,1.862,0.0,1.771,2.172,1.814,5999.0,0.0,1.0
91,25.695,29.709,102258.53,1.1881,2.477,-7.513,-4.216,-3.067,1.862,0.0,1.771,2.664,2.272,6064.0,0.0,1.0
92,25.662,29.709,102258.3,1.1882,2.47863,-5.888,-4.717,-3.631,1.862,0.0,1.77,2.818,2.472,6127.0,0.0,1.0
93,25.695,29.709,102258.3,1.1881,2.4795,-5.013,-4.806,-3.907,1.862,0.0,1.771,2.844,2.565,6191.0,0.0,1.0
94,25.705,29.717,102256.766,1.188,2.48225,-2.263,-4.043,-3.578,1.862,0.0,1.771,2.609,2.454,6255.0,0.0,1.0
95,25.684,29.702,102261.86,1.1882,2.48075,-3.763,-3.959,-3.615,1.862,0.0,1.77,2.581,2.467,6319.0,0.0,1.0
96,25.684,29.702,102261.86,1.1882,2.4845,-0.013,-2.775,-2.895,1.862,0.0,1.77,2.161,2.207,6382.0,0.0,1.0
97,25.684,29.702,102259.15,1.1882,2.4835,-1.013,-2.246,-2.518,1.862,0.0,1.771,1.945,2.059,6447.0,0.0,1.0
98,25.673,29.702,102260.06,1.1882,2.48075,-3.763,-2.701,-2.767,1.862,0.0,1.77,2.132,2.158,6510.0,0.0,1.0
99,25.684,29.702,102260.06,1.1882,2.4825,-2.013,-2.495,-2.616,1.862,0.0,1.771,2.049,2.099,6574.0,0.0,1.0
100,25.684,29.709,102259.72,1.1882,2.4825,-2.013,-2.35,-2.496,1.862,0.0,1.771,1.989,2.05,6638.0,0.0,1.0
101,25.684,29.717,102256.664,1.1881,2.48513,0.612,-1.461,-1.874,1.862,1.015,1.771,1.568,1.776,6702.0,0.0,1.0
102,25.684,29.709,102257.95,1.1882,2.48488,0.362,-0.914,-1.427,0.987,0.781,1.289,1.241,1.55,6765.0,0.0,1.0
103,25.673,29.709,102258.7,1.1882,2.4775,-7.013,-2.744,-2.544,0.737,0.0,1.114,2.149,2.069,6830.0,0.0,1.0
104,25.695,29.709,102258.7,1.1881,2.47938,-5.138,-3.462,-3.063,0.612,0.0,1.015,2.414,2.271,6893.0,0.0,1.0
105,25.673,29.709,102260.41,1.1882,2.483,-1.513,-2.877,-2.753,0.612,0.0,1.015,2.201,2.153,6957.0,0.0,1.0
106,25.684,29.709,102256.42,1.1881,2.486,1.487,-1.568,-1.905,0.987,1.582,1.289,1.625,1.791,7021.0,0.0,1.0
107,25.684,29.709,102256.42,1.1881,2.48675,2.237,-0.426,-1.076,1.487,1.941,1.582,0.847,1.346,7085.0,0.0,1.0
108,25.673,29.717,102258.766,1.1882,2.484,-0.513,-0.452,-0.964,0.612,0.0,1.015,0.872,1.274,7148.0,0.0,1.0
109,25.684,29.702,102256.086,1.1881,2.48763,3.112,0.617,-0.148,1.487,2.289,1.582,1.019,0.5,7213.0,0.0,1.0
110,25.684,29.709,102256.086,1.1881,2.48863,4.112,1.666,0.704,2.237,2.631,1.941,1.674,1.088,7276.0,0.0,1.0
111,25.684,29.709,102255.75,1.1881,2.48563,1.112,1.5,0.785,1.487,1.368,1.582,1.589,1.15,7340.0,0.0,1.0
112,25.673,29.702,102259.484,1.1882,2.48813,3.612,2.133,1.351,2.237,2.466,1.941,1.895,1.508,7404.0,0.0,1.0
113,25.684,29.709,102259.484,1.1882,2.48163,-2.888,0.627,0.503,1.487,0.0,1.582,1.027,0.92,7468.0,0.0,1.0
114,25.673,29.717,102259.484,1.1882,2.48725,2.737,1.26,0.95,2.237,2.146,1.941,1.456,1.264,7531.0,0.0,1.0
115,25.684,29.702,102258.805,1.1882,2.48813,3.612,1.966,1.482,2.737,2.466,2.147,1.819,1.58,7596.0,0.0,1.0
116,25.705,29.702,102258.805,1.1881,2.4895,4.987,2.872,2.183,2.737,2.898,2.147,2.199,1.917,7659.0,0.0,1.0
117,25.684,29.709,102258.64,1.1882,2.48338,-1.138,1.669,1.519,2.737,0.0,2.147,1.676,1.599,7724.0,0.0,1.0
118,25.673,29.709,102258.805,1.1882,2.48138,-3.138,0.227,0.588,2.737,0.0,2.146,0.618,0.995,7787.0,0.0,1.0
119,25.684,29.709,102258.805,1.1882,2.48713,2.612,0.943,0.993,2.737,2.097,2.147,1.26,1.293,7851.0,0.0,1.0
120,25.705,29.709,102259.99,1.1881,2.48788,3.362,1.669,1.467,2.737,2.379,2.147,1.676,1.571,7915.0,0.0,1.0
121,25.684,29.702,102258.94,1.1882,2.48613,1.612,1.652,1.496,2.737,1.647,2.147,1.667,1.587,7979.0,0.0,1.0
122,25.684,29.717,102258.94,1.1882,2.48625,1.737,1.677,1.544,2.612,1.71,2.097,1.68,1.612,8043.0,0.0,1.0
123,25.705,29.709,102259.28,1.1881,2.483,-1.513,0.72,0.933,2.612,0.0,2.097,1.101,1.253,8107.0,0.0,1.0
124,25.684,29.709,102261.19,1.1882,2.48663,2.112,1.138,1.169,2.737,1.886,2.147,1.384,1.403,8170.0,0.0,1.0
125,25.695,29.709,102261.19,1.1881,2.48675,2.237,1.468,1.382,2.612,1.941,2.097,1.572,1.525,8235.0,0.0,1.0
126,25.705,29.717,102260.41,1.1881,2.48738,2.862,1.886,1.678,2.737,2.195,2.147,1.782,1.681,8298.0,0.0,1.0
127,25.684,29.702,102258.875,1.1882,2.48838,3.862,2.479,2.115,2.737,2.55,2.147,2.043,1.887,8363.0,0.0,1.0
128,25.705,29.717,102258.875,1.1881,2.4855,0.987,2.031,1.89,2.737,1.289,2.147,1.849,1.784,8426.0,0.0,1.0
129,25.684,29.709,102261.52,1.1882,2.48738,2.862,2.281,2.084,2.862,2.195,2.195,1.959,1.873,8491.0,0.0,1.0
130,25.673,29.702,102260.33,1.1882,2.48825,3.737,2.718,2.415,2.862,2.508,2.195,2.139,2.016,8554.0,0.0,1.0
131,25.684,29.717,102260.33,1.1882,2.48713,2.612,2.686,2.454,2.862,2.097,2.195,2.126,2.033,8619.0,0.0,1.0
132,25.695,29.709,102257.516,1.1881,2.4875,2.987,2.776,2.561,2.862,2.243,2.195,2.162,2.076,8682.0,0.0,1.0
133,25.673,29.709,102259.21,1.1882,2.48413,-0.388,1.827,1.971,2.862,0.0,2.195,1.754,1.822,8747.0,0.0,1.0
134,25.695,29.709,102259.21,1.1881,2.48538,0.862,1.538,1.749,2.737,1.205,2.147,1.609,1.716,8810.0,0.0,1.0
135,25.673,29.702,102258.64,1.1882,2.48625,1.737,1.598,1.747,2.737,1.71,2.146,1.64,1.715,8873.0,0.0,1.0
136,25.662,29.702,102258.64,1.1883,2.48788,3.362,2.127,2.07,2.862,2.379,2.195,1.892,1.867,8938.0,0.0,1.0
137,25.684,29.702,102259.38,1.1882,2.488,3.487,2.535,2.354,2.862,2.423,2.195,2.066,1.99,9001.0,0.0,1.0
138,25.695,29.709,102258.64,1.1881,2.47638,-8.138,-0.667,0.255,2.612,0.0,2.097,1.059,0.656,9066.0,0.0,1.0
139,25.673,29.709,102258.64,1.1882,2.48025,-4.263,-1.745,-0.648,2.612,0.0,2.097,1.714,1.045,9129.0,0.0,1.0
140,25.673,29.709,102262.03,1.1882,2.48813,3.612,-0.138,0.204,2.862,2.466,2.195,0.482,0.586,9193.0,0.0,1.0
141,25.684,29.709,102258.3,1.1882,2.487,2.487,0.65,0.661,2.862,2.046,2.195,1.046,1.054,9257.0,0.0,1.0
142,25.695,29.725,102258.3,1.1881,2.48463,0.112,0.488,0.551,2.612,0.435,2.097,0.907,0.963,9321.0,0.0,1.0
143,25.662,29.709,102260.234,1.1883,2.47838,-6.138,-1.499,-0.787,2.612,0.0,2.097,1.589,1.151,9385.0,0.0,1.0
144,25.695,29.709,102258.47,1.1881,2.48225,-2.263,-1.728,-1.082,2.612,0.0,2.097,1.706,1.35,9449.0,0.0,1.0
145,25.673,29.702,102258.47,1.1882,2.48325,-1.263,-1.589,-1.118,2.612,0.0,2.097,1.635,1.372,9512.0,0.0,1.0
146,25.673,29.709,102258.875,1.1882,2.48388,-0.638,-1.303,-1.022,2.862,0.0,2.195,1.481,1.312,9577.0,0.0,1.0
147,25.684,29.709,102261.86,1.1882,2.48125,-3.263,-1.891,-1.47,2.862,0.0,2.195,1.784,1.573,9640.0,0.0,1.0
148,25.662,29.709,102261.86,1.1883,2.4845,-0.013,-1.328,-1.179,2.862,0.0,2.195,1.495,1.408,9705.0,0.0,1.0
149,25.662,29.717,102258.53,1.1882,2.48388,-0.638,-1.121,-1.07,2.612,0.0,2.097,1.373,1.342,9768.0,0.0,1.0
150,25.684,29.709,102258.3,1.1882,2.47713,-7.388,-3.001,-2.334,2.862,0.0,2.195,2.247,1.982,9832.0,0.0,1.0
151,25.673,29.709,102258.3,1.1882,2.4785,-6.013,-3.904,-3.07,2.612,0.0,2.097,2.564,2.273,9896.0,0.0,1.0
152,25.695,29.717,102259.31,1.1881,2.48,-4.513,-4.087,-3.358,2.612,0.0,2.097,2.623,2.378,9960.0,0.0,1.0
153,25.673,29.702,102260.234,1.1882,2.48125,-3.263,-3.84,-3.339,2.487,0.0,2.046,2.542,2.371,10023.0,0.0,1.0
154,25.673,29.709,102260.234,1.1882,2.48025,-4.263,-3.967,-3.524,2.487,0.0,2.046,2.584,2.435,10088.0,0.0,1.0
155,25.662,29.709,102259.72,1.1883,2.476,-8.513,-5.33,-4.522,2.487,0.0,2.046,2.995,2.759,10151.0,0.0,1.0
156,25.673,29.709,102260.57,1.1882,2.47525,-9.263,-6.51,-5.47,2.487,0.0,2.046,3.31,3.034,10215.0,0.0,1.0
157,25.695,29.702,102260.57,1.1881,2.48025,-4.263,-5.836,-5.228,3.362,0.0,2.379,3.134,2.967,10279.0,0.0,1.0
158,25.673,29.717,102259.83,1.1882,2.47963,-4.888,-5.551,-5.16,2.487,0.0,2.046,3.057,2.947,10343.0,0.0,1.0
159,25.684,29.709,102260.67,1.1882,2.48175,-2.763,-4.715,-4.681,2.487,0.0,2.046,2.817,2.807,10406.0,0.0,1.0
160,25.673,29.709,102260.67,1.1882,2.4805,-4.013,-4.504,-4.547,2.487,0.0,2.046,2.753,2.767,10471.0,0.0,1.0
161,25.684,29.725,102263.19,1.1882,2.47938,-5.138,-4.694,-4.665,2.487,0.0,2.046,2.811,2.802,10534.0,0.0,1.0
162,25.662,29.694,102257.95,1.1882,2.48013,-4.388,-4.602,-4.61,0.112,0.0,0.435,2.783,2.785,10599.0,0.0,1.0
163,25.673,29.702,102257.95,1.1882,2.48038,-4.138,-4.463,-4.515,0.112,0.0,0.435,2.741,2.757,10662.0,0.0,1.0
164,25.673,29.709,102259.99,1.1882,2.4805,-4.013,-4.328,-4.415,0.0,0.0,0.0,2.699,2.726,10726.0,0.0,1.0
165,25.662,29.702,102260.33,1.1883,2.48163,-2.888,-3.896,-4.109,0.0,0.0,0.0,2.561,2.63,10789.0,0.0,1.0
166,25.695,29.709,102260.33,1.1881,2.48013,-4.388,-4.043,-4.165,0.0,0.0,0.0,2.609,2.648,10854.0,0.0,1.0
167,25.673,29.709,102260.81,1.1882,2.47875,-5.763,-4.559,-4.485,0.0,0.0,0.0,2.77,2.747,10917.0,0.0,1.0
168,25.684,29.717,102260.47,1.1882,2.4785,-6.013,-4.995,-4.79,0.0,0.0,0.0,2.9,2.84,10981.0,0.0,1.0
169,25.673,29.694,102260.91,1.1882,2.47988,-4.638,-4.888,-4.76,0.0,0.0,0.0,2.868,2.83,11044.0,0.0,1.0
170,25.684,29.709,102263.625,1.1882,2.47963,-4.888,-4.888,-4.785,0.0,0.0,0.0,2.868,2.838,11108.0,0.0,1.0
171,25.673,29.709,102263.625,1.1883,2.48363,-0.888,-3.688,-4.006,0.0,0.0,0.0,2.491,2.597,11172.0,0.0,1.0
172,25.695,29.702,102261.52,1.1881,2.48275,-1.763,-3.11,-3.557,0.0,0.0,0.0,2.288,2.447,11236.0,0.0,1.0
173,25.673,29.709,102263.46,1.1883,2.47625,-8.263,-4.656,-4.498,0.0,0.0,0.0,2.799,2.752,11299.0,0.0,1.0
174,25.673,29.702,102263.46,1.1883,2.48213,-2.388,-3.975,-4.076,0.0,0.0,0.0,2.587,2.619,11363.0,0.0,1.0
175,25.662,29.702,102261.86,1.1883,2.488,3.487,-1.737,-2.563,3.487,2.423,2.423,1.71,2.077,11427.0,0.0,1.0
176,25.684,29.709,102260.81,1.1882,2.48925,4.737,0.206,-1.103,4.737,2.824,2.824,0.588,1.363,11491.0,0.0,1.0
177,25.673,29.717,102260.81,1.1882,2.48725,2.737,0.965,-0.335,3.487,2.146,2.423,1.275,0.751,11555.0,0.0,1.0
178,25.673,29.709,102260.7,1.1882,2.48263,-1.888,0.109,-0.646,3.487,0.0,2.423,0.429,1.042,11619.0,0.0,1.0
179,25.695,29.694,102259.79,1.1881,2.48225,-2.263,-0.602,-0.969,3.487,0.0,2.423,1.007,1.277,11682.0,0.0,1.0
180,25.684,29.702,102259.79,1.1882,2.48325,-1.263,-0.8,-1.028,3.487,0.0,2.423,1.161,1.315,11747.0,0.0,1.0
181,25.684,29.709,102257.75,1.1881,2.4835,-1.013,-0.864,-1.025,3.487,0.0,2.423,1.206,1.313,11810.0,0.0,1.0
182,25.684,29.725,102257.58,1.1881,2.48825,3.737,0.516,-0.072,3.737,2.508,2.508,0.932,0.349,11874.0,0.0,1.0
183,25.673,29.702,102257.58,1.1882,2.48438,-0.138,0.32,-0.085,3.487,0.0,2.423,0.734,0.379,11938.0,0.0,1.0
184,25.684,29.702,102258.16,1.1882,2.48338,-1.138,-0.117,-0.296,3.487,0.0,2.423,0.444,0.706,12002.0,0.0,1.0
185,25.673,29.702,102258.16,1.1882,2.47975,-4.763,-1.511,-1.189,3.487,0.0,2.423,1.595,1.415,12065.0,0.0,1.0
186,25.673,29.702,102258.16,1.1882,2.48388,-0.638,-1.249,-1.079,3.487,0.0,2.423,1.45,1.348,12130.0,0.0,1.0
187,25.673,29.702,102256.45,1.1882,2.48238,-2.138,-1.516,-1.291,3.487,0.0,2.423,1.597,1.474,12193.0,0.0,1.0
188,25.695,29.709,102256.56,1.1881,2.48188,-2.638,-1.852,-1.56,3.487,0.0,2.423,1.766,1.621,12257.0,0.0,1.0
189,25.673,29.702,102256.56,1.1882,2.48163,-2.888,-2.163,-1.826,3.487,0.0,2.423,1.908,1.753,12321.0,0.0,1.0
190,25.673,29.702,102257.03,1.1882,2.4795,-5.013,-3.018,-2.463,3.487,0.0,2.423,2.254,2.036,12385.0,0.0,1.0
191,25.684,29.717,102259.17,1.1882,2.48438,-0.138,-2.154,-1.998,3.487,0.0,2.423,1.904,1.834,12448.0,0.0,1.0
192,25.662,29.709,102259.17,1.1883,2.4855,0.987,-1.211,-1.401,3.487,1.289,2.423,1.428,1.536,12513.0,0.0,1.0
193,25.662,29.709,102258.33,1.1882,2.48325,-1.263,-1.227,-1.373,3.487,0.0,2.423,1.437,1.52,12576.0,0.0,1.0
194,25.673,29.702,102256.45,1.1882,2.4855,0.987,-0.563,-0.901,3.487,1.289,2.423,0.973,1.232,12641.0,0.0,1.0
195,25.673,29.709,102256.45,1.1882,2.48413,-0.388,-0.51,-0.798,2.737,0.0,2.147,0.927,1.159,12704.0,0.0,1.0
196,25.673,29.709,102257.984,1.1882,2.48425,-0.263,-0.436,-0.691,2.737,0.0,2.146,0.857,1.079,12768.0,0.0,1.0
197,25.673,29.709,102258.36,1.1882,2.48063,-3.888,-1.471,-1.331,2.737,0.0,2.146,1.574,1.497,12832.0,0.0,1.0
198,25.684,29.709,102258.36,1.1882,2.48338,-1.138,-1.371,-1.292,0.987,0.0,1.289,1.519,1.475,12896.0,0.0,1.0
199,25.695,29.702,102259.95,1.1881,2.484,-0.513,-1.114,-1.136,0.987,0.0,1.289,1.369,1.383,12960.0,0.0,1.0
200,25.673,29.709,102259.11,1.1882,2.486,1.487,-0.333,-0.611,1.487,1.582,1.582,0.749,1.014,13024.0,0.0,1.0
201,25.684,29.702,102259.55,1.1882,2.48538,0.862,0.025,-0.317,0.987,1.205,1.289,0.206,0.73,13087.0,0.0,1.0
202,25.662,29.702,102258.47,1.1882,2.48263,-1.888,-0.549,-0.631,0.987,0.0,1.289,0.961,1.03,13152.0,0.0,1.0
203,25.673,29.725,102258.47,1.1882,2.4865,1.987,0.212,-0.107,1.487,1.829,1.582,0.598,0.425,13215.0,0.0,1.0
204,25.673,29.709,102258.47,1.1882,2.48813,3.612,1.232,0.637,1.487,2.466,1.582,1.44,1.035,13279.0,0.0,1.0
205,25.695,29.709,102258.19,1.1881,2.48513,0.612,1.046,0.632,0.987,1.015,1.289,1.327,1.031,13343.0,0.0,1.0
206,25.673,29.709,102258.19,1.1882,2.4885,3.987,1.929,1.303,1.487,2.591,1.582,1.802,1.481,13407.0,0.0,1.0
207,25.673,29.709,102259.89,1.1882,2.4795,-5.013,-0.154,0.04,0.987,0.0,1.289,0.509,0.259,13471.0,0.0,1.0
208,25.673,29.694,102259.55,1.1882,2.488,3.487,0.939,0.729,1.487,2.423,1.582,1.257,1.108,13535.0,0.0,1.0
209,25.673,29.709,102259.55,1.1882,2.4895,4.987,2.153,1.581,1.987,2.897,1.829,1.904,1.631,13599.0,0.0,1.0
210,25.695,29.702,102258.59,1.1881,2.483,-1.513,1.053,0.962,1.487,0.0,1.582,1.332,1.273,13663.0,0.0,1.0
211,25.673,29.709,102259.31,1.1882,2.47563,-8.888,-1.929,-1.008,1.487,0.0,1.582,1.802,1.302,13726.0,0.0,1.0
212,25.662,29.725,102259.31,1.1883,2.47913,-5.388,-2.967,-1.884,1.487,0.0,1.582,2.235,1.781,13791.0,0.0,1.0
213,25.662,29.709,102259.72,1.1883,2.48025,-4.263,-3.355,-2.36,1.487,0.0,1.582,2.376,1.993,13854.0,0.0,1.0
214,25.652,29.702,102261.25,1.1883,2.48013,-4.388,-3.665,-2.765,1.987,0.0,1.829,2.484,2.157,13919.0,0.0,1.0
215,25.652,29.709,102261.25,1.1883,2.4805,-4.013,-3.769,-3.015,1.987,0.0,1.829,2.519,2.253,13982.0,0.0,1.0
216,25.695,29.709,102258.09,1.1881,2.47825,-6.263,-4.517,-3.664,1.987,0.0,1.829,2.758,2.484,14046.0,0.0,1.0
217,25.662,29.702,102259.14,1.1883,2.48225,-2.263,-3.841,-3.384,1.987,0.0,1.829,2.543,2.387,14110.0,0.0,1.0
218,25.662,29.709,102259.14,1.1883,2.481,-3.513,-3.742,-3.41,1.987,0.0,1.829,2.51,2.396,14174.0,0.0,1.0
219,25.662,29.717,102261.016,1.1883,2.47588,-8.638,-5.211,-4.455,1.987,0.0,1.829,2.962,2.738,14237.0,0.0,1.0
220,25.673,29.709,102259.14,1.1882,2.48025,-4.263,-4.927,-4.417,1.987,0.0,1.829,2.88,2.727,14302.0,0.0,1.0
221,25.662,29.709,102259.14,1.1883,2.48063,-3.888,-4.615,-4.311,1.987,0.0,1.829,2.787,2.694,14365.0,0.0,1.0
222,25.662,29.709,102258.97,1.1883,2.48038,-4.138,-4.472,-4.276,3.487,0.0,2.423,2.743,2.683,14430.0,0.0,1.0
223,25.705,29.709,102260.164,1.1881,2.48163,-2.888,-3.997,-3.999,3.487,0.0,2.423,2.594,2.594,14493.0,0.0,1.0
224,25.673,29.709,102260.164,1.1882,2.47663,-7.888,-5.164,-4.776,3.487,0.0,2.423,2.948,2.835,14557.0,0.0,1.0
225,25.684,29.702,102258.64,1.1882,2.47888,-5.638,-5.306,-4.949,3.612,0.0,2.466,2.989,2.886,14621.0,0.0,1.0
226,25.662,29.702,102259.05,1.1883,2.48063,-3.888,-4.88,-4.736,3.487,0.0,2.423,2.866,2.823,14685.0,0.0,1.0
227,25.673,29.709,102259.05,1.1882,2.48163,-2.888,-4.283,-4.367,3.987,0.0,2.591,2.685,2.711,14748.0,0.0,1.0
228,25.695,29.709,102257.69,1.1881,2.48213,-2.388,-3.714,-3.971,3.487,0.0,2.423,2.5,2.585,14813.0,0.0,1.0
229,25.673,29.717,102257.95,1.1882,2.48225,-2.263,-3.279,-3.629,3.487,0.0,2.423,2.349,2.472,14876.0,0.0,1.0
230,25.662,29.694,102257.95,1.1882,2.48238,-2.138,-2.936,-3.331,4.987,0.0,2.897,2.223,2.368,14941.0,0.0,1.0
231,25.673,29.694,102259.38,1.1882,2.48,-4.513,-3.409,-3.567,0.0,0.0,0.0,2.396,2.45,15004.0,0.0,1.0
232,25.673,29.709,102258.36,1.1882,2.481,-3.513,-3.44,-3.556,0.0,0.0,0.0,2.406,2.447,15068.0,0.0,1.0
233,25.673,29.702,102258.36,1.1882,2.47725,-7.263,-4.587,-4.298,0.0,0.0,0.0,2.779,2.69,15131.0,0.0,1.0
234,25.662,29.702,102258.836,1.1883,2.47888,-5.638,-4.902,-4.566,0.0,0.0,0.0,2.872,2.772,15195.0,0.0,1.0
235,25.673,29.709,102258.836,1.1882,2.4815,-3.013,-4.335,-4.255,0.0,0.0,0.0,2.701,2.676,15259.0,0.0,1.0
236,25.673,29.702,102259.55,1.1882,2.47613,-8.388,-5.551,-5.082,0.0,0.0,0.0,3.057,2.925,15323.0,0.0,1.0
237,25.684,29.702,102259.99,1.1882,2.47275,-11.763,-7.415,-6.418,0.0,0.0,0.0,3.533,3.287,15386.0,0.0,1.0
238,25.673,29.702,102259.99,1.1882,2.48063,-3.888,-6.356,-5.912,0.0,0.0,0.0,3.271,3.154,15450.0,0.0,1.0
239,25.684,29.717,102261.42,1.1882,2.48163,-2.888,-5.316,-5.307,0.0,0.0,0.0,2.991,2.989,15514.0,0.0,1.0
240,25.673,29.702,102261.016,1.1882,2.4805,-4.013,-4.925,-5.048,0.0,0.0,0.0,2.879,2.915,15578.0,0.0,1.0
241,25.662,29.709,102261.016,1.1883,2.476,-8.513,-6.001,-5.741,0.0,0.0,0.0,3.178,3.108,15641.0,0.0,1.0
242,25.673,29.709,102263.22,1.1883,2.47425,-10.263,-7.28,-6.645,0.0,0.0,0.0,3.5,3.344,15705.0,0.0,1.0
243,25.673,29.709,102259.62,1.1882,2.47675,-7.763,-7.425,-6.869,0.0,0.0,0.0,3.535,3.4,15769.0,0.0,1.0
244,25.695,29.702,102259.62,1.1881,2.47688,-7.638,-7.489,-7.023,0.0,0.0,0.0,3.55,3.438,15833.0,0.0,1.0
245,25.673,29.717,102261.25,1.1882,2.4795,-5.013,-6.746,-6.621,0.0,0.0,0.0,3.37,3.338,15896.0,0.0,1.0
246,25.652,29.709,102260.81,1.1883,2.47738,-7.138,-6.863,-6.724,0.0,0.0,0.0,3.399,3.364,15960.0,0.0,1.0
247,25.673,29.725,102260.81,1.1882,2.4815,-3.013,-5.708,-5.982,0.0,0.0,0.0,3.1,3.173,16023.0,0.0,1.0
248,25.673,29.709,102258.766,1.1882,2.48025,-4.263,-5.275,-5.638,0.0,0.0,0.0,2.98,3.081,16088.0,0.0,1.0
249,25.673,29.702,102261.93,1.1882,2.47638,-8.138,-6.133,-6.138,0.0,0.0,0.0,3.213,3.214,16151.0,0.0,1.0
250,25.684,29.702,102261.93,1.1882,2.47988,-4.638,-5.685,-5.838,0.0,0.0,0.0,3.093,3.135,16215.0,0.0,1.0
251,25.684,29.709,102259.05,1.1882,2.48088,-3.638,-5.071,-5.398,0.0,0.0,0.0,2.922,3.014,16278.0,0.0,1.0
252,25.662,29.694,102258.02,1.1882,2.48075,-3.763,-4.678,-5.071,0.0,0.0,0.0,2.806,2.921,16343.0,0.0,1.0
253,25.652,29.709,102258.02,1.1883,2.47763,-6.888,-5.341,-5.434,0.0,0.0,0.0,2.998,3.024,16406.0,0.0,1.0
254,25.673,29.725,102257.85,1.1882,2.4795,-5.013,-5.243,-5.35,0.0,0.0,0.0,2.971,3.001,16470.0,0.0,1.0
255,25.673,29.694,102261.59,1.1882,2.4805,-4.013,-4.874,-5.082,0.0,0.0,0.0,2.864,2.925,16533.0,0.0,1.0
256,25.673,29.709,102261.59,1.1882,2.48013,-4.388,-4.728,-4.943,0.0,0.0,0.0,2.821,2.885,16598.0,0.0,1.0
257,25.695,29.702,102261.66,1.1881,2.47988,-4.638,-4.701,-4.882,0.0,0.0,0.0,2.813,2.867,16661.0,0.0,1.0
258,25.684,29.709,102258.09,1.1882,2.47688,-7.638,-5.582,-5.433,0.0,0.0,0.0,3.065,3.024,16724.0,0.0,1.0
259,25.684,29.709,102258.09,1.1882,2.47975,-4.763,-5.336,-5.299,0.0,0.0,0.0,2.997,2.987,16788.0,0.0,1.0
260,25.684,29.702,102261.66,1.1882,2.48063,-3.888,-4.902,-5.017,0.0,0.0,0.0,2.872,2.906,16851.0,0.0,1.0
261,25.652,29.702,102259.45,1.1883,2.48063,-3.888,-4.597,-4.791,0.0,0.0,0.0,2.782,2.84,16916.0,0.0,1.0
262,25.673,29.694,102259.45,1.1882,2.4805,-4.013,-4.422,-4.635,0.0,0.0,0.0,2.728,2.793,16979.0,0.0,1.0
263,25.684,29.709,102258.875,1.1882,2.47713,-7.388,-5.312,-5.186,0.0,0.0,0.0,2.99,2.955,17043.0,0.0,1.0
264,25.662,29.702,102258.875,1.1883,2.48088,-3.638,-4.809,-4.876,0.0,0.0,0.0,2.845,2.865,17106.0,0.0,1.0
265,25.695,29.709,102258.766,1.1881,2.4805,-4.013,-4.57,-4.703,0.0,0.0,0.0,2.774,2.814,17171.0,0.0,1.0
266,25.673,29.694,102259.66,1.1882,2.48025,-4.263,-4.478,-4.615,0.0,0.0,0.0,2.745,2.787,17234.0,0.0,1.0
267,25.662,29.725,102259.66,1.1883,2.48038,-4.138,-4.376,-4.52,0.0,0.0,0.0,2.714,2.758,17298.0,0.0,1.0
268,25.673,29.702,102259.01,1.1882,2.4815,-3.013,-3.967,-4.218,0.0,0.0,0.0,2.584,2.665,17361.0,0.0,1.0
269,25.673,29.709,102260.57,1.1882,2.48063,-3.888,-3.943,-4.152,0.0,0.0,0.0,2.576,2.644,17425.0,0.0,1.0
270,25.673,29.709,102260.57,1.1882,2.47688,-7.638,-5.052,-4.849,0.0,0.0,0.0,2.916,2.857,17489.0,0.0,1.0
271,25.662,29.694,102259.55,1.1883,2.478,-6.513,-5.49,-5.182,0.0,0.0,0.0,3.04,2.953,17553.0,0.0,1.0
272,25.673,29.702,102258.94,1.1882,2.4795,-5.013,-5.347,-5.148,0.0,0.0,0.0,3.0,2.944,17616.0,0.0,1.0
273,25.684,29.702,102258.94,1.1882,2.481,-3.513,-4.797,-4.821,0.0,0.0,0.0,2.841,2.849,17680.0,0.0,1.0
274,25.673,29.709,102258.766,1.1882,2.48013,-4.388,-4.674,-4.734,0.0,0.0,0.0,2.805,2.823,17744.0,0.0,1.0
275,25.662,29.702,102260.53,1.1883,2.47775,-6.763,-5.301,-5.14,0.0,0.0,0.0,2.987,2.941,17808.0,0.0,1.0
276,25.673,29.702,102260.53,1.1882,2.47963,-4.888,-5.177,-5.09,0.0,0.0,0.0,2.952,2.927,17871.0,0.0,1.0
277,25.673,29.709,102259.86,1.1882,2.47825,-6.263,-5.502,-5.324,0.0,0.0,0.0,3.043,2.994,17935.0,0.0,1.0
278,25.673,29.702,102259.55,1.1882,2.48088,-3.638,-4.943,-4.987,0.0,0.0,0.0,2.884,2.897,17998.0,0.0,1.0
279,25.673,29.702,102259.55,1.1882,2.48113,-3.388,-4.476,-4.667,0.0,0.0,0.0,2.745,2.803,18063.0,0.0,1.0
280,25.673,29.709,102262.336,1.1882,2.47875,-5.763,-4.862,-4.886,0.0,0.0,0.0,2.861,2.868,18126.0,0.0,1.0
281,25.684,29.694,102259.62,1.1882,2.48125,-3.263,-4.382,-4.561,0.0,0.0,0.0,2.716,2.771,18190.0,0.0,1.0
282,25.673,29.709,102259.62,1.1882,2.4795,-5.013,-4.572,-4.652,0.0,0.0,0.0,2.774,2.798,18253.0,0.0,1.0
283,25.673,29.709,102258.94,1.1882,2.47838,-6.138,-5.041,-4.949,0.0,0.0,0.0,2.913,2.886,18318.0,0.0,1.0
284,25.673,29.709,102260.195,1.1882,2.47738,-7.138,-5.67,-5.387,0.0,0.0,0.0,3.089,3.011,18381.0,0.0,1.0
285,25.662,29.702,102260.195,1.1883,2.48075,-3.763,-5.098,-5.062,0.0,0.0,0.0,2.929,2.919,18445.0,0.0,1.0
286,25.673,29.702,102257.75,1.1882,2.48,-4.513,-4.922,-4.952,0.0,0.0,0.0,2.878,2.887,18508.0,0.0,1.0
287,25.684,29.709,102259.45,1.1882,2.478,-6.513,-5.4,-5.264,0.0,0.0,0.0,3.015,2.977,18572.0,0.0,1.0
288,25.662,29.702,102259.45,1.1883,2.4805,-4.013,-4.983,-5.014,0.0,0.0,0.0,2.896,2.905,18636.0,0.0,1.0
289,25.684,29.709,102260.98,1.1882,2.4805,-4.013,-4.692,-4.814,0.0,0.0,0.0,2.81,2.846,18700.0,0.0,1.0
290,25.673,29.702,102260.03,1.1882,2.48025,-4.263,-4.563,-4.703,0.0,0.0,0.0,2.771,2.814,18763.0,0.0,1.0
291,25.662,29.694,102260.03,1.1883,2.47788,-6.638,-5.186,-5.09,0.0,0.0,0.0,2.954,2.927,18827.0,0.0,1.0
292,25.662,29.702,102260.81,1.1883,2.478,-6.513,-5.584,-5.375,0.0,0.0,0.0,3.066,3.008,18891.0,0.0,1.0
293,25.673,29.702,102260.81,1.1882,2.48075,-3.763,-5.037,-5.052,0.0,0.0,0.0,2.912,2.916,18955.0,0.0,1.0
294,25.673,29.709,102259.516,1.1882,2.48113,-3.388,-4.542,-4.719,0.0,0.0,0.0,2.765,2.818,19018.0,0.0,1.0
295,25.662,29.709,102261.66,1.1883,2.4805,-4.013,-4.384,-4.578,0.0,0.0,0.0,2.716,2.776,19082.0,0.0,1.0
296,25.673,29.709,102261.66,1.1882,2.48163,-2.888,-3.935,-4.24,0.0,0.0,0.0,2.573,2.671,19145.0,0.0,1.0
297,25.673,29.717,102259.34,1.1882,2.47763,-6.888,-4.821,-4.77,0.0,0.0,0.0,2.849,2.833,19210.0,0.0,1.0
298,25.673,29.709,102262.44,1.1882,2.481,-3.513,-4.428,-4.518,0.0,0.0,0.0,2.73,2.758,19273.0,0.0,1.0
299,25.673,29.694,102262.44,1.1883,2.4815,-3.013,-4.004,-4.217,0.0,0.0,0.0,2.596,2.664,19337.0,0.0,1.0
300,25.662,29.709,102259.95,1.1883,2.47838,-6.138,-4.644,-4.601,0.0,0.0,0.0,2.796,2.783,19400.0,0.0,1.0
301,25.652,29.694,102260.41,1.1883,2.48238,-2.138,-3.892,-4.108,0.0,0.0,0.0,2.559,2.63,19465.0,0.0,1.0
302,25.662,29.709,102260.41,1.1883,2.48125,-3.263,-3.703,-3.939,0.0,0.0,0.0,2.497,2.575,19528.0,0.0,1.0
303,25.673,29.709,102259.86,1.1882,2.48038,-4.138,-3.834,-3.979,0.0,0.0,0.0,2.54,2.588,19592.0,0.0,1.0
304,25.684,29.709,102261.25,1.1882,2.478,-6.513,-4.637,-4.486,0.0,0.0,0.0,2.794,2.748,19655.0,0.0,1.0
305,25.662,29.702,102261.25,1.1883,2.48075,-3.763,-4.375,-4.341,0.0,0.0,0.0,2.714,2.703,19720.0,0.0,1.0
306,25.662,29.702,102261.484,1.1883,2.48038,-4.138,-4.304,-4.3,0.0,0.0,0.0,2.691,2.69,19783.0,0.0,1.0
307,25.684,29.702,102260.91,1.1882,2.48213,-2.388,-3.729,-3.918,0.0,0.0,0.0,2.505,2.568,19847.0,0.0,1.0
308,25.673,29.709,102260.91,1.1882,2.48138,-3.138,-3.552,-3.762,0.0,0.0,0.0,2.445,2.516,19910.0,0.0,1.0
309,25.662,29.709,102260.3,1.1883,2.4775,-7.013,-4.59,-4.412,0.0,0.0,0.0,2.779,2.725,19974.0,0.0,1.0
310,25.673,29.709,102258.7,1.1882,2.4765,-8.013,-5.617,-5.132,0.0,0.0,0.0,3.075,2.939,20038.0,0.0,1.0
311,25.673,29.709,102258.7,1.1882,2.48075,-3.763,-5.061,-4.858,0.0,0.0,0.0,2.919,2.86,20102.0,193.0,1.0
312,25.662,29.709,102264.2,1.1883,2.47638,-8.138,-5.984,-5.514,0.0,0.0,0.0,3.173,3.046,20165.0,193.0,1.0
313,25.673,29.725,102258.59,1.1882,2.4805,-4.013,-5.392,-5.214,0.0,0.0,0.0,3.013,2.962,20230.0,193.0,1.0
314,25.673,29.709,102258.59,1.1882,2.48113,-3.388,-4.791,-4.849,0.0,0.0,0.0,2.84,2.857,20293.0,193.0,1.0
315,25.684,29.702,102258.09,1.1882,2.47963,-4.888,-4.82,-4.856,0.0,0.0,0.0,2.848,2.859,20357.0,193.0,1.0
316,25.684,29.725,102256.91,1.1881,2.48113,-3.388,-4.39,-4.563,0.0,0.0,0.0,2.718,2.771,20420.0,193.0,1.0
317,25.684,29.709,102256.91,1.1881,2.47963,-4.888,-4.539,-4.628,0.0,0.0,0.0,2.764,2.791,20485.0,193.0,1.0
318,25.673,29.702,102260.06,1.1882,2.47963,-4.888,-4.644,-4.68,0.0,0.0,0.0,2.796,2.807,20548.0,193.0,1.0
319,25.652,29.717,102258.53,1.1883,2.47838,-6.138,-5.092,-4.971,0.0,0.0,0.0,2.928,2.893,20612.0,193.0,1.0
320,25.673,29.709,102258.53,1.1882,2.47975,-4.763,-4.993,-4.93,0.0,0.0,0.0,2.899,2.881,20676.0,193.0,1.0
321,25.684,29.709,102258.59,1.1882,2.47863,-5.888,-5.262,-5.121,0.0,0.0,0.0,2.976,2.936,20740.0,193.0,1.0
322,25.662,29.702,102258.59,1.1883,2.48038,-4.138,-4.924,-4.924,0.0,0.0,0.0,2.879,2.879,20803.0,193.0,1.0
323,25.662,29.702,102257.92,1.1882,2.47963,-4.888,-4.913,-4.917,0.0,0.0,0.0,2.876,2.877,20868.0,193.0,1.0
324,25.684,29.709,102259.83,1.1882,2.47775,-6.763,-5.468,-5.286,0.0,0.0,0.0,3.034,2.983,20931.0,193.0,1.0
325,25.662,29.725,102259.83,1.1883,2.47775,-6.763,-5.857,-5.582,0.0,0.0,0.0,3.14,3.065,20995.0,193.0,1.0
326,25.673,29.709,102258.09,1.1882,2.47925,-5.263,-5.678,-5.518,0.0,0.0,0.0,3.092,3.048,21059.0,193.0,1.0
327,25.684,29.725,102258.36,1.1882,2.478,-6.513,-5.929,-5.717,0.0,0.0,0.0,3.159,3.102,21123.0,193.0,1.0
328,25.673,29.709,102258.36,1.1882,2.4795,-5.013,-5.654,-5.576,0.0,0.0,0.0,3.085,3.064,21186.0,193.0,1.0
329,25.662,29.709,102258.67,1.1883,2.47863,-5.888,-5.724,-5.638,0.0,0.0,0.0,3.104,3.081,21251.0,193.0,1.0
330,25.695,29.702,102259.516,1.1881,2.47913,-5.388,-5.623,-5.588,0.0,0.0,0.0,3.077,3.067,21314.0,193.0,1.0
331,25.662,29.694,102259.516,1.1883,2.47963,-4.888,-5.402,-5.448,0.0,0.0,0.0,3.015,3.028,21378.0,193.0,1.0
332,25.673,29.709,102259.95,1.1882,2.48163,-2.888,-4.648,-4.936,0.0,0.0,0.0,2.797,2.882,21442.0,193.0,1.0
333,25.673,29.702,102260.3,1.1882,2.48263,-1.888,-3.82,-4.326,0.0,0.0,0.0,2.536,2.699,21506.0,193.0,1.0
334,25.684,29.709,102260.3,1.1882,2.48025,-4.263,-3.953,-4.314,0.0,0.0,0.0,2.579,2.695,21569.0,193.0,1.0
335,25.662,29.709,102256.39,1.1882,2.4785,-6.013,-4.571,-4.653,0.0,0.0,0.0,2.774,2.799,21634.0,193.0,1.0
336,25.673,29.709,102257.58,1.1882,2.481,-3.513,-4.253,-4.425,0.0,0.0,0.0,2.676,2.729,21697.0,193.0,1.0
337,25.673,29.709,102257.58,1.1882,2.48175,-2.763,-3.806,-4.093,0.0,0.0,0.0,2.531,2.625,21761.0,193.0,1.0
338,25.673,29.725,102257.984,1.1882,2.478,-6.513,-4.618,-4.577,0.0,0.0,0.0,2.788,2.776,21825.0,193.0,1.0
339,25.662,29.709,102258.766,1.1883,2.47925,-5.263,-4.811,-4.714,0.0,0.0,0.0,2.846,2.817,21889.0,193.0,1.0
340,25.662,29.694,102258.766,1.1883,2.48138,-3.138,-4.309,-4.399,0.0,0.0,0.0,2.693,2.721,21952.0,193.0,1.0
341,25.673,29.702,102258.94,1.1882,2.47975,-4.763,-4.445,-4.471,0.0,0.0,0.0,2.735,2.743,22017.0,193.0,1.0
342,25.673,29.702,102258.36,1.1882,2.47963,-4.888,-4.578,-4.555,0.0,0.0,0.0,2.776,2.769,22080.0,193.0,1.0
343,25.673,29.717,102258.36,1.1882,2.47825,-6.263,-5.083,-4.896,0.0,0.0,0.0,2.925,2.871,22144.0,193.0,1.0
344,25.684,29.709,102259.45,1.1882,2.47388,-10.638,-6.75,-6.045,0.0,0.0,0.0,3.371,3.19,22208.0,193.0,1.0
345,25.684,29.702,102258.875,1.1882,2.48075,-3.763,-5.854,-5.588,0.0,0.0,0.0,3.139,3.067,22272.0,193.0,1.0
346,25.695,29.709,102258.875,1.1881,2.47913,-5.388,-5.714,-5.548,0.0,0.0,0.0,3.101,3.056,22335.0,193.0,1.0
347,25.652,29.702,102257.65,1.1883,2.4775,-7.013,-6.103,-5.841,0.0,0.0,0.0,3.205,3.135,22400.0,193.0,1.0
348,25.673,29.694,102258.43,1.1882,2.47913,-5.388,-5.889,-5.75,0.0,0.0,0.0,3.148,3.111,22463.0,193.0,1.0
349,25.673,29.725,102258.43,1.1882,2.4795,-5.013,-5.626,-5.603,0.0,0.0,0.0,3.077,3.071,22526.0,193.0,1.0
350,25.662,29.709,102257.41,1.1882,2.479,-5.513,-5.592,-5.585,0.0,0.0,0.0,3.068,3.066,22591.0,193.0,1.0
351,25.673,29.702,102259.01,1.1882,2.481,-3.513,-4.968,-5.17,0.0,0.0,0.0,2.892,2.95,22654.0,193.0,1.0
352,25.673,29.709,102259.01,1.1882,2.4795,-5.013,-4.982,-5.139,0.0,0.0,0.0,2.896,2.941,22718.0,193.0,1.0
353,25.662,29.709,102258.43,1.1882,2.47775,-6.763,-5.516,-5.464,0.0,0.0,0.0,3.047,3.033,22782.0,193.0,1.0
354,25.662,29.702,102258.43,1.1882,2.47375,-10.763,-7.09,-6.523,0.0,0.0,0.0,3.454,3.314,22846.0,193.0,1.0
355,25.662,29.709,102261.15,1.1883,2.48088,-3.638,-6.054,-5.946,0.0,0.0,0.0,3.192,3.164,22909.0,193.0,1.0
356,25.684,29.702,102258.5,1.1882,2.47475,-9.763,-7.167,-6.71,0.0,0.0,0.0,3.473,3.361,22974.0,193.0,1.0
357,25.662,29.709,102258.5,1.1882,2.47825,-6.263,-6.896,-6.62,0.0,0.0,0.0,3.407,3.338,23037.0,193.0,1.0
358,25.652,29.702,102259.11,1.1883,2.47238,-12.138,-8.468,-7.724,0.0,0.0,0.0,3.775,3.605,23101.0,193.0,1.0
359,25.662,29.709,102258.09,1.1882,2.47975,-4.763,-7.357,-7.132,0.0,0.0,0.0,3.519,3.465,23165.0,193.0,1.0
360,25.673,29.702,102258.09,1.1882,2.478,-6.513,-7.103,-7.008,0.0,0.0,0.0,3.458,3.434,23229.0,193.0,1.0
361,25.652,29.732,102258.16,1.1883,2.47688,-7.638,-7.264,-7.134,0.0,0.0,0.0,3.496,3.465,23292.0,193.0,1.0
362,25.673,29.709,102257.41,1.1882,2.47563,-8.888,-7.751,-7.485,0.0,0.0,0.0,3.612,3.549,23357.0,193.0,1.0
363,25.673,29.717,102257.41,1.1882,2.48113,-3.388,-6.442,-6.665,0.0,0.0,0.0,3.293,3.349,23420.0,193.0,1.0
364,25.673,29.709,102258.33,1.1882,2.47888,-5.638,-6.201,-6.46,0.0,0.0,0.0,3.231,3.297,23484.0,193.0,1.0
365,25.652,29.709,102260.36,1.1883,2.4805,-4.013,-5.544,-5.97,0.0,0.0,0.0,3.055,3.17,23548.0,193.0,1.0
366,25.684,29.709,102260.36,1.1882,2.4735,-11.013,-7.185,-6.979,0.0,0.0,0.0,3.478,3.427,23612.0,193.0,1.0
367,25.673,29.709,102256.39,1.1882,2.48163,-2.888,-5.896,-6.161,0.0,0.0,0.0,3.15,3.22,23675.0,193.0,1.0
368,25.662,29.709,102258.59,1.1882,2.47938,-5.138,-5.668,-5.956,0.0,0.0,0.0,3.089,3.166,23740.0,193.0,1.0
369,25.673,29.717,102258.59,1.1882,2.48063,-3.888,-5.134,-5.542,0.0,0.0,0.0,2.94,3.054,23803.0,193.0,1.0
370,25.695,29.709,102258.766,1.1881,2.477,-7.513,-5.848,-5.936,0.0,0.0,0.0,3.137,3.161,23867.0,193.0,1.0
371,25.652,29.717,102259.45,1.1883,2.47838,-6.138,-5.935,-5.977,0.0,0.0,0.0,3.16,3.172,23930.0,193.0,1.0
372,25.662,29.709,102259.45,1.1883,2.47875,-5.763,-5.883,-5.934,0.0,0.0,0.0,3.147,3.16,23995.0,193.0,1.0
373,25.673,29.709,102260.195,1.1882,2.477,-7.513,-6.372,-6.25,0.0,0.0,0.0,3.275,3.243,24058.0,193.0,1.0
374,25.684,29.725,102259.28,1.1882,2.48,-4.513,-5.814,-5.902,0.0,0.0,0.0,3.128,3.152,24122.0,193.0,1.0
375,25.684,29.709,102259.28,1.1882,2.48138,-3.138,-5.011,-5.349,0.0,0.0,0.0,2.904,3.001,24186.0,193.0,1.0
376,25.673,29.702,102258.836,1.1882,2.47988,-4.638,-4.899,-5.207,0.0,0.0,0.0,2.872,2.96,24250.0,193.0,1.0
377,25.673,29.709,102260.3,1.1882,2.47663,-7.888,-5.796,-5.743,0.0,0.0,0.0,3.123,3.109,24313.0,193.0,1.0
378,25.695,29.702,102260.3,1.1881,2.47363,-10.888,-7.323,-6.772,0.0,0.0,0.0,3.511,3.376,24378.0,193.0,1.0
379,25.684,29.725,102260.125,1.1882,2.47938,-5.138,-6.668,-6.445,0.0,0.0,0.0,3.35,3.294,24441.0,193.0,1.0
380,25.684,29.709,102257.58,1.1881,2.48188,-2.638,-5.459,-5.684,0.0,0.0,0.0,3.031,3.093,24505.0,193.0,1.0
381,25.662,29.717,102257.58,1.1882,2.48125,-3.263,-4.8,-5.199,0.0,0.0,0.0,2.842,2.958,24569.0,193.0,1.0
382,25.673,29.717,102259.516,1.1882,2.47875,-5.763,-5.089,-5.312,0.0,0.0,0.0,2.927,2.99,24633.0,193.0,1.0
383,25.673,29.725,102258.94,1.1882,2.48075,-3.763,-4.691,-5.002,0.0,0.0,0.0,2.81,2.902,24696.0,193.0,1.0
384,25.673,29.725,102258.94,1.1882,2.4775,-7.013,-5.387,-5.404,0.0,0.0,0.0,3.011,3.016,24761.0,193.0,1.0
385,25.662,29.725,102259.95,1.1883,2.4795,-5.013,-5.275,-5.326,0.0,0.0,0.0,2.98,2.994,24824.0,193.0,1.0
386,25.662,29.709,102259.95,1.1883,2.4805,-4.013,-4.896,-5.063,0.0,0.0,0.0,2.871,2.919,24888.0,193.0,1.0
387,25.662,29.709,102258.766,1.1883,2.47888,-5.638,-5.119,-5.178,0.0,0.0,0.0,2.935,2.952,24952.0,193.0,1.0
388,25.662,29.709,102258.67,1.1883,2.47913,-5.388,-5.199,-5.22,0.0,0.0,0.0,2.958,2.964,25016.0,193.0,1.0
389,25.662,29.709,102258.67,1.1883,2.478,-6.513,-5.593,-5.479,0.0,0.0,0.0,3.068,3.037,25079.0,193.0,1.0
390,25.695,29.702,102255.61,1.1881,2.4665,-18.013,-9.319,-7.985,0.0,0.0,0.0,3.961,3.666,25144.0,193.0,1.0
391,25.673,29.725,102257.75,1.1882,2.47275,-11.763,-10.052,-8.741,0.0,0.0,0.0,4.113,3.836,25207.0,193.0,1.0
392,25.662,29.709,102257.75,1.1882,2.4815,-3.013,-7.94,-7.595,0.0,0.0,0.0,3.656,3.575,25271.0,193.0,1.0
393,25.684,29.702,102259.86,1.1882,2.48025,-4.263,-6.837,-6.929,0.0,0.0,0.0,3.392,3.415,25335.0,193.0,1.0
394,25.673,29.709,102261.15,1.1882,2.47888,-5.638,-6.477,-6.671,0.0,0.0,0.0,3.302,3.351,25399.0,193.0,1.0
395,25.662,29.725,102261.15,1.1883,2.47588,-8.638,-7.125,-7.064,0.0,0.0,0.0,3.463,3.448,25462.0,193.0,1.0
396,25.673,29.709,102258.09,1.1882,2.4785,-6.013,-6.792,-6.854,0.0,0.0,0.0,3.381,3.397,25527.0,193.0,1.0
397,25.673,29.709,102258.36,1.1882,2.47825,-6.263,-6.633,-6.736,0.0,0.0,0.0,3.341,3.367,25590.0,193.0,1.0
398,25.684,29.725,102258.36,1.1882,2.48088,-3.638,-5.734,-6.116,0.0,0.0,0.0,3.107,3.209,25654.0,193.0,1.0
399,25.684,29.725,102259.11,1.1882,2.47938,-5.138,-5.555,-5.92,0.0,0.0,0.0,3.058,3.157,25718.0,193.0,1.0
400,25.673,29.709,102258.33,1.1882,2.4765,-8.013,-6.293,-6.339,0.0,0.0,0.0,3.255,3.266,25782.0,193.0,1.0
401,25.673,29.709,102258.33,1.1882,2.47438,-10.138,-7.446,-7.099,0.0,0.0,0.0,3.54,3.457,25845.0,193.0,1.0
402,25.652,29.702,102256.45,1.1883,2.47888,-5.638,-6.904,-6.806,0.0,0.0,0.0,3.409,3.385,25910.0,193.0,1.0
403,25.673,29.732,102259.79,1.1882,2.47838,-6.138,-6.674,-6.673,0.0,0.0,0.0,3.352,3.351,25973.0,193.0,1.0
404,25.684,29.725,102259.79,1.1882,2.47725,-7.263,-6.85,-6.791,0.0,0.0,0.0,3.396,3.381,26037.0,193.0,1.0
405,25.673,29.709,102255.03,1.1882,2.47563,-8.888,-7.462,-7.21,0.0,0.0,0.0,3.544,3.484,26101.0,193.0,1.0
406,25.673,29.725,102257.17,1.1882,2.47938,-5.138,-6.764,-6.796,0.0,0.0,0.0,3.374,3.382,26165.0,193.0,1.0
407,25.673,29.709,102257.17,1.1882,2.47425,-10.263,-7.814,-7.489,0.0,0.0,0.0,3.627,3.55,26228.0,193.0,1.0
408,25.652,29.709,102257.81,1.1883,2.47875,-5.763,-7.199,-7.144,0.0,0.0,0.0,3.481,3.468,26293.0,193.0,1.0
409,25.662,29.725,102258.7,1.1882,2.47663,-7.888,-7.405,-7.293,0.0,0.0,0.0,3.53,3.503,26356.0,193.0,1.0
410,25.684,29.709,102258.7,1.1882,2.47863,-5.888,-6.95,-7.012,0.0,0.0,0.0,3.42,3.435,26420.0,193.0,1.0
411,25.662,29.732,102257.75,1.1882,2.47925,-5.263,-6.444,-6.662,0.0,0.0,0.0,3.293,3.349,26484.0,193.0,1.0
412,25.652,29.725,102259.01,1.1883,2.47525,-9.263,-7.289,-7.182,0.0,0.0,0.0,3.503,3.477,26548.0,193.0,1.0
413,25.673,29.709,102259.01,1.1882,2.4745,-10.013,-8.106,-7.748,0.0,0.0,0.0,3.694,3.611,26611.0,193.0,1.0
414,25.673,29.725,102259.17,1.1882,2.47875,-5.763,-7.403,-7.351,0.0,0.0,0.0,3.53,3.518,26676.0,193.0,1.0
415,25.662,29.702,102258.3,1.1882,2.47925,-5.263,-6.761,-6.933,0.0,0.0,0.0,3.373,3.416,26739.0,193.0,1.0
416,25.673,29.725,102258.3,1.1882,2.47938,-5.138,-6.274,-6.574,0.0,0.0,0.0,3.25,3.327,26803.0,193.0,1.0
417,25.662,29.709,102257.72,1.1882,2.47625,-8.263,-6.871,-6.912,0.0,0.0,0.0,3.401,3.411,26867.0,193.0,1.0
418,25.652,29.717,102257.72,1.1883,2.47788,-6.638,-6.801,-6.857,0.0,0.0,0.0,3.383,3.397,26931.0,193.0,1.0
419,25.662,29.717,102257.27,1.1882,2.47975,-4.763,-6.189,-6.438,0.0,0.0,0.0,3.228,3.292,26994.0,193.0,1.0
420,25.662,29.725,102260.44,1.1883,2.4805,-4.013,-5.536,-5.953,0.0,0.0,0.0,3.053,3.165,27059.0,193.0,1.0
421,25.673,29.725,102260.44,1.1882,2.48038,-4.138,-5.117,-5.59,0.0,0.0,0.0,2.935,3.067,27122.0,193.0,1.0
422,25.673,29.725,102256.19,1.1882,2.48063,-3.888,-4.748,-5.25,0.0,0.0,0.0,2.827,2.973,27186.0,193.0,1.0
423,25.673,29.717,102255.58,1.1882,2.48125,-3.263,-4.302,-4.852,0.0,0.0,0.0,2.691,2.858,27250.0,193.0,1.0
424,25.684,29.725,102255.58,1.1881,2.47538,-9.138,-5.753,-5.709,0.0,0.0,0.0,3.112,3.1,27314.0,193.0,1.0
425,25.673,29.725,102255.67,1.1882,2.47725,-7.263,-6.206,-6.02,0.0,0.0,0.0,3.232,3.183,27377.0,193.0,1.0
426,25.662,29.725,102259.66,1.1883,2.48113,-3.388,-5.36,-5.493,0.0,0.0,0.0,3.004,3.041,27442.0,193.0,1.0
427,25.652,29.732,102259.66,1.1883,2.48125,-3.263,-4.731,-5.047,0.0,0.0,0.0,2.822,2.915,27505.0,193.0,1.0
428,25.673,29.725,102259.14,1.1882,2.47988,-4.638,-4.703,-4.965,0.0,0.0,0.0,2.814,2.891,27569.0,193.0,1.0
429,25.673,29.732,102255.06,1.1882,2.47488,-9.638,-6.183,-5.9,0.0,0.0,0.0,3.226,3.151,27633.0,193.0,1.0
430,25.673,29.725,102255.06,1.1882,2.47975,-4.763,-5.757,-5.672,0.0,0.0,0.0,3.113,3.09,27697.0,193.0,1.0
431,25.662,29.732,102257.55,1.1882,2.47975,-4.763,-5.459,-5.49,0.0,0.0,0.0,3.031,3.04,27760.0,193.0,1.0
432,25.662,29.74,102261.31,1.1883,2.4795,-5.013,-5.325,-5.395,0.0,0.0,0.0,2.994,3.013,27825.0,193.0,1.0
433,25.684,29.725,102261.31,1.1882,2.48175,-2.763,-4.556,-4.868,0.0,0.0,0.0,2.769,2.863,27888.0,193.0,1.0
434,25.652,29.717,102257.81,1.1883,2.4795,-5.013,-4.693,-4.897,0.0,0.0,0.0,2.811,2.871,27952.0,193.0,1.0
435,25.662,29.732,102259.45,1.1883,2.48063,-3.888,-4.452,-4.695,0.0,0.0,0.0,2.737,2.811,28016.0,193.0,1.0
436,25.662,29.725,102259.45,1.1883,2.47938,-5.138,-4.657,-4.784,0.0,0.0,0.0,2.8,2.838,28080.0,193.0,1.0
437,25.673,29.725,102258.94,1.1882,2.47838,-6.138,-5.101,-5.055,0.0,0.0,0.0,2.93,2.917,28143.0,193.0,1.0
438,25.684,29.725,102260.47,1.1882,2.47713,-7.388,-5.787,-5.521,0.0,0.0,0.0,3.121,3.049,28208.0,193.0,1.0
439,25.684,29.725,102260.47,1.1882,2.48063,-3.888,-5.217,-5.195,0.0,0.0,0.0,2.963,2.957,28271.0,193.0,1.0
440,25.673,29.709,102259.45,1.1882,2.47963,-4.888,-5.118,-5.133,0.0,0.0,0.0,2.935,2.939,28335.0,193.0,1.0
441,25.673,29.74,102262.336,1.1882,2.4775,-7.013,-5.687,-5.509,0.0,0.0,0.0,3.094,3.045,28399.0,193.0,1.0
442,25.662,29.725,102262.336,1.1883,2.47738,-7.138,-6.122,-5.835,0.0,0.0,0.0,3.21,3.134,28463.0,193.0,1.0
443,25.684,29.717,102260.875,1.1882,2.47875,-5.763,-6.014,-5.82,0.0,0.0,0.0,3.182,3.13,28526.0,193.0,1.0
444,25.673,29.717,102262.61,1.1882,2.48138,-3.138,-5.151,-5.284,0.0,0.0,0.0,2.945,2.982,28591.0,193.0,1.0
445,25.652,29.725,102262.61,1.1883,2.48138,-3.138,-4.547,-4.855,0.0,0.0,0.0,2.766,2.858,28654.0,193.0,1.0
446,25.673,29.709,102260.64,1.1882,2.47763,-6.888,-5.249,-5.261,0.0,0.0,0.0,2.972,2.976,28718.0,193.0,1.0
447,25.652,29.74,102259.11,1.1883,2.47738,-7.138,-5.816,-5.636,0.0,0.0,0.0,3.129,3.08,28782.0,193.0,1.0
448,25.673,29.732,102259.11,1.1882,2.47763,-6.888,-6.137,-5.887,0.0,0.0,0.0,3.214,3.148,28846.0,193.0,1.0
449,25.695,29.717,102259.516,1.1881,2.47863,-5.888,-6.062,-5.887,0.0,0.0,0.0,3.195,3.148,28909.0,193.0,1.0
450,25.662,29.732,102259.516,1.1883,2.48163,-2.888,-5.11,-5.287,0.0,0.0,0.0,2.933,2.983,28974.0,193.0,1.0
451,25.673,29.725,102260.125,1.1882,2.478,-6.513,-5.531,-5.532,0.0,0.0,0.0,3.051,3.052,29037.0,193.0,1.0
452,25.662,29.717,102258.43,1.1882,2.47825,-6.263,-5.75,-5.678,0.0,0.0,0.0,3.111,3.092,29101.0,193.0,1.0
453,25.673,29.709,102258.43,1.1882,2.47925,-5.263,-5.604,-5.595,0.0,0.0,0.0,3.071,3.069,29165.0,193.0,1.0
454,25.684,29.717,102259.17,1.1882,2.4775,-7.013,-6.027,-5.879,0.0,0.0,0.0,3.185,3.146,29229.0,193.0,1.0
455,25.684,29.725,102258.766,1.1882,2.48088,-3.638,-5.31,-5.43,0.0,0.0,0.0,2.99,3.023,29292.0,193.0,1.0
456,25.673,29.732,102258.766,1.1882,2.47513,-9.388,-6.533,-6.222,0.0,0.0,0.0,3.316,3.236,29357.0,193.0,1.0
457,25.662,29.732,102260.81,1.1883,2.48188,-2.638,-5.365,-5.505,0.0,0.0,0.0,3.005,3.044,29420.0,193.0,1.0
458,25.652,29.725,102259.45,1.1883,2.47825,-6.263,-5.634,-5.657,0.0,0.0,0.0,3.079,3.086,29484.0,193.0,1.0
459,25.673,29.732,102259.45,1.1882,2.4805,-4.013,-5.148,-5.328,0.0,0.0,0.0,2.944,2.995,29548.0,193.0,1.0
460,25.662,29.732,102259.86,1.1883,2.47563,-8.888,-6.27,-6.04,0.0,0.0,0.0,3.248,3.188,29612.0,193.0,1.0
461,25.673,29.725,102259.69,1.1882,2.48038,-4.138,-5.63,-5.659,0.0,0.0,0.0,3.078,3.086,29675.0,193.0,1.0
462,25.652,29.725,102259.69,1.1883,2.48088,-3.638,-5.032,-5.255,0.0,0.0,0.0,2.91,2.974,29740.0,193.0,1.0
463,25.673,29.732,102261.555,1.1882,2.47788,-6.638,-5.514,-5.532,0.0,0.0,0.0,3.046,3.051,29803.0,193.0,1.0
464,25.673,29.725,102260.53,1.1882,2.47688,-7.638,-6.151,-5.953,0.0,0.0,0.0,3.218,3.165,29867.0,193.0,1.0
465,25.662,29.725,102260.53,1.1883,2.47988,-4.638,-5.697,-5.69,0.0,0.0,0.0,3.097,3.095,29931.0,193.0,1.0
466,25.684,29.725,102259.28,1.1882,2.48,-4.513,-5.342,-5.454,0.0,0.0,0.0,2.999,3.03,29995.0,193.0,1.0
467,25.695,29.725,102259.28,1.1881,2.48013,-4.388,-5.056,-5.241,0.0,0.0,0.0,2.917,2.97,30058.0,193.0,1.0
468,25.673,29.717,102259.28,1.1882,2.473,-11.513,-6.993,-6.495,0.0,0.0,0.0,3.431,3.307,30123.0,193.0,1.0
469,25.652,29.725,102258.5,1.1883,2.4805,-4.013,-6.099,-5.999,0.0,0.0,0.0,3.204,3.178,30186.0,193.0,1.0
470,25.673,29.725,102261.31,1.1882,2.48088,-3.638,-5.36,-5.527,0.0,0.0,0.0,3.004,3.05,30249.0,193.0,1.0
471,25.662,29.717,102261.31,1.1883,2.47938,-5.138,-5.294,-5.449,0.0,0.0,0.0,2.985,3.028,30314.0,193.0,1.0
472,25.662,29.717,102259.62,1.1883,2.47875,-5.763,-5.434,-5.512,0.0,0.0,0.0,3.024,3.046,30377.0,193.0,1.0
473,25.673,29.725,102258.59,1.1882,2.48125,-3.263,-4.783,-5.062,0.0,0.0,0.0,2.837,2.919,30441.0,193.0,1.0
474,25.641,29.709,102258.59,1.1883,2.4805,-4.013,-4.552,-4.852,0.0,0.0,0.0,2.768,2.858,30505.0,193.0,1.0
475,25.673,29.725,102258.16,1.1882,2.4775,-7.013,-5.29,-5.284,0.0,0.0,0.0,2.984,2.982,30569.0,193.0,1.0
476,25.673,29.725,102260.03,1.1882,2.478,-6.513,-5.657,-5.53,0.0,0.0,0.0,3.086,3.051,30632.0,193.0,1.0
477,25.673,29.725,102260.03,1.1882,2.47813,-6.388,-5.876,-5.701,0.0,0.0,0.0,3.145,3.098,30697.0,193.0,1.0
478,25.652,29.732,102258.33,1.1883,2.47825,-6.263,-5.992,-5.814,0.0,0.0,0.0,3.176,3.128,30760.0,193.0,1.0
479,25.652,29.725,102260.3,1.1883,2.47688,-7.638,-6.486,-6.178,0.0,0.0,0.0,3.304,3.225,30824.0,193.0,1.0
480,25.662,29.725,102260.3,1.1883,2.47713,-7.388,-6.756,-6.42,0.0,0.0,0.0,3.372,3.287,30888.0,193.0,1.0
481,25.673,29.725,102261.31,1.1882,2.47725,-7.263,-6.908,-6.589,0.0,0.0,0.0,3.41,3.33,30952.0,193.0,1.0
482,25.673,29.732,102261.31,1.1882,2.478,-6.513,-6.79,-6.574,0.0,0.0,0.0,3.381,3.326,31015.0,193.0,1.0
483,25.695,29.725,102260.77,1.1881,2.47725,-7.263,-6.932,-6.711,0.0,0.0,0.0,3.416,3.361,31080.0,193.0,1.0
484,25.662,29.732,102263.52,1.1883,2.4775,-7.013,-6.956,-6.772,0.0,0.0,0.0,3.422,3.376,31143.0,193.0,1.0
485,25.684,29.732,102263.52,1.1882,2.47525,-9.263,-7.648,-7.27,0.0,0.0,0.0,3.588,3.498,31207.0,193.0,1.0
486,25.684,29.732,102262.5,1.1882,2.47538,-9.138,-8.095,-7.643,0.0,0.0,0.0,3.691,3.587,31271.0,193.0,1.0
487,25.673,29.732,102260.64,1.1882,2.47788,-6.638,-7.658,-7.442,0.0,0.0,0.0,3.59,3.539,31335.0,193.0,1.0
488,25.684,29.725,102260.64,1.1882,2.47913,-5.388,-6.977,-7.031,0.0,0.0,0.0,3.427,3.44,31398.0,193.0,1.0
489,25.684,29.725,102263.016,1.1882,2.47938,-5.138,-6.425,-6.653,0.0,0.0,0.0,3.289,3.346,31463.0,193.0,1.0
490,25.673,29.732,102260.81,1.1882,2.47813,-6.388,-6.414,-6.6,0.0,0.0,0.0,3.286,3.333,31526.0,193.0,1.0
491,25.673,29.732,102260.81,1.1882,2.48075,-3.763,-5.618,-6.032,0.0,0.0,0.0,3.075,3.186,31590.0,193.0,1.0
492,25.673,29.725,102258.266,1.1882,2.4775,-7.013,-6.037,-6.228,0.0,0.0,0.0,3.188,3.238,31654.0,193.0,1.0
493,25.673,29.74,102262.58,1.1882,2.47963,-4.888,-5.692,-5.96,0.0,0.0,0.0,3.095,3.167,31718.0,193.0,1.0
494,25.695,29.732,102262.58,1.1882,2.48025,-4.263,-5.263,-5.621,0.0,0.0,0.0,2.976,3.076,31781.0,193.0,1.0
495,25.673,29.725,102260.125,1.1882,2.4795,-5.013,-5.188,-5.499,0.0,0.0,0.0,2.955,3.042,31846.0,193.0,1.0
496,25.662,29.732,102260.53,1.1883,2.4795,-5.013,-5.135,-5.402,0.0,0.0,0.0,2.94,3.015,31909.0,193.0,1.0
497,25.684,29.725,102260.53,1.1882,2.47713,-7.388,-5.811,-5.799,0.0,0.0,0.0,3.128,3.124,31973.0,193.0,1.0
498,25.684,29.732,102260.875,1.1882,2.47563,-8.888,-6.734,-6.417,0.0,0.0,0.0,3.367,3.286,32037.0,193.0,1.0
499,25.695,29.717,102260.195,1.1881,2.48125,-3.263,-5.693,-5.786,0.0,0.0,0.0,3.096,3.121,32101.0,193.0,1.0
500,25.673,29.709,102260.195,1.1882,2.48,-4.513,-5.339,-5.531,0.0,0.0,0.0,2.998,3.051,32164.0,193.0,1.0
501,25.662,29.74,102258.836,1.1882,2.47825,-6.263,-5.616,-5.678,0.0,0.0,0.0,3.074,3.091,32229.0,193.0,1.0
502,25.662,29.725,102259.01,1.1883,2.48,-4.513,-5.285,-5.445,0.0,0.0,0.0,2.983,3.027,32292.0,193.0,1.0
503,25.662,29.725,102259.01,1.1883,2.4795,-5.013,-5.203,-5.358,0.0,0.0,0.0,2.959,3.003,32356.0,193.0,1.0
504,25.684,29.709,102256.125,1.1881,2.4795,-5.013,-5.146,-5.289,0.0,0.0,0.0,2.943,2.984,32420.0,193.0,1.0
505,25.662,29.725,102261.15,1.1883,2.47888,-5.638,-5.294,-5.359,0.0,0.0,0.0,2.985,3.003,32484.0,193.0,1.0
506,25.684,29.725,102261.15,1.1882,2.48125,-3.263,-4.684,-4.94,0.0,0.0,0.0,2.808,2.884,32547.0,193.0,1.0
507,25.673,29.725,102259.62,1.1882,2.48,-4.513,-4.633,-4.854,0.0,0.0,0.0,2.793,2.858,32612.0,193.0,1.0
508,25.673,29.732,102258.266,1.1882,2.4795,-5.013,-4.747,-4.886,0.0,0.0,0.0,2.827,2.868,32675.0,193.0,1.0
509,25.673,29.725,102258.266,1.1882,2.479,-5.513,-4.977,-5.011,0.0,0.0,0.0,2.894,2.904,32739.0,193.0,1.0
510,25.684,29.725,102258.09,1.1882,2.48063,-3.888,-4.65,-4.787,0.0,0.0,0.0,2.798,2.839,32803.0,193.0,1.0
511,25.662,29.725,102260.125,1.1883,2.48063,-3.888,-4.421,-4.607,0.0,0.0,0.0,2.728,2.785,32867.0,193.0,1.0
512,25.673,29.74,102260.125,1.1882,2.47988,-4.638,-4.486,-4.613,0.0,0.0,0.0,2.748,2.786,32930.0,193.0,1.0
513,25.684,29.725,102260.03,1.1882,2.48013,-4.388,-4.457,-4.568,0.0,0.0,0.0,2.739,2.773,32995.0,193.0,1.0
514,25.673,29.725,102260.03,1.1882,2.47825,-6.263,-4.998,-4.907,0.0,0.0,0.0,2.901,2.874,33058.0,193.0,1.0
515,25.684,29.725,102259.62,1.1882,2.48138,-3.138,-4.44,-4.553,0.0,0.0,0.0,2.734,2.768,33122.0,193.0,1.0
516,25.673,29.732,102260.47,1.1882,2.48163,-2.888,-3.974,-4.22,0.0,0.0,0.0,2.586,2.665,33186.0,193.0,1.0
517,25.662,29.732,102260.47,1.1883,2.481,-3.513,-3.836,-4.078,0.0,0.0,0.0,2.541,2.62,33250.0,193.0,1.0
518,25.662,29.732,102257.48,1.1882,2.48,-4.513,-4.039,-4.165,0.0,0.0,0.0,2.607,2.648,33313.0,193.0,1.0
519,25.652,29.74,102258.59,1.1883,2.47938,-5.138,-4.369,-4.36,0.0,0.0,0.0,2.712,2.709,33378.0,193.0,1.0
520,25.695,29.732,102258.59,1.1881,2.48025,-4.263,-4.337,-4.34,0.0,0.0,0.0,2.702,2.703,33441.0,193.0,1.0
521,25.662,29.74,102260.7,1.1883,2.48125,-3.263,-4.015,-4.125,0.0,0.0,0.0,2.599,2.635,33505.0,193.0,1.0
522,25.662,29.748,102261.31,1.1883,2.47938,-5.138,-4.352,-4.327,0.0,0.0,0.0,2.706,2.699,33569.0,193.0,1.0
523,25.684,29.725,102261.31,1.1882,2.48188,-2.638,-3.837,-3.989,0.0,0.0,0.0,2.541,2.591,33633.0,193.0,1.0
524,25.673,29.717,102259.79,1.1882,2.48075,-3.763,-3.815,-3.944,0.0,0.0,0.0,2.534,2.577,33696.0,193.0,1.0
525,25.652,29.732,102261.05,1.1883,2.481,-3.513,-3.724,-3.858,0.0,0.0,0.0,2.504,2.548,33761.0,193.0,1.0
526,25.684,29.725,102261.05,1.1882,2.47763,-6.888,-4.673,-4.464,0.0,0.0,0.0,2.805,2.741,33824.0,193.0,1.0
527,25.662,29.725,102260.81,1.1883,2.48063,-3.888,-4.438,-4.349,0.0,0.0,0.0,2.733,2.705,33888.0,193.0,1.0
528,25.652,29.748,102260.64,1.1883,2.48175,-2.763,-3.935,-4.031,0.0,0.0,0.0,2.574,2.605,33952.0,193.0,1.0
529,25.662,29.748,102260.64,1.1883,2.48188,-2.638,-3.546,-3.753,0.0,0.0,0.0,2.443,2.513,34016.0,193.0,1.0
530,25.662,29.748,102258.43,1.1882,2.47938,-5.138,-4.023,-4.03,0.0,0.0,0.0,2.602,2.604,34079.0,193.0,1.0
531,25.662,29.732,102261.66,1.1883,2.47925,-5.263,-4.395,-4.276,0.0,0.0,0.0,2.72,2.683,34144.0,193.0,1.0
532,25.673,29.732,102261.66,1.1882,2.47938,-5.138,-4.618,-4.449,0.0,0.0,0.0,2.788,2.736,34207.0,193.0,1.0
533,25.652,29.725,102259.45,1.1883,2.48088,-3.638,-4.324,-4.286,0.0,0.0,0.0,2.698,2.686,34271.0,193.0,1.0
534,25.673,29.74,102261.22,1.1882,2.48163,-2.888,-3.893,-4.007,0.0,0.0,0.0,2.56,2.597,34335.0,193.0,1.0
535,25.673,29.74,102261.22,1.1882,2.48113,-3.388,-3.741,-3.883,0.0,0.0,0.0,2.509,2.556,34399.0,193.0,1.0
536,25.673,29.74,102260.36,1.1882,2.48,-4.513,-3.973,-4.009,0.0,0.0,0.0,2.586,2.598,34462.0,193.0,1.0
537,25.673,29.732,102260.875,1.1882,2.48013,-4.388,-4.097,-4.085,0.0,0.0,0.0,2.626,2.622,34527.0,193.0,1.0
538,25.673,29.748,102260.875,1.1882,2.48113,-3.388,-3.884,-3.945,0.0,0.0,0.0,2.557,2.577,34590.0,193.0,1.0
539,25.673,29.732,102260.98,1.1882,2.48125,-3.263,-3.698,-3.809,0.0,0.0,0.0,2.495,2.532,34654.0,193.0,1.0
540,25.662,29.74,102259.86,1.1883,2.48188,-2.638,-3.38,-3.575,0.0,0.0,0.0,2.385,2.453,34718.0,193.0,1.0
541,25.652,29.732,102259.86,1.1883,2.48175,-2.763,-3.195,-3.412,0.0,0.0,0.0,2.319,2.396,34782.0,193.0,1.0
542,25.673,29.732,102259.17,1.1882,2.479,-5.513,-3.89,-3.832,0.0,0.0,0.0,2.559,2.54,34845.0,193.0,1.0
543,25.662,29.732,102260.734,1.1883,2.47863,-5.888,-4.489,-4.243,0.0,0.0,0.0,2.749,2.672,34910.0,193.0,1.0
544,25.662,29.732,102260.734,1.1883,2.47588,-8.638,-5.734,-5.122,0.0,0.0,0.0,3.107,2.936,34973.0,193.0,1.0
545,25.673,29.732,102257.92,1.1882,2.47725,-7.263,-6.193,-5.55,0.0,0.0,0.0,3.229,3.057,35037.0,193.0,1.0
546,25.673,29.748,102257.92,1.1882,2.48188,-2.638,-5.126,-4.968,0.0,0.0,0.0,2.937,2.892,35101.0,314.0,1.0
547,25.673,29.732,102257.92,1.1882,2.48125,-3.263,-4.567,-4.627,0.0,0.0,0.0,2.773,2.791,35165.0,314.0,1.0
548,25.662,29.732,102257.984,1.1882,2.47713,-7.388,-5.413,-5.179,0.0,0.0,0.0,3.019,2.952,35228.0,314.0,1.0
549,25.662,29.732,102257.984,1.1882,2.47863,-5.888,-5.556,-5.321,0.0,0.0,0.0,3.058,2.993,35293.0,314.0,1.0
550,25.652,29.732,102257.75,1.1883,2.48575,1.237,-3.518,-4.009,1.237,1.443,1.443,2.433,2.598,35356.0,314.0,1.0
551,25.652,29.732,102258.33,1.1883,2.48863,4.112,-1.229,-2.385,4.112,2.631,2.631,1.438,2.003,35421.0,314.0,1.0
552,25.652,29.74,102258.33,1.1883,2.488,3.487,0.186,-1.21,3.487,2.423,2.423,0.56,1.427,35484.0,314.0,1.0
553,25.684,29.732,102258.91,1.1882,2.487,2.487,0.876,-0.471,3.487,2.046,2.423,1.215,0.89,35549.0,314.0,1.0
554,25.673,29.732,102255.164,1.1882,2.48225,-2.263,-0.065,-0.829,2.487,0.0,2.046,0.331,1.181,35612.0,314.0,1.0
555,25.673,29.74,102255.164,1.1882,2.48563,1.112,0.288,-0.441,2.487,1.368,2.046,0.696,0.861,35677.0,314.0,1.0
556,25.673,29.732,102259.86,1.1882,2.48638,1.862,0.76,0.02,2.487,1.77,2.046,1.131,0.182,35740.0,314.0,1.0
557,25.673,29.748,102259.516,1.1882,2.48913,4.612,1.916,0.938,2.487,2.786,2.046,1.796,1.257,35805.0,314.0,1.0
558,25.695,29.748,102259.516,1.1881,2.48925,4.737,2.762,1.698,3.487,2.824,2.423,2.156,1.691,35868.0,314.0,1.0
559,25.673,29.732,102262.0,1.1882,2.4835,-1.013,1.63,1.156,2.487,0.0,2.046,1.656,1.395,35933.0,314.0,1.0
560,25.662,29.748,102262.17,1.1883,2.48663,2.112,1.775,1.347,2.487,1.886,2.046,1.728,1.506,35996.0,314.0,1.0
561,25.662,29.755,102262.17,1.1883,2.4865,1.987,1.838,1.475,2.487,1.829,2.046,1.759,1.576,36061.0,314.0,1.0
562,25.673,29.74,102260.195,1.1882,2.48425,-0.263,1.208,1.128,2.112,0.0,1.886,1.426,1.378,36124.0,314.0,1.0
563,25.673,29.755,102257.984,1.1882,2.48313,-1.388,0.429,0.625,2.112,0.0,1.886,0.85,1.025,36189.0,314.0,1.0
564,25.673,29.74,102257.984,1.1882,2.4845,-0.013,0.297,0.497,2.112,0.0,1.886,0.707,0.915,36252.0,314.0,1.0
565,25.673,29.748,102258.39,1.1882,2.479,-5.513,-1.446,-0.705,2.112,0.0,1.886,1.56,1.089,36317.0,314.0,1.0
566,25.662,29.74,102259.01,1.1882,2.47663,-7.888,-3.379,-2.141,2.112,0.0,1.886,2.385,1.898,36380.0,314.0,1.0
567,25.673,29.725,102259.01,1.1882,2.48075,-3.763,-3.494,-2.466,2.112,0.0,1.886,2.425,2.037,36445.0,314.0,1.0
568,25.662,29.732,102260.03,1.1883,2.478,-6.513,-4.399,-3.275,2.112,0.0,1.886,2.721,2.348,36508.0,314.0,1.0
569,25.695,29.74,102261.05,1.1881,2.4795,-5.013,-4.583,-3.623,2.112,0.0,1.886,2.778,2.469,36573.0,314.0,1.0
570,25.673,29.755,102261.05,1.1882,2.48088,-3.638,-4.3,-3.626,2.112,0.0,1.886,2.69,2.47,36636.0,314.0,1.0
571,25.684,29.748,102261.72,1.1882,2.47913,-5.388,-4.626,-3.978,2.112,0.0,1.886,2.791,2.588,36701.0,314.0,1.0
572,25.684,29.748,102259.79,1.1882,2.4795,-5.013,-4.742,-4.185,2.487,0.0,2.046,2.825,2.654,36764.0,314.0,1.0
573,25.684,29.748,102259.79,1.1882,2.477,-7.513,-5.573,-4.851,2.112,0.0,1.886,3.063,2.857,36829.0,314.0,1.0
574,25.652,29.732,102257.984,1.1883,2.47988,-4.638,-5.293,-4.808,2.112,0.0,1.886,2.985,2.845,36892.0,314.0,1.0
