Muestra,Tiempo,Temp,Hum,Pres,Den,DP,Ref,VelFrec,PWM,Control,Error,ESTADOvariador,ERRORvariador
0,2.11,73.4,0.0,878.0,3.43,4.67,3.11,3.46,4.5,12.8,7217.0,138.0,42.0
1,3.09,94.0,0.0,865.0,3.92,3.42,4.87,4.03,15.7,10.9,1.0,0.0,2.0
2,2.78,81.6,0.0,1035.0,3.97,3.26,4.12,3.67,14.0,6.3,3.0,0.0,4.0
3,2.95,82.8,0.0,891.0,4.94,4.57,3.01,4.53,8.8,12.4,5.0,0.0,6.0
4,2.74,80.1,0.0,1053.0,4.77,3.08,3.28,4.33,17.8,6.1,7.0,0.0,8.0
5,2.94,82.9,0.0,801.0,4.17,4.95,4.05,3.04,8.1,7.8,9.0,0.0,10.0
6,3.44,90.1,0.0,1097.0,3.71,3.28,4.37,4.58,15.7,17.7,11.0,0.0,12.0
7,2.49,76.8,0.0,1012.0,3.6,4.57,4.94,3.08,17.5,4.8,13.0,0.0,14.0
8,2.21,89.5,0.0,912.0,3.71,4.01,4.9,3.31,6.8,8.7,15.0,0.0,16.0
9,2.69,75.4,0.0,823.0,3.89,4.6,4.05,4.26,15.3,8.6,17.0,0.0,18.0
10,3.44,86.3,0.0,938.0,3.44,4.9,4.5,4.59,10.3,17.7,19.0,0.0,20.0
11,2.7,74.4,0.0,868.0,4.35,4.15,3.25,4.34,17.2,4.1,21.0,0.0,22.0
12,2.83,96.9,0.0,897.0,4.53,4.47,3.25,3.1,9.2,14.1,23.0,0.0,24.0
13,3.39,97.4,0.0,1031.0,4.56,4.01,3.72,4.6,7.4,6.4,25.0,0.0,26.0
14,2.06,76.3,0.0,1002.0,3.76,4.08,3.49,4.31,17.4,6.8,27.0,0.0,28.0
15,2.25,90.9,0.0,980.0,4.29,3.23,3.54,3.6,11.7,7.5,29.0,0.0,30.0
16,2.0,77.6,0.0,1012.0,4.54,4.97,4.04,4.81,17.8,4.5,31.0,0.0,32.0
17,3.22,80.5,0.0,1076.0,3.53,3.24,3.3,4.66,3.0,17.4,33.0,0.0,34.0
18,2.66,95.7,0.0,1011.0,3.78,3.14,3.19,4.37,11.3,7.1,35.0,0.0,36.0
19,2.04,95.8,0.0,800.0,3.54,4.6,4.15,4.47,11.0,16.0,37.0,0.0,38.0
20,2.14,99.3,0.0,1060.0,4.54,3.18,4.57,4.85,15.9,14.5,39.0,0.0,40.0
21,2.03,97.3,0.0,803.0,4.48,4.85,3.58,3.59,3.6,11.0,41.0,0.0,42.0
22,3.03,90.0,0.0,1020.0,4.33,3.58,3.03,3.76,13.0,6.4,43.0,0.0,44.0
23,2.79,98.3,0.0,870.0,3.4,4.23,3.5,4.71,15.9,9.8,45.0,0.0,46.0
24,2.21,96.4,0.0,1060.0,4.98,4.51,4.4,4.03,8.1,8.1,47.0,0.0,48.0
25,2.33,78.8,0.0,817.0,3.08,4.5,4.24,4.95,3.7,9.1,49.0,0.0,50.0
26,2.02,80.7,0.0,941.0,4.1,3.0,4.99,4.27,10.1,11.7,51.0,1.0,0.0
27,2.23,72.0,0.0,1011.0,3.39,3.54,4.05,4.29,13.3,11.9,53.0,1.0,2.0
28,2.17,95.2,0.0,939.0,3.98,4.01,3.11,3.16,7.1,15.1,55.0,1.0,4.0
29,3.0,91.1,0.0,1063.0,4.94,4.33,4.27,3.27,12.5,16.1,57.0,1.0,6.0
30,2.24,80.8,0.0,936.0,3.81,3.15,4.1,3.16,3.5,15.3,59.0,1.0,8.0
31,2.34,86.7,0.0,1049.0,3.76,3.46,4.76,3.66,14.7,5.0,61.0,1.0,10.0
32,2.25,86.7,0.0,989.0,3.18,3.14,3.25,4.18,5.8,5.9,63.0,1.0,12.0
33,2.15,91.1,0.0,1052.0,3.64,3.76,3.37,3.75,17.5,9.0,65.0,1.0,14.0
34,2.79,82.9,0.0,864.0,4.79,4.01,4.25,3.89,8.8,11.3,67.0,1.0,16.0
35,3.21,81.9,0.0,996.0,3.47,4.88,4.59,4.87,16.5,16.5,69.0,1.0,18.0
36,3.26,96.1,0.0,825.0,3.19,3.31,4.03,3.98,17.8,11.9,71.0,1.0,20.0
37,2.04,70.6,0.0,850.0,4.03,3.32,3.32,4.41,3.4,10.7,73.0,1.0,22.0
38,2.98,96.2,0.0,829.0,3.39,4.08,4.03,3.57,14.1,3.2,75.0,1.0,24.0
39,2.12,89.3,0.0,1027.0,3.32,3.44,4.91,4.98,3.2,13.6,77.0,1.0,26.0
40,3.02,98.6,0.0,1019.0,4.5,3.1,3.23,3.69,8.5,12.3,79.0,1.0,28.0
41,2.41,95.7,0.0,833.0,4.28,4.77,3.1,3.83,15.6,11.9,81.0,1.0,30.0
42,3.4,88.4,0.0,1013.0,3.41,4.27,4.79,4.84,16.7,10.0,83.0,1.0,32.0
43,2.27,76.2,0.0,910.0,3.19,4.5,4.77,4.41,11.6,15.0,85.0,1.0,34.0
44,2.18,85.0,0.0,901.0,3.95,3.21,4.31,4.01,7.5,4.1,87.0,1.0,36.0
45,2.21,97.5,0.0,1018.0,4.0,3.89,3.62,3.54,9.3,7.3,89.0,1.0,38.0
46,3.42,71.6,0.0,1014.0,3.2,3.6,3.5,4.68,17.1,17.7,91.0,1.0,40.0
47,2.21,92.9,0.0,893.0,4.19,3.71,3.2,4.64,10.9,11.0,93.0,1.0,42.0
48,3.25,88.0,0.0,1000.0,4.96,4.47,4.7,3.87,7.3,6.3,95.0,1.0,44.0
49,3.14,84.5,0.0,862.0,4.09,3.1,3.49,3.18,17.0,13.5,97.0,1.0,46.0
50,2.09,98.3,0.0,814.0,3.37,3.79,3.98,4.0,6.7,11.5,99.0,1.0,48.0
51,2.28,96.2,0.0,963.0,4.69,3.9,3.23,3.78,9.3,14.1,101.0,1.0,50.0
52,2.31,94.4,0.0,839.0,4.76,4.84,3.52,4.08,4.4,3.4,103.0,2.0,0.0
53,2.58,98.1,0.0,952.0,3.88,4.63,4.59,3.19,5.9,8.6,105.0,2.0,2.0
54,3.24,93.6,0.0,909.0,4.67,3.34,4.39,3.84,8.1,17.9,107.0,2.0,4.0
55,3.24,83.5,0.0,831.0,4.72,3.28,4.98,3.7,11.7,17.7,109.0,2.0,6.0
56,3.3,72.1,0.0,1013.0,4.28,4.5,3.0,4.59,8.4,17.2,111.0,2.0,8.0
57,2.31,85.3,0.0,922.0,4.21,4.56,3.18,4.91,13.0,12.6,113.0,2.0,10.0
58,3.3,91.8,0.0,1088.0,3.52,4.28,3.0,3.62,17.0,12.9,115.0,2.0,12.0
59,2.54,94.0,0.0,881.0,4.7,3.28,3.51,4.44,14.9,12.5,117.0,2.0,14.0
60,3.46,86.9,0.0,870.0,4.94,3.1,4.92,3.64,5.4,14.1,119.0,2.0,16.0
61,2.6,99.3,0.0,828.0,4.22,4.81,4.66,3.68,10.3,15.2,121.0,2.0,18.0
62,3.36,78.9,0.0,928.0,4.2,4.02,4.12,3.16,12.7,12.6,123.0,2.0,20.0
63,2.03,91.2,0.0,1025.0,3.4,4.53,3.57,4.33,7.5,6.9,125.0,2.0,22.0
64,2.83,96.2,0.0,976.0,3.36,3.46,3.73,3.64,16.4,17.2,127.0,2.0,24.0
65,2.48,90.0,0.0,870.0,4.98,3.92,4.45,4.28,13.0,7.3,129.0,2.0,26.0
66,3.19,73.1,0.0,857.0,3.19,3.86,3.56,3.16,13.4,3.4,131.0,2.0,28.0
67,2.31,77.4,0.0,1063.0,3.77,4.24,4.84,3.33,8.0,15.7,133.0,2.0,30.0
68,2.57,78.3,0.0,900.0,3.59,4.1,4.53,3.91,15.1,15.5,135.0,2.0,32.0
69,2.18,88.7,0.0,1026.0,3.72,3.19,3.41,3.04,8.1,12.2,137.0,2.0,34.0
70,3.21,97.9,0.0,1035.0,4.29,3.88,3.48,4.78,14.7,15.3,139.0,2.0,36.0
71,3.26,88.8,0.0,1096.0,3.19,3.64,4.37,3.16,14.8,17.1,141.0,2.0,38.0
72,2.61,87.8,0.0,828.0,3.63,3.35,4.06,4.08,14.8,10.9,143.0,2.0,40.0
73,2.75,80.4,0.0,1062.0,3.32,3.19,4.31,3.35,9.8,4.8,145.0,2.0,42.0
74,2.37,86.3,0.0,837.0,4.66,4.34,3.83,3.75,11.4,8.5,147.0,2.0,44.0
75,2.8,76.7,0.0,965.0,4.1,3.82,3.05,4.14,3.2,12.1,149.0,2.0,46.0
76,2.5,78.5,0.0,867.0,3.84,4.88,3.0,3.86,13.0,7.5,151.0,2.0,48.0
77,2.25,78.9,0.0,922.0,4.95,3.05,4.19,3.91,5.1,10.4,153.0,2.0,50.0
78,2.25,75.8,0.0,862.0,4.31,4.36,4.2,4.08,10.4,12.7,155.0,3.0,0.0
79,2.12,93.9,0.0,1054.0,3.21,3.86,4.36,3.1,14.2,5.3,157.0,3.0,2.0
80,3.07,89.2,0.0,843.0,4.75,4.68,3.13,3.15,11.6,12.1,159.0,3.0,4.0
81,2.57,83.7,0.0,1003.0,3.21,3.47,3.34,4.49,14.6,13.9,161.0,3.0,6.0
82,2.31,71.2,0.0,1051.0,3.02,3.95,4.36,3.54,3.8,16.0,163.0,3.0,8.0
83,2.19,98.1,0.0,910.0,4.08,3.09,3.39,3.67,9.9,9.6,165.0,3.0,10.0
84,2.8,82.5,0.0,936.0,4.94,4.45,3.02,3.33,6.0,8.6,167.0,3.0,12.0
85,2.01,84.2,0.0,944.0,3.35,4.55,3.72,3.43,15.2,4.3,169.0,3.0,14.0
86,3.32,91.3,0.0,995.0,4.28,4.04,3.55,4.11,6.1,9.0,171.0,3.0,16.0
87,3.36,81.8,0.0,994.0,4.88,4.43,3.39,4.02,12.3,5.0,173.0,3.0,18.0
88,2.69,91.0,0.0,811.0,3.15,4.78,4.42,3.45,5.0,4.2,175.0,3.0,20.0
89,3.17,95.3,0.0,999.0,4.16,4.84,3.69,3.42,8.3,14.5,177.0,3.0,22.0
90,2.59,85.2,0.0,1086.0,3.22,4.29,4.86,4.49,10.9,12.8,179.0,3.0,24.0
91,3.31,77.6,0.0,961.0,4.63,3.14,4.83,3.32,10.2,4.1,181.0,3.0,26.0
92,2.37,91.0,0.0,1081.0,4.58,4.86,3.33,3.4,13.9,16.6,183.0,3.0,28.0
93,2.91,75.8,0.0,854.0,3.2,4.97,4.27,3.51,9.2,16.2,185.0,3.0,30.0
94,2.47,88.1,0.0,965.0,3.57,3.05,4.17,3.12,15.4,16.4,187.0,3.0,32.0
95,2.49,86.1,0.0,949.0,3.31,4.96,4.23,3.96,7.4,3.0,189.0,3.0,34.0
96,2.2,82.4,0.0,894.0,4.75,4.03,4.89,3.86,7.5,12.3,191.0,3.0,36.0
97,2.3,74.3,0.0,967.0,3.48,3.44,4.17,4.49,5.5,10.3,193.0,3.0,38.0
98,2.57,80.5,0.0,1027.0,3.14,4.15,4.08,3.97,12.9,17.5,195.0,3.0,40.0
99,3.03,98.3,0.0,823.0,4.59,3.21,4.74,3.34,10.5,8.2,197.0,3.0,42.0
100,3.31,84.7,0.0,808.0,4.06,4.78,4.06,3.67,4.4,4.0,199.0,3.0,44.0
101,3.34,95.6,0.0,908.0,3.12,4.13,3.8,4.24,13.4,14.3,201.0,3.0,46.0
102,3.39,92.0,0.0,994.0,4.97,3.24,3.71,4.58,10.0,7.8,203.0,3.0,48.0
103,3.18,87.0,0.0,963.0,3.49,4.34,3.25,3.71,12.1,8.0,205.0,3.0,50.0
104,2.96,98.7,0.0,1021.0,4.65,4.89,4.71,3.65,4.0,4.0,207.0,4.0,0.0
105,2.25,87.7,0.0,957.0,3.27,3.22,4.74,4.72,11.9,6.9,209.0,4.0,2.0
106,3.16,72.1,0.0,884.0,3.27,4.78,3.6,4.72,11.7,16.5,211.0,4.0,4.0
107,3.12,90.6,0.0,928.0,4.93,4.26,3.26,4.26,16.3,6.1,213.0,4.0,6.0
108,2.15,78.0,0.0,892.0,4.51,3.52,4.73,3.77,4.7,5.6,215.0,4.0,8.0
109,2.81,72.7,0.0,959.0,3.97,4.93,3.25,3.29,15.2,12.8,217.0,4.0,10.0
110,2.22,90.1,0.0,1030.0,3.98,3.77,4.49,3.94,5.7,8.2,219.0,4.0,12.0
111,2.77,79.5,0.0,895.0,3.64,3.0,4.18,4.17,10.3,14.7,221.0,4.0,14.0
112,2.42,96.2,0.0,1008.0,3.4,4.05,4.7,3.06,8.1,14.9,223.0,4.0,16.0
113,2.13,95.1,0.0,947.0,3.51,4.1,4.49,3.47,6.4,17.8,225.0,4.0,18.0
114,2.39,91.9,0.0,894.0,3.86,4.07,4.92,4.0,12.6,8.1,227.0,4.0,20.0
115,2.91,89.1,0.0,940.0,4.56,3.59,3.97,3.97,13.9,9.3,229.0,4.0,22.0
116,2.26,73.3,0.0,897.0,4.93,4.03,3.08,4.74,14.6,3.3,231.0,4.0,24.0
117,2.21,71.4,0.0,860.0,3.56,3.72,3.53,3.53,15.5,16.1,233.0,4.0,26.0
118,2.47,91.9,0.0,970.0,3.01,4.59,4.82,4.79,17.6,5.9,235.0,4.0,28.0
119,3.04,75.7,0.0,993.0,3.15,3.08,3.61,4.66,10.3,10.8,237.0,4.0,30.0
120,2.51,78.7,0.0,879.0,3.08,4.37,3.36,3.02,5.8,5.3,239.0,4.0,32.0
121,2.05,97.4,0.0,922.0,3.31,3.57,4.71,4.79,17.4,10.7,241.0,4.0,34.0
122,2.0,73.6,0.0,813.0,4.33,3.75,4.1,4.62,9.6,8.6,243.0,4.0,36.0
123,2.33,96.1,0.0,957.0,4.71,4.76,4.14,4.14,11.9,16.5,245.0,4.0,38.0
124,2.11,88.0,0.0,1012.0,3.09,3.9,3.83,4.45,6.8,16.4,247.0,4.0,40.0
125,2.37,94.2,0.0,1088.0,3.2,4.82,3.05,4.34,15.0,17.6,249.0,4.0,42.0
126,3.15,83.5,0.0,1077.0,4.34,3.67,3.74,4.8,7.0,12.6,251.0,4.0,44.0
127,2.36,79.7,0.0,1005.0,4.37,4.95,4.83,3.95,5.6,16.3,253.0,4.0,46.0
128,3.45,99.6,0.0,1061.0,3.31,4.25,3.06,4.79,5.0,5.4,255.0,4.0,48.0
129,2.57,96.3,0.0,941.0,3.37,3.29,3.87,4.86,13.1,7.4,257.0,4.0,50.0
130,3.13,89.2,0.0,1039.0,4.44,3.68,3.83,3.29,9.5,3.5,259.0,5.0,0.0
131,2.97,70.1,0.0,888.0,3.05,4.2,3.44,4.72,15.6,6.0,261.0,5.0,2.0
132,3.12,81.6,0.0,809.0,3.45,4.48,3.85,4.08,9.3,4.7,263.0,5.0,4.0
133,2.09,74.5,0.0,923.0,4.48,4.44,4.77,4.37,12.1,7.2,265.0,5.0,6.0
134,2.2,97.0,0.0,853.0,4.53,4.28,4.28,3.73,6.2,15.1,267.0,5.0,8.0
135,3.35,80.8,0.0,1058.0,4.74,4.23,3.61,3.72,5.4,16.5,269.0,5.0,10.0
136,2.93,73.6,0.0,837.0,4.46,4.62,4.57,4.42,12.6,13.3,271.0,5.0,12.0
137,2.65,79.3,0.0,856.0,4.38,3.51,3.87,4.9,11.0,6.2,273.0,5.0,14.0
138,3.07,92.5,0.0,907.0,3.79,4.51,3.41,4.59,16.1,9.5,275.0,5.0,16.0
139,2.53,92.9,0.0,1032.0,3.8,4.59,3.74,3.4,5.6,16.9,277.0,5.0,18.0
140,2.77,91.5,0.0,927.0,3.41,3.09,4.58,4.35,14.5,4.1,279.0,5.0,20.0
141,2.54,78.3,0.0,874.0,4.13,3.11,4.44,4.08,3.9,3.5,281.0,5.0,22.0
142,2.05,78.4,0.0,949.0,4.11,3.09,4.83,3.48,16.5,13.7,283.0,5.0,24.0
143,2.42,77.4,0.0,1091.0,3.63,3.93,4.03,4.98,4.3,14.1,285.0,5.0,26.0
144,2.15,91.1,0.0,1013.0,3.96,3.5,3.04,4.23,11.8,5.2,287.0,5.0,28.0
145,2.91,71.8,0.0,1075.0,4.19,4.43,4.63,4.81,3.8,6.2,289.0,5.0,30.0
146,2.36,96.0,0.0,1056.0,4.92,3.01,3.39,3.11,11.4,5.0,291.0,5.0,32.0
147,2.99,90.2,0.0,983.0,4.67,3.19,4.69,4.37,10.9,17.9,293.0,5.0,34.0
148,3.16,87.2,0.0,896.0,4.6,4.78,3.79,4.71,15.4,12.5,295.0,5.0,36.0
149,3.02,89.5,0.0,1011.0,3.1,4.6,3.82,4.1,16.2,9.0,297.0,5.0,38.0
150,2.74,84.9,0.0,993.0,4.44,3.16,3.24,3.81,9.1,6.5,299.0,5.0,40.0
151,2.57,80.0,0.0,856.0,3.89,3.01,3.99,3.1,10.4,17.5,301.0,5.0,42.0
152,2.74,95.3,0.0,1064.0,3.87,4.95,4.19,3.93,13.6,13.5,303.0,5.0,44.0
153,2.7,85.3,0.0,1011.0,4.88,4.64,4.38,3.88,8.7,9.2,305.0,5.0,46.0
154,2.51,82.7,0.0,1021.0,3.39,4.4,4.64,4.77,6.6,8.5,307.0,5.0,48.0
155,2.24,99.0,0.0,866.0,4.42,3.22,3.21,3.6,6.4,7.7,309.0,5.0,50.0
156,3.08,70.2,0.0,1010.0,4.19,4.1,3.37,4.92,6.6,12.8,311.0,6.0,0.0
157,2.11,90.5,0.0,958.0,3.07,4.53,4.74,3.64,8.7,13.2,313.0,6.0,2.0
158,2.17,76.0,0.0,1053.0,3.7,3.83,4.56,4.68,10.6,3.0,315.0,6.0,4.0
159,2.38,87.1,0.0,1073.0,4.07,4.2,3.92,4.93,8.2,16.9,317.0,6.0,6.0
160,2.65,78.8,0.0,911.0,4.66,3.43,3.38,3.04,14.7,3.7,319.0,6.0,8.0
161,2.29,94.2,0.0,1016.0,4.88,4.5,3.85,4.02,10.3,17.5,321.0,6.0,10.0
162,3.26,89.6,0.0,861.0,3.79,3.84,3.42,3.9,17.7,10.8,323.0,6.0,12.0
163,2.65,72.7,0.0,1061.0,4.82,4.77,4.44,3.28,14.3,11.5,325.0,6.0,14.0
164,2.98,82.7,0.0,852.0,4.33,3.08,4.41,4.21,7.9,4.9,327.0,6.0,16.0
165,3.3,74.7,0.0,927.0,3.75,4.88,4.86,3.64,7.7,8.6,329.0,6.0,18.0
166,3.38,94.1,0.0,1042.0,4.02,3.65,4.69,3.11,13.8,8.2,331.0,6.0,20.0
167,3.4,90.8,0.0,855.0,3.05,4.87,3.14,3.01,14.5,7.9,333.0,6.0,22.0
168,2.61,80.4,0.0,932.0,3.27,4.84,4.24,3.56,9.4,13.7,335.0,6.0,24.0
169,3.14,85.4,0.0,928.0,3.33,3.23,3.3,3.44,5.0,16.2,337.0,6.0,26.0
170,2.4,90.1,0.0,1024.0,4.49,4.67,3.02,4.1,13.4,4.3,339.0,6.0,28.0
171,3.19,72.3,0.0,1055.0,4.68,3.78,4.27,3.69,15.4,10.1,341.0,6.0,30.0
172,2.52,76.7,0.0,887.0,3.88,4.07,3.33,3.32,16.1,8.3,343.0,6.0,32.0
173,3.17,91.8,0.0,1093.0,3.0,4.34,4.91,4.57,14.9,7.5,345.0,6.0,34.0
174,3.4,76.8,0.0,1008.0,3.26,3.72,3.52,4.17,7.3,9.1,347.0,6.0,36.0
175,3.28,94.6,0.0,1094.0,4.63,4.83,4.1,3.84,10.3,11.7,349.0,6.0,38.0
176,3.44,82.6,0.0,950.0,4.34,3.15,3.68,4.91,17.9,15.1,351.0,6.0,40.0
177,3.12,77.9,0.0,1039.0,3.69,3.51,3.14,3.64,6.4,14.1,353.0,6.0,42.0
178,3.11,83.8,0.0,982.0,3.53,4.18,4.23,3.03,6.0,8.8,355.0,6.0,44.0
179,3.25,97.5,0.0,981.0,4.76,4.3,4.35,4.28,17.8,7.7,357.0,6.0,46.0
180,3.25,94.3,0.0,866.0,3.15,3.5,4.42,3.75,15.3,9.5,359.0,6.0,48.0
181,2.02,77.6,0.0,962.0,4.38,3.11,3.66,3.94,8.9,11.2,361.0,6.0,50.0
182,2.54,84.6,0.0,955.0,4.5,4.75,3.27,4.63,3.2,4.1,363.0,7.0,0.0
183,3.4,84.2,0.0,811.0,3.36,3.62,3.6,3.69,14.4,10.8,365.0,7.0,2.0
184,3.01,94.6,0.0,1088.0,4.2,3.81,3.49,4.11,17.7,17.4,367.0,7.0,4.0
185,3.37,86.6,0.0,900.0,3.06,3.91,4.56,3.98,7.6,5.0,369.0,7.0,6.0
186,2.89,83.5,0.0,827.0,4.68,4.0,3.64,4.4,11.8,4.0,371.0,7.0,8.0
187,3.12,98.1,0.0,935.0,3.35,3.71,3.24,3.7,4.6,7.3,373.0,7.0,10.0
188,2.69,98.1,0.0,1015.0,4.23,4.98,3.52,3.68,4.1,6.9,375.0,7.0,12.0
189,3.32,70.6,0.0,992.0,4.64,4.02,4.06,3.9,14.9,8.2,377.0,7.0,14.0
190,2.95,76.4,0.0,893.0,4.66,3.94,3.84,4.58,10.1,4.6,379.0,7.0,16.0
191,2.96,79.7,0.0,1046.0,4.4,4.06,3.0,3.43,6.1,4.4,381.0,7.0,18.0
192,2.32,83.7,0.0,866.0,4.86,3.92,4.04,4.6,13.9,4.5,383.0,7.0,20.0
193,2.65,92.6,0.0,1086.0,4.4,4.23,4.08,4.5,13.9,15.0,385.0,7.0,22.0
194,2.28,72.2,0.0,999.0,4.52,3.56,4.49,3.76,8.4,7.8,387.0,7.0,24.0
195,3.2,77.2,0.0,855.0,3.42,4.86,4.14,4.86,15.9,6.3,389.0,7.0,26.0
196,2.03,85.3,0.0,996.0,3.41,3.98,4.48,3.37,10.6,10.1,391.0,7.0,28.0
197,2.3,82.3,0.0,917.0,4.29,4.07,4.83,4.39,5.4,6.3,393.0,7.0,30.0
198,3.26,87.4,0.0,984.0,4.85,3.87,4.45,3.49,8.0,16.6,395.0,7.0,32.0
199,2.54,76.8,0.0,1060.0,4.96,4.59,3.73,3.98,16.5,17.8,397.0,7.0,34.0
200,2.61,96.9,0.0,958.0,4.99,4.57,4.45,3.23,3.5,15.5,399.0,7.0,36.0
201,2.36,89.0,0.0,813.0,4.25,3.38,4.43,4.03,14.2,14.1,401.0,7.0,38.0
202,3.21,80.0,0.0,949.0,4.29,4.38,4.97,4.65,9.6,12.3,403.0,7.0,40.0
203,2.11,91.7,0.0,876.0,4.88,4.42,4.45,4.04,10.9,14.9,405.0,7.0,42.0
204,2.6,78.5,0.0,893.0,4.06,4.93,3.72,3.15,7.9,3.5,407.0,7.0,44.0
205,3.09,79.6,0.0,1028.0,4.52,3.16,3.57,3.76,7.9,12.3,409.0,7.0,46.0
206,3.44,91.5,0.0,876.0,3.23,4.8,3.09,4.37,5.3,11.5,411.0,7.0,48.0
207,2.92,82.3,0.0,979.0,3.83,3.94,4.86,4.52,7.3,15.7,413.0,7.0,50.0
208,3.08,80.1,0.0,890.0,4.41,4.44,4.94,3.87,5.4,11.1,415.0,8.0,0.0
209,2.3,81.5,0.0,970.0,4.11,4.33,4.46,3.45,10.0,17.7,417.0,8.0,2.0
210,2.66,87.0,0.0,1069.0,4.47,4.84,4.81,4.32,7.1,11.1,419.0,8.0,4.0
211,3.12,86.4,0.0,959.0,4.77,3.35,3.55,3.23,10.6,3.9,421.0,8.0,6.0
212,2.93,78.6,0.0,899.0,3.17,3.61,4.93,4.55,14.4,17.4,423.0,8.0,8.0
213,3.31,86.3,0.0,998.0,4.92,3.9,4.2,4.54,15.9,7.0,425.0,8.0,10.0
214,3.38,98.9,0.0,825.0,3.57,4.86,4.82,3.45,4.4,7.3,427.0,8.0,12.0
215,2.09,83.5,0.0,919.0,4.36,4.92,4.23,4.81,8.2,8.5,429.0,8.0,14.0
216,2.86,73.1,0.0,996.0,3.28,4.09,4.44,3.17,6.6,11.6,431.0,8.0,16.0
217,2.25,86.5,0.0,912.0,3.1,3.59,4.88,4.48,16.3,6.2,433.0,8.0,18.0
218,3.07,99.9,0.0,1057.0,3.61,3.07,4.9,4.1,8.0,11.6,435.0,8.0,20.0
219,2.89,99.5,0.0,1026.0,3.14,3.85,3.19,3.8,17.8,3.6,437.0,8.0,22.0
220,3.44,74.6,0.0,1003.0,3.83,4.4,4.33,3.53,11.6,8.2,439.0,8.0,24.0
221,2.14,70.9,0.0,1045.0,3.16,4.09,3.61,4.78,9.1,11.1,441.0,8.0,26.0
222,2.44,70.7,0.0,1084.0,4.87,4.8,3.57,4.78,12.0,13.9,443.0,8.0,28.0
223,2.02,83.0,0.0,1067.0,3.0,3.36,3.16,4.15,7.6,7.9,445.0,8.0,30.0
224,3.23,83.1,0.0,973.0,4.77,4.57,3.94,3.16,4.5,15.1,447.0,8.0,32.0
225,3.13,88.8,0.0,829.0,3.0,4.36,3.03,4.15,11.1,5.5,449.0,8.0,34.0
226,3.19,79.2,0.0,1044.0,3.57,4.15,4.72,3.54,10.5,9.7,451.0,8.0,36.0
227,2.53,98.1,0.0,1062.0,3.19,3.08,4.11,4.76,16.2,4.7,453.0,8.0,38.0
228,3.15,77.1,0.0,829.0,3.69,3.73,4.83,4.27,9.8,16.8,455.0,8.0,40.0
229,3.27,78.6,0.0,901.0,3.65,3.32,4.47,4.62,12.1,5.9,457.0,8.0,42.0
230,2.69,75.7,0.0,992.0,3.64,4.76,4.05,4.36,11.1,4.6,459.0,8.0,44.0
231,2.06,87.1,0.0,918.0,3.94,4.81,3.69,3.33,15.1,11.1,461.0,8.0,46.0
232,3.32,88.0,0.0,856.0,3.19,3.94,3.86,4.59,10.2,4.3,463.0,8.0,48.0
233,2.13,95.3,0.0,992.0,3.24,4.53,4.13,3.95,4.1,10.0,465.0,8.0,50.0
234,3.49,84.0,0.0,887.0,3.23,3.44,4.38,4.21,9.7,13.2,467.0,9.0,0.0
235,2.17,92.0,0.0,908.0,4.1,3.61,3.9,3.63,12.0,13.8,469.0,9.0,2.0
236,3.22,70.0,0.0,807.0,3.21,4.38,4.6,3.81,16.4,16.7,471.0,9.0,4.0
237,3.1,97.1,0.0,1036.0,4.59,4.49,3.75,4.25,6.7,15.8,473.0,9.0,6.0
238,2.14,83.8,0.0,896.0,3.19,4.47,3.63,4.74,8.8,9.9,475.0,9.0,8.0
239,3.34,84.7,0.0,879.0,3.0,4.37,3.23,3.2,4.1,13.5,477.0,9.0,10.0
240,3.49,80.2,0.0,852.0,3.13,3.71,3.74,3.71,3.4,8.1,479.0,9.0,12.0
241,2.32,77.7,0.0,985.0,4.5,4.58,3.7,3.54,3.9,13.5,481.0,9.0,14.0
242,3.33,79.1,0.0,858.0,3.21,4.44,3.83,4.18,5.3,16.5,483.0,9.0,16.0
243,2.81,75.4,0.0,812.0,4.32,3.12,4.39,4.79,4.2,8.7,485.0,9.0,18.0
244,2.53,90.7,0.0,807.0,3.52,3.93,3.9,3.69,11.3,11.5,487.0,9.0,20.0
245,2.38,73.5,0.0,956.0,3.05,3.22,3.34,3.46,13.4,10.5,489.0,9.0,22.0
246,3.39,77.3,0.0,899.0,4.16,3.05,3.56,4.64,11.4,3.0,491.0,9.0,24.0
247,3.1,79.6,0.0,834.0,3.82,4.53,3.48,4.01,3.4,7.0,493.0,9.0,26.0
248,2.93,96.9,0.0,974.0,4.79,3.08,4.85,3.85,10.2,9.1,495.0,9.0,28.0
249,2.6,98.1,0.0,875.0,4.12,3.63,4.51,3.28,12.8,11.7,497.0,9.0,30.0
250,3.36,80.5,0.0,823.0,4.59,4.36,3.88,3.34,8.1,6.2,499.0,9.0,32.0
251,3.4,96.9,0.0,852.0,3.96,3.55,3.01,3.0,17.0,11.4,501.0,9.0,34.0
252,3.25,82.0,0.0,981.0,3.99,3.85,4.95,3.19,8.1,12.5,503.0,9.0,36.0
253,2.96,92.6,0.0,963.0,4.45,4.26,4.71,3.19,11.5,14.9,505.0,9.0,38.0
254,2.98,89.1,0.0,1053.0,4.39,3.0,4.3,4.06,4.0,15.8,507.0,9.0,40.0
255,2.56,79.8,0.0,1015.0,3.55,3.22,4.43,4.59,7.9,10.8,509.0,9.0,42.0
256,3.24,79.0,0.0,1087.0,3.05,3.31,3.89,3.56,11.8,17.0,511.0,9.0,44.0
257,3.16,81.9,0.0,832.0,3.02,4.18,4.77,4.81,17.3,6.9,513.0,9.0,46.0
258,3.1,96.6,0.0,927.0,4.71,3.94,3.17,3.41,17.5,14.5,515.0,9.0,48.0
259,2.51,89.7,0.0,1052.0,3.37,3.5,3.7,4.31,14.4,4.8,517.0,9.0,50.0
260,2.98,88.9,0.0,986.0,4.09,4.43,4.95,3.99,13.4,5.5,519.0,10.0,0.0
261,2.62,98.8,0.0,885.0,3.03,3.74,4.18,3.56,7.6,10.8,521.0,10.0,2.0
262,2.47,78.0,0.0,838.0,4.35,3.62,4.03,3.4,12.2,5.6,523.0,10.0,4.0
263,2.18,99.0,0.0,916.0,4.96,3.53,3.6,4.57,15.7,8.8,525.0,10.0,6.0
264,3.48,98.2,0.0,926.0,4.71,4.08,3.78,3.73,13.5,9.5,527.0,10.0,8.0
265,2.47,80.2,0.0,1053.0,3.6,4.42,3.91,3.56,8.7,6.6,529.0,10.0,10.0
266,2.63,82.3,0.0,932.0,4.75,3.36,4.71,3.97,8.4,7.1,531.0,10.0,12.0
267,2.74,86.9,0.0,1041.0,4.81,3.18,4.83,4.77,12.3,9.8,533.0,10.0,14.0
268,3.33,99.4,0.0,816.0,3.35,3.7,3.76,4.96,14.3,17.0,535.0,10.0,16.0
269,2.52,92.9,0.0,1008.0,4.5,4.67,4.86,3.32,16.9,16.8,537.0,10.0,18.0
270,2.57,88.5,0.0,1076.0,3.14,3.6,4.22,3.35,8.9,12.7,539.0,10.0,20.0
271,2.42,78.4,0.0,1095.0,4.11,3.93,3.79,3.77,16.9,9.9,541.0,10.0,22.0
272,2.21,90.7,0.0,967.0,3.03,3.44,3.3,3.78,8.0,3.1,543.0,10.0,24.0
273,2.98,94.3,0.0,855.0,4.62,4.57,4.44,3.62,11.6,8.7,545.0,10.0,26.0
274,2.71,89.6,0.0,1006.0,3.93,3.53,3.83,4.55,16.8,11.0,547.0,10.0,28.0
275,2.5,81.9,0.0,805.0,4.14,4.74,3.64,4.95,16.8,7.3,549.0,10.0,30.0
276,2.86,84.0,0.0,982.0,3.36,3.06,4.78,3.04,17.6,13.4,551.0,10.0,32.0
277,2.92,81.7,0.0,892.0,4.52,3.8,4.2,4.81,10.2,7.6,553.0,10.0,34.0
278,2.55,91.4,0.0,919.0,3.07,3.27,3.58,4.66,3.1,10.3,555.0,10.0,36.0
279,3.49,96.4,0.0,800.0,3.95,3.02,4.24,3.18,4.1,3.6,557.0,10.0,38.0
280,3.45,87.6,0.0,1035.0,4.97,4.41,3.76,4.54,16.8,8.3,559.0,10.0,40.0
281,2.61,91.3,0.0,1025.0,4.54,3.6,4.76,3.71,15.9,10.0,561.0,10.0,42.0
282,2.27,71.5,0.0,1096.0,3.23,4.46,4.59,3.62,14.8,4.8,563.0,10.0,44.0
283,2.26,99.7,0.0,809.0,4.67,3.16,4.9,4.29,4.9,10.8,565.0,10.0,46.0
284,2.41,76.3,0.0,1020.0,4.64,3.76,3.09,3.93,16.4,17.5,567.0,10.0,48.0
285,2.34,89.5,0.0,983.0,3.07,3.09,3.33,4.85,12.6,6.7,569.0,10.0,50.0
286,2.66,73.0,0.0,953.0,3.04,4.41,3.63,4.39,17.0,16.7,571.0,11.0,0.0
287,2.56,79.1,0.0,1051.0,4.05,4.04,4.61,3.08,13.1,7.7,573.0,11.0,2.0
288,2.68,72.2,0.0,919.0,4.68,3.82,3.89,4.48,16.2,12.3,575.0,11.0,4.0
289,2.0,91.4,0.0,984.0,3.13,4.24,3.93,4.17,9.2,14.3,577.0,11.0,6.0
290,3.4,71.9,0.0,1059.0,4.34,3.73,3.98,3.07,16.2,16.1,579.0,11.0,8.0
291,2.69,88.7,0.0,862.0,3.49,4.16,3.41,3.52,16.7,11.4,581.0,11.0,10.0
292,2.32,97.6,0.0,928.0,3.83,4.09,4.68,3.46,5.5,3.6,583.0,11.0,12.0
293,3.44,86.1,0.0,981.0,4.31,4.82,4.89,4.81,4.6,17.4,585.0,11.0,14.0
294,3.27,90.8,0.0,958.0,3.56,3.12,3.61,3.96,14.2,6.8,587.0,11.0,16.0
295,2.96,92.1,0.0,803.0,3.89,3.29,3.79,4.44,7.8,17.4,589.0,11.0,18.0
296,3.21,77.0,0.0,1055.0,3.57,3.82,4.14,3.28,12.8,14.4,591.0,11.0,20.0
297,2.7,97.5,0.0,979.0,4.74,4.16,3.53,4.36,8.2,5.2,593.0,11.0,22.0
298,2.52,72.2,0.0,1002.0,4.76,3.46,4.2,3.42,17.5,13.1,595.0,11.0,24.0
299,2.06,97.2,0.0,976.0,3.73,3.03,3.96,4.31,3.4,13.0,597.0,11.0,26.0
300,2.78,90.7,0.0,1067.0,4.21,3.85,4.69,3.56,13.0,10.8,599.0,11.0,28.0
301,2.4,82.0,0.0,895.0,4.81,3.53,4.19,4.71,15.8,7.2,601.0,11.0,30.0
302,3.03,83.9,0.0,867.0,3.6,4.82,4.0,3.3,15.0,6.4,603.0,11.0,32.0
303,2.67,84.5,0.0,1010.0,3.2,4.3,3.36,4.33,17.6,10.0,605.0,11.0,34.0
304,3.35,75.3,0.0,1053.0,4.81,4.63,3.21,3.2,9.1,4.0,607.0,11.0,36.0
305,2.61,95.7,0.0,835.0,3.45,4.53,4.12,3.4,6.3,11.4,609.0,11.0,38.0
306,2.64,93.1,0.0,859.0,3.35,4.79,3.52,3.19,8.8,5.9,611.0,11.0,40.0
307,2.56,77.1,0.0,945.0,4.27,4.98,3.61,3.15,5.8,4.2,613.0,11.0,42.0
308,2.78,84.1,0.0,945.0,4.09,4.91,3.43,3.53,12.6,6.6,615.0,11.0,44.0
309,2.07,94.8,0.0,891.0,3.56,4.94,3.37,3.13,9.3,11.2,617.0,11.0,46.0
310,3.31,92.5,0.0,809.0,4.68,4.06,4.14,4.62,9.7,6.8,619.0,11.0,48.0
311,2.1,96.9,0.0,991.0,3.15,3.71,4.66,4.41,16.9,6.4,621.0,11.0,50.0
312,2.09,81.0,0.0,1072.0,4.13,4.67,3.42,3.14,12.6,7.2,623.0,12.0,0.0
313,3.23,88.0,0.0,988.0,3.9,4.12,4.61,4.53,7.1,5.1,625.0,12.0,2.0
314,2.19,70.7,0.0,823.0,4.81,3.35,4.09,3.39,13.5,4.3,627.0,12.0,4.0
315,2.84,81.3,0.0,1040.0,3.96,4.78,3.52,3.42,11.4,13.1,629.0,12.0,6.0
316,3.08,82.9,0.0,922.0,4.06,4.92,3.64,3.63,13.1,5.5,631.0,12.0,8.0
317,2.1,98.1,0.0,1033.0,4.46,3.49,4.36,3.91,9.8,11.1,633.0,12.0,10.0
318,2.6,99.0,0.0,935.0,4.55,3.53,3.94,3.44,14.8,7.6,635.0,12.0,12.0
319,2.14,96.8,0.0,950.0,3.31,4.93,4.38,4.04,10.8,5.2,637.0,12.0,14.0
320,3.41,71.6,0.0,890.0,3.89,4.45,4.32,4.51,5.9,11.3,639.0,12.0,16.0
321,3.22,88.7,0.0,1065.0,3.4,3.67,3.73,3.65,5.3,6.6,641.0,12.0,18.0
322,2.67,92.1,0.0,1049.0,3.81,4.79,3.7,3.1,13.0,3.7,643.0,12.0,20.0
323,3.05,71.2,0.0,952.0,4.26,3.79,4.33,3.94,7.7,10.2,645.0,12.0,22.0
324,2.89,88.6,0.0,884.0,4.82,3.07,4.68,4.02,4.7,6.4,647.0,12.0,24.0
325,3.46,98.2,0.0,996.0,3.96,4.31,4.09,3.27,15.2,3.6,649.0,12.0,26.0
326,2.78,92.0,0.0,965.0,4.01,3.53,4.54,3.57,10.2,10.6,651.0,12.0,28.0
327,2.64,78.3,0.0,863.0,3.79,3.6,3.53,3.39,5.7,9.5,653.0,12.0,30.0
328,2.84,90.3,0.0,822.0,3.14,3.87,4.46,4.76,5.2,11.6,655.0,12.0,32.0
329,2.72,76.6,0.0,1062.0,3.76,3.84,4.71,3.79,4.0,12.6,657.0,12.0,34.0
330,2.43,96.1,0.0,935.0,3.58,3.82,4.34,4.81,4.1,15.3,659.0,12.0,36.0
331,2.25,78.9,0.0,843.0,3.43,3.83,3.2,3.17,9.4,15.0,661.0,12.0,38.0
332,2.91,92.8,0.0,885.0,4.15,4.37,3.12,3.28,15.9,3.2,663.0,12.0,40.0
333,3.39,97.5,0.0,923.0,3.09,3.83,4.05,3.42,3.8,10.6,665.0,12.0,42.0
334,2.71,80.0,0.0,988.0,3.16,3.51,4.93,3.47,8.9,3.5,667.0,12.0,44.0
335,3.29,70.2,0.0,1025.0,3.61,3.42,3.04,4.8,3.8,17.4,669.0,12.0,46.0
336,3.34,95.4,0.0,899.0,4.95,4.79,4.04,3.23,12.0,4.8,671.0,12.0,48.0
337,3.36,94.2,0.0,1073.0,3.81,3.4,4.25,4.8,8.9,15.7,673.0,12.0,50.0
338,3.25,90.7,0.0,883.0,4.46,4.47,4.26,4.64,15.4,10.8,675.0,13.0,0.0
339,2.32,99.1,0.0,840.0,4.9,3.13,4.59,3.46,4.6,13.7,677.0,13.0,2.0
340,2.45,94.0,0.0,836.0,4.69,4.24,4.89,3.45,14.7,13.5,679.0,13.0,4.0
341,2.8,97.4,0.0,813.0,3.22,4.37,3.83,3.28,4.4,9.3,681.0,13.0,6.0
342,2.99,75.0,0.0,1008.0,4.76,4.06,4.76,3.93,7.2,15.5,683.0,13.0,8.0
343,2.08,94.8,0.0,885.0,3.63,4.2,3.24,3.3,8.0,7.3,685.0,13.0,10.0
344,2.1,74.3,0.0,1060.0,4.46,4.43,4.54,4.35,5.9,7.0,687.0,13.0,12.0
345,2.8,95.9,0.0,1031.0,4.83,4.26,3.0,4.27,17.7,8.0,689.0,13.0,14.0
346,2.56,75.0,0.0,1001.0,4.47,3.46,4.14,3.28,10.3,11.4,691.0,13.0,16.0
347,3.29,72.2,0.0,807.0,4.81,3.49,4.49,4.57,9.1,17.4,693.0,13.0,18.0
348,2.81,94.6,0.0,831.0,3.95,3.97,4.87,4.24,10.7,17.2,695.0,13.0,20.0
349,2.23,84.8,0.0,924.0,3.51,4.68,4.92,3.68,4.3,12.4,697.0,13.0,22.0
350,3.33,89.6,0.0,874.0,4.42,3.35,3.81,3.31,17.5,3.0,699.0,13.0,24.0
351,2.32,79.4,0.0,1065.0,4.38,4.97,3.48,3.54,17.0,9.1,701.0,13.0,26.0
352,3.48,91.9,0.0,898.0,4.17,4.57,4.97,3.29,12.5,4.3,703.0,13.0,28.0
353,3.31,97.0,0.0,833.0,3.97,4.64,3.69,4.39,15.8,17.0,705.0,13.0,30.0
354,3.27,75.7,0.0,910.0,4.87,4.84,3.19,3.51,9.0,13.7,707.0,13.0,32.0
355,3.12,88.6,0.0,1052.0,4.91,4.67,3.71,3.88,5.3,4.3,709.0,13.0,34.0
356,2.6,82.1,0.0,1094.0,3.67,3.18,4.36,3.24,4.9,16.4,711.0,13.0,36.0
357,3.15,91.9,0.0,829.0,3.68,3.18,3.59,3.17,15.6,15.4,713.0,13.0,38.0
358,2.18,92.1,0.0,979.0,3.3,3.59,4.61,3.65,6.4,7.4,715.0,13.0,40.0
359,3.15,73.6,0.0,994.0,3.98,4.93,4.77,3.76,17.2,12.4,717.0,13.0,42.0
360,2.19,98.6,0.0,827.0,4.3,3.92,4.95,3.61,4.6,11.6,719.0,13.0,44.0
361,2.57,91.1,0.0,909.0,4.33,3.76,3.7,4.1,12.1,8.1,721.0,13.0,46.0
362,3.0,81.9,0.0,917.0,4.51,4.79,4.03,3.81,7.8,7.6,723.0,13.0,48.0
363,3.23,76.1,0.0,846.0,3.88,4.31,3.34,3.44,7.1,3.2,725.0,13.0,50.0
364,2.26,99.6,0.0,948.0,4.08,4.78,4.09,4.4,15.7,14.7,727.0,14.0,0.0
365,2.87,92.8,0.0,1029.0,3.71,3.84,4.93,3.83,11.8,9.2,729.0,14.0,2.0
366,2.05,72.6,0.0,993.0,3.03,3.2,4.25,4.15,3.1,9.4,731.0,14.0,4.0
367,2.09,71.5,0.0,991.0,4.93,4.95,4.74,4.95,4.2,8.2,733.0,14.0,6.0
368,2.6,84.1,0.0,912.0,4.31,4.01,3.9,4.33,5.5,17.8,735.0,14.0,8.0
369,2.16,97.1,0.0,989.0,3.32,3.76,3.19,3.08,3.3,9.6,737.0,14.0,10.0
370,3.23,94.6,0.0,1079.0,4.41,3.93,4.86,3.99,4.3,17.3,739.0,14.0,12.0
371,2.98,98.4,0.0,812.0,4.94,3.33,3.93,4.02,3.3,12.9,741.0,14.0,14.0
372,2.69,71.5,0.0,1076.0,3.35,4.22,4.04,3.89,8.5,15.4,743.0,14.0,16.0
373,3.34,86.9,0.0,967.0,3.87,3.67,3.09,3.62,7.7,13.8,745.0,14.0,18.0
374,2.05,72.7,0.0,843.0,4.69,3.68,3.44,4.7,9.8,5.5,747.0,14.0,20.0
375,2.07,96.4,0.0,955.0,3.36,3.44,4.37,4.46,13.1,6.1,749.0,14.0,22.0
376,3.16,89.9,0.0,1012.0,4.57,4.69,4.57,3.23,15.2,11.4,751.0,14.0,24.0
377,3.42,90.8,0.0,920.0,3.62,3.38,4.33,3.45,3.3,14.6,753.0,14.0,26.0
378,2.04,70.4,0.0,916.0,4.18,4.44,4.2,4.95,10.3,12.5,755.0,14.0,28.0
379,3.13,77.9,0.0,973.0,4.92,4.04,4.75,3.37,5.6,16.6,757.0,14.0,30.0
380,3.21,82.6,0.0,886.0,4.41,3.69,4.1,4.45,14.3,13.7,759.0,14.0,32.0
381,2.86,85.1,0.0,1041.0,4.52,3.87,3.44,4.18,15.3,5.0,761.0,14.0,34.0
382,3.39,70.7,0.0,1061.0,3.86,3.51,4.4,3.58,16.4,7.4,763.0,14.0,36.0
383,2.91,90.5,0.0,1039.0,4.11,4.43,3.56,3.23,11.9,10.4,765.0,14.0,38.0
384,2.59,99.5,0.0,892.0,3.3,4.67,3.52,3.28,8.5,13.6,767.0,14.0,40.0
385,2.37,80.7,0.0,819.0,4.16,3.48,4.39,3.31,10.5,3.4,769.0,14.0,42.0
386,3.06,96.6,0.0,922.0,3.59,4.09,4.24,3.79,4.4,15.0,771.0,14.0,44.0
387,3.09,83.2,0.0,831.0,3.48,3.17,3.05,3.87,11.6,15.1,773.0,14.0,46.0
388,2.43,83.2,0.0,860.0,4.75,3.2,3.31,4.49,15.3,11.7,775.0,14.0,48.0
389,2.43,95.9,0.0,916.0,4.34,4.61,4.17,4.02,8.8,7.5,777.0,14.0,50.0
390,2.89,82.7,0.0,871.0,4.57,4.76,3.56,3.7,15.2,10.3,779.0,15.0,0.0
391,3.13,92.4,0.0,802.0,3.07,4.17,4.05,4.67,4.5,4.8,781.0,15.0,2.0
392,2.19,98.1,0.0,968.0,3.05,4.57,3.65,4.53,9.2,13.0,783.0,15.0,4.0
393,3.03,91.5,0.0,844.0,4.04,3.2,4.81,4.79,8.2,17.0,785.0,15.0,6.0
394,3.48,71.8,0.0,916.0,4.4,4.89,3.81,4.83,12.1,6.8,787.0,15.0,8.0
395,3.42,97.4,0.0,813.0,3.1,4.84,4.97,4.87,9.2,4.4,789.0,15.0,10.0
396,3.18,84.7,0.0,934.0,4.9,3.05,4.41,4.36,10.4,17.7,791.0,15.0,12.0
397,3.19,75.5,0.0,1074.0,4.64,4.51,4.84,4.09,17.5,14.9,793.0,15.0,14.0
398,3.13,96.4,0.0,971.0,4.5,4.26,4.14,4.61,5.1,16.7,795.0,15.0,16.0
399,2.71,76.2,0.0,801.0,4.85,3.21,4.58,4.72,6.7,12.3,797.0,15.0,18.0
400,3.47,70.2,0.0,882.0,3.14,4.0,4.15,4.47,16.4,12.4,799.0,15.0,20.0
401,2.97,79.6,0.0,847.0,3.16,4.99,3.44,4.74,6.9,11.8,801.0,15.0,22.0
402,3.22,84.5,0.0,1009.0,3.68,4.08,3.48,3.88,4.5,12.4,803.0,15.0,24.0
403,3.36,78.9,0.0,815.0,4.67,4.19,4.85,4.03,13.4,9.8,805.0,15.0,26.0
404,2.46,95.2,0.0,974.0,3.94,4.52,4.83,3.16,5.4,7.0,807.0,15.0,28.0
405,2.63,71.8,0.0,830.0,4.83,4.15,3.48,4.58,7.8,8.5,809.0,15.0,30.0
406,2.97,94.1,0.0,867.0,3.57,4.07,4.11,4.23,3.1,17.7,811.0,15.0,32.0
407,2.55,94.8,0.0,977.0,3.74,3.14,4.21,3.07,12.8,5.4,813.0,15.0,34.0
408,2.3,84.5,0.0,944.0,3.14,4.66,3.66,3.92,15.6,9.6,815.0,15.0,36.0
409,2.66,71.6,0.0,919.0,4.96,3.88,4.23,3.59,17.0,11.5,817.0,15.0,38.0
410,2.8,78.9,0.0,916.0,3.55,4.2,4.58,4.98,8.4,10.3,819.0,15.0,40.0
411,2.82,94.8,0.0,913.0,3.34,3.96,3.42,4.89,11.9,7.7,821.0,15.0,42.0
412,3.06,70.9,0.0,854.0,4.28,3.71,3.4,3.68,6.3,8.8,823.0,15.0,44.0
413,3.28,92.8,0.0,1087.0,3.59,4.31,3.06,4.95,13.2,9.8,825.0,15.0,46.0
414,2.8,79.8,0.0,867.0,3.76,4.99,3.56,3.79,5.6,14.2,827.0,15.0,48.0
415,2.61,70.0,0.0,917.0,4.7,3.39,3.02,3.95,12.3,6.2,829.0,15.0,50.0
416,2.4,93.6,0.0,952.0,4.73,4.84,3.34,4.06,10.0,8.0,831.0,16.0,0.0
417,2.13,92.7,0.0,988.0,4.82,4.02,4.42,3.55,15.8,17.1,833.0,16.0,2.0
418,2.51,97.4,0.0,1083.0,4.26,3.05,4.7,4.58,13.4,8.4,835.0,16.0,4.0
419,2.12,84.6,0.0,887.0,4.37,4.16,4.38,3.33,16.9,15.4,837.0,16.0,6.0
420,3.38,83.7,0.0,933.0,4.82,4.59,3.67,3.41,5.4,16.0,839.0,16.0,8.0
421,2.88,71.2,0.0,1088.0,3.97,4.91,3.08,4.33,6.9,12.8,841.0,16.0,10.0
422,2.51,77.0,0.0,958.0,3.64,3.53,4.6,4.44,3.0,12.1,843.0,16.0,12.0
423,3.12,92.1,0.0,888.0,4.3,3.59,4.25,4.8,8.5,11.1,845.0,16.0,14.0
424,3.06,74.8,0.0,879.0,3.75,4.93,3.47,3.75,16.1,5.7,847.0,16.0,16.0
425,2.46,77.7,0.0,805.0,4.61,3.0,3.55,4.68,10.9,14.9,849.0,16.0,18.0
426,3.1,85.8,0.0,936.0,4.64,3.87,4.31,4.45,6.3,3.4,851.0,16.0,20.0
427,2.94,95.8,0.0,1038.0,3.54,3.38,3.56,4.23,3.0,14.2,853.0,16.0,22.0
428,2.52,74.9,0.0,1000.0,4.19,4.37,4.35,4.99,10.9,7.2,855.0,16.0,24.0
429,3.46,88.6,0.0,927.0,4.44,4.24,3.14,3.67,7.9,4.8,857.0,16.0,26.0
430,2.57,85.1,0.0,929.0,3.63,3.31,3.61,3.61,5.9,3.6,859.0,16.0,28.0
431,2.2,83.2,0.0,1011.0,3.31,4.79,3.68,4.06,8.3,6.7,861.0,16.0,30.0
432,2.93,73.4,0.0,1008.0,3.38,3.55,3.2,3.75,3.4,4.0,863.0,16.0,32.0
433,3.47,85.3,0.0,959.0,4.58,3.7,4.36,3.63,4.0,8.6,865.0,16.0,34.0
434,2.24,86.6,0.0,1070.0,4.54,3.75,4.42,4.03,9.6,6.8,867.0,16.0,36.0
435,2.87,75.8,0.0,1046.0,3.22,3.42,3.37,4.64,10.8,11.5,869.0,16.0,38.0
436,3.26,86.5,0.0,924.0,4.72,3.05,3.82,4.43,7.2,14.2,871.0,16.0,40.0
437,3.34,80.5,0.0,1059.0,4.23,3.38,3.46,3.62,7.6,14.8,873.0,16.0,42.0
438,2.4,70.4,0.0,988.0,3.87,4.05,4.94,4.56,14.0,7.5,875.0,16.0,44.0
439,2.4,78.1,0.0,854.0,4.63,4.07,3.67,3.05,17.5,15.3,877.0,16.0,46.0
440,3.28,78.0,0.0,1046.0,3.11,3.51,3.91,3.45,13.0,8.0,879.0,16.0,48.0
441,2.46,83.1,0.0,945.0,3.87,3.6,3.42,3.02,6.6,11.0,881.0,16.0,50.0
442,3.11,71.3,0.0,807.0,4.37,3.85,3.7,3.84,4.8,5.4,883.0,17.0,0.0
443,2.69,98.7,0.0,1081.0,4.11,3.9,3.57,3.01,4.6,15.1,885.0,17.0,2.0
444,2.95,99.4,0.0,923.0,3.68,3.72,3.18,4.44,17.9,3.1,887.0,17.0,4.0
445,2.73,85.0,0.0,813.0,3.48,4.56,4.78,4.87,3.5,13.3,889.0,17.0,6.0
446,3.47,87.8,0.0,897.0,4.34,4.66,4.15,3.11,15.8,8.0,891.0,17.0,8.0
447,2.62,81.2,0.0,977.0,4.6,3.28,3.73,3.69,12.5,9.8,893.0,17.0,10.0
448,3.14,80.7,0.0,996.0,4.31,3.68,3.69,3.18,13.0,10.3,895.0,17.0,12.0
449,2.12,95.8,0.0,860.0,4.54,4.87,3.55,3.66,11.3,14.2,897.0,17.0,14.0
450,2.35,83.8,0.0,873.0,3.81,3.93,3.73,3.22,3.8,4.8,899.0,17.0,16.0
451,3.03,77.2,0.0,865.0,4.79,4.64,4.19,3.12,12.9,11.3,901.0,17.0,18.0
452,3.22,88.9,0.0,957.0,3.96,4.7,3.3,3.59,8.1,10.5,903.0,17.0,20.0
453,2.72,72.2,0.0,1037.0,4.91,4.35,3.81,4.98,8.2,6.4,905.0,17.0,22.0
454,3.35,97.9,0.0,890.0,3.49,4.98,4.03,3.01,11.6,13.9,907.0,17.0,24.0
455,2.65,89.9,0.0,1085.0,4.84,4.25,3.95,3.34,7.4,5.9,909.0,17.0,26.0
456,3.31,95.1,0.0,845.0,3.48,3.97,3.98,4.39,3.8,16.7,911.0,17.0,28.0
457,2.66,90.6,0.0,820.0,4.71,3.88,3.74,3.95,13.2,9.4,913.0,17.0,30.0
458,2.29,79.0,0.0,1082.0,3.73,4.9,4.55,4.68,5.2,10.5,915.0,17.0,32.0
459,2.95,87.9,0.0,844.0,3.33,4.38,3.56,3.21,4.6,15.9,917.0,17.0,34.0
460,2.7,94.5,0.0,1067.0,3.44,4.53,4.71,3.3,16.1,13.5,919.0,17.0,36.0
461,2.14,99.8,0.0,997.0,3.55,4.87,3.83,3.61,6.1,7.1,921.0,17.0,38.0
462,2.7,70.5,0.0,878.0,4.28,3.44,3.7,4.01,11.9,5.1,923.0,17.0,40.0
463,2.93,74.2,0.0,1006.0,3.89,3.95,3.79,3.49,7.0,6.6,925.0,17.0,42.0
464,2.12,75.4,0.0,976.0,4.05,4.01,4.81,3.2,16.6,10.5,927.0,17.0,44.0
465,2.93,82.0,0.0,1029.0,4.99,3.76,4.13,3.79,7.4,6.5,929.0,17.0,46.0
466,2.71,72.6,0.0,923.0,3.47,3.15,3.28,4.28,6.7,15.0,931.0,17.0,48.0
467,2.74,83.4,0.0,921.0,3.36,3.3,3.59,4.84,9.5,8.6,933.0,17.0,50.0
468,2.84,97.3,0.0,916.0,4.54,3.73,4.48,3.03,4.1,17.7,935.0,18.0,0.0
469,3.04,94.3,0.0,1061.0,3.93,4.32,3.4,4.98,8.3,12.2,937.0,18.0,2.0
470,2.73,90.1,0.0,927.0,4.74,3.13,3.3,3.29,4.5,7.1,939.0,18.0,4.0
471,3.39,72.1,0.0,928.0,4.92,4.98,4.25,3.63,15.7,4.1,941.0,18.0,6.0
472,3.23,98.4,0.0,970.0,4.99,4.02,4.24,4.73,17.7,17.8,943.0,18.0,8.0
473,2.21,89.9,0.0,833.0,3.97,3.52,4.14,3.01,9.3,3.4,945.0,18.0,10.0
474,2.23,90.6,0.0,863.0,3.03,4.53,4.39,4.42,9.9,4.0,947.0,18.0,12.0
475,2.34,82.1,0.0,1073.0,3.6,4.14,3.34,3.86,16.9,7.8,949.0,18.0,14.0
476,3.19,82.5,0.0,1002.0,4.09,3.77,4.66,3.94,4.6,6.7,951.0,18.0,16.0
477,3.16,84.4,0.0,864.0,3.71,4.89,4.2,3.78,11.3,3.3,953.0,18.0,18.0
478,2.33,84.7,0.0,838.0,3.59,4.37,3.16,4.42,15.1,11.7,955.0,18.0,20.0
479,3.32,78.4,0.0,960.0,3.68,4.72,4.35,4.65,15.7,10.0,957.0,18.0,22.0
480,2.61,70.0,0.0,841.0,4.98,3.03,3.11,3.02,15.8,6.7,959.0,18.0,24.0
481,3.16,84.9,0.0,875.0,4.82,3.78,3.44,3.97,16.9,5.7,961.0,18.0,26.0
482,3.4,99.4,0.0,974.0,3.26,4.54,3.31,4.25,11.3,9.9,963.0,18.0,28.0
483,3.25,72.7,0.0,1049.0,3.29,3.99,3.95,3.61,13.4,6.8,965.0,18.0,30.0
484,2.49,70.4,0.0,1022.0,3.49,4.2,3.73,3.83,12.3,3.8,967.0,18.0,32.0
485,2.4,80.4,0.0,886.0,3.76,3.48,4.05,4.97,3.5,3.0,969.0,18.0,34.0
486,2.56,91.4,0.0,903.0,3.85,3.95,4.31,4.09,14.3,17.6,971.0,18.0,36.0
487,2.37,77.6,0.0,984.0,3.89,3.03,3.87,3.71,10.0,9.3,973.0,18.0,38.0
488,2.82,76.8,0.0,934.0,4.9,4.35,3.84,4.32,12.0,5.1,975.0,18.0,40.0
489,2.99,98.3,0.0,1077.0,3.64,3.31,4.28,4.18,17.3,8.6,977.0,18.0,42.0
490,3.1,97.4,0.0,855.0,4.46,4.16,4.91,4.12,17.6,9.5,979.0,18.0,44.0
491,3.42,94.9,0.0,1061.0,4.76,4.24,4.41,4.96,5.3,6.9,981.0,18.0,46.0
492,3.14,95.5,0.0,1060.0,4.24,4.56,4.07,4.62,6.9,5.9,983.0,18.0,48.0
493,2.08,83.2,0.0,830.0,4.34,4.07,4.26,4.14,17.0,13.7,985.0,18.0,50.0
494,3.29,84.2,0.0,840.0,4.2,3.37,3.4,4.85,5.9,10.8,987.0,19.0,0.0
495,2.83,81.9,0.0,1026.0,3.46,3.47,3.74,4.68,12.4,9.2,989.0,19.0,2.0
496,2.64,97.3,0.0,852.0,4.77,3.61,4.54,4.82,10.5,7.7,991.0,19.0,4.0
497,2.42,76.5,0.0,867.0,4.77,3.94,4.94,3.61,8.2,11.7,993.0,19.0,6.0
498,2.68,89.4,0.0,879.0,4.22,4.71,4.67,4.59,14.9,6.9,995.0,19.0,8.0
499,2.98,97.2,0.0,936.0,4.16,3.62,4.66,4.04,12.8,13.7,997.0,19.0,10.0
500,2.96,77.8,0.0,856.0,3.72,4.73,4.78,3.65,7.4,9.7,999.0,19.0,12.0
501,2.45,74.9,0.0,839.0,3.9,3.79,3.65,3.52,12.7,16.9,1001.0,19.0,14.0
502,2.79,89.2,0.0,899.0,3.72,4.57,3.52,3.3,16.3,3.6,1003.0,19.0,16.0
503,2.27,83.9,0.0,854.0,4.88,4.65,4.23,4.84,3.0,6.2,1005.0,19.0,18.0
504,2.29,98.7,0.0,900.0,3.44,3.72,4.43,3.79,8.3,13.6,1007.0,19.0,20.0
505,3.25,90.4,0.0,1068.0,4.21,4.83,3.24,4.98,16.4,13.2,1009.0,19.0,22.0
506,3.42,93.2,0.0,1093.0,3.08,3.59,3.41,3.53,16.7,16.7,1011.0,19.0,24.0
507,2.33,96.4,0.0,939.0,3.74,4.49,3.12,3.85,11.2,11.9,1013.0,19.0,26.0
508,2.56,97.5,0.0,802.0,4.02,3.65,4.36,4.42,6.9,14.1,1015.0,19.0,28.0
509,2.68,96.6,0.0,1079.0,3.18,3.86,4.96,3.39,13.6,8.6,1017.0,19.0,30.0
510,2.86,97.5,0.0,1052.0,4.57,4.42,3.73,4.3,9.6,7.1,1019.0,19.0,32.0
511,2.15,98.4,0.0,871.0,3.05,4.34,3.61,3.61,15.0,11.4,1021.0,19.0,34.0
512,3.07,80.4,0.0,1025.0,3.16,3.96,4.63,3.44,13.1,6.5,1023.0,19.0,36.0
513,2.38,83.5,0.0,1072.0,4.98,4.24,4.87,3.15,8.4,7.6,1025.0,19.0,38.0
514,2.84,92.0,0.0,1053.0,4.17,4.06,3.92,3.18,15.4,12.6,1027.0,19.0,40.0
515,2.69,88.3,0.0,865.0,4.5,4.06,4.07,4.71,11.9,10.0,1029.0,19.0,42.0
516,2.71,91.8,0.0,976.0,4.96,3.21,4.62,3.79,6.9,8.8,1031.0,19.0,44.0
517,2.49,90.6,0.0,985.0,3.09,3.45,3.92,3.15,14.6,4.9,1033.0,19.0,46.0
518,2.9,99.4,0.0,947.0,4.85,3.63,3.23,3.52,14.1,8.9,1035.0,19.0,48.0
519,2.88,89.1,0.0,1084.0,3.63,3.32,4.39,3.66,16.8,4.7,1037.0,19.0,50.0
520,3.02,84.5,0.0,1018.0,3.13,4.91,4.55,4.77,3.5,13.0,1039.0,20.0,0.0
521,2.26,80.5,0.0,854.0,4.46,3.8,3.0,4.9,11.2,17.9,1041.0,20.0,2.0
522,2.44,75.5,0.0,908.0,3.14,3.54,3.13,4.98,17.7,12.6,1043.0,20.0,4.0
523,2.92,70.1,0.0,966.0,3.12,3.01,4.1,4.24,15.6,5.0,1045.0,20.0,6.0
524,2.0,93.9,0.0,944.0,3.98,4.93,4.24,3.1,13.5,13.0,1047.0,20.0,8.0
525,2.75,85.0,0.0,825.0,3.5,3.8,4.52,4.59,11.3,10.9,1049.0,20.0,10.0
526,2.02,92.7,0.0,860.0,4.09,3.48,3.31,4.0,12.8,13.5,1051.0,20.0,12.0
527,2.56,84.5,0.0,934.0,4.18,3.0,4.4,3.34,17.1,3.9,1053.0,20.0,14.0
528,2.85,75.6,0.0,989.0,3.53,4.48,3.23,4.98,17.5,17.1,1055.0,20.0,16.0
529,2.87,72.5,0.0,880.0,3.93,4.87,3.32,3.61,4.0,6.9,1057.0,20.0,18.0
530,2.85,75.0,0.0,1012.0,3.83,3.46,4.48,4.98,17.9,13.7,1059.0,20.0,20.0
531,2.99,87.3,0.0,848.0,3.6,4.85,4.55,3.55,7.5,5.0,1061.0,20.0,22.0
532,3.26,90.3,0.0,882.0,4.52,3.44,3.2,4.02,8.5,12.6,1063.0,20.0,24.0
533,3.07,70.3,0.0,1070.0,3.47,4.91,3.87,4.87,14.2,5.0,1065.0,20.0,26.0
534,3.47,77.5,0.0,1001.0,3.51,4.33,3.64,3.52,17.9,6.5,1067.0,20.0,28.0
535,2.5,72.9,0.0,915.0,3.89,4.09,3.19,3.07,9.7,5.2,1069.0,20.0,30.0
536,2.37,85.9,0.0,1047.0,4.6,3.86,4.18,4.32,12.4,9.2,1071.0,20.0,32.0
537,3.14,75.8,0.0,963.0,4.0,4.87,3.96,3.14,13.0,17.1,1073.0,20.0,34.0
538,2.56,75.8,0.0,815.0,4.63,4.5,4.71,3.39,14.1,8.3,1075.0,20.0,36.0
539,2.95,78.1,0.0,848.0,4.58,3.69,3.5,4.37,17.3,8.5,1077.0,20.0,38.0
540,3.06,95.7,0.0,1094.0,3.77,4.97,4.25,3.98,16.6,8.2,1079.0,20.0,40.0
541,2.51,75.3,0.0,928.0,4.65,4.07,3.48,3.33,11.5,17.6,1081.0,20.0,42.0
542,2.99,70.5,0.0,1033.0,4.45,4.46,4.23,3.43,3.2,5.9,1083.0,20.0,44.0
543,2.83,81.4,0.0,937.0,4.06,4.42,3.51,4.95,13.8,7.5,1085.0,20.0,46.0
544,2.22,89.4,0.0,894.0,4.73,4.93,4.12,3.36,9.1,16.5,1087.0,20.0,48.0
545,3.48,94.8,0.0,817.0,4.52,3.14,4.02,4.89,4.5,7.6,1089.0,20.0,50.0
546,3.04,94.8,0.0,884.0,3.35,3.3,3.96,3.14,11.9,12.0,1091.0,21.0,0.0
547,2.68,94.0,0.0,1034.0,3.39,3.18,3.72,4.39,15.1,10.5,1093.0,21.0,2.0
548,3.38,91.4,0.0,803.0,4.15,4.22,3.27,4.47,7.1,4.6,1095.0,21.0,4.0
549,2.41,81.6,0.0,1029.0,3.47,3.33,3.56,3.82,16.2,5.8,1097.0,21.0,6.0
550,3.27,99.6,0.0,1012.0,3.69,4.13,4.92,3.44,15.6,14.5,1099.0,21.0,8.0
551,2.47,78.8,0.0,1031.0,4.6,4.69,3.32,4.11,3.3,7.9,1101.0,21.0,10.0
552,2.64,88.5,0.0,1070.0,3.83,3.27,4.33,3.41,6.2,9.0,1103.0,21.0,12.0
553,3.49,79.3,0.0,1077.0,3.68,3.41,3.92,3.13,14.6,13.0,1105.0,21.0,14.0
554,2.78,95.5,0.0,960.0,3.14,4.78,3.3,4.61,3.6,4.2,1107.0,21.0,16.0
555,2.88,84.1,0.0,1089.0,4.05,3.24,3.31,3.21,11.1,10.3,1109.0,21.0,18.0
556,3.15,70.6,0.0,868.0,3.37,4.09,4.39,3.66,12.3,14.6,1111.0,21.0,20.0
557,2.83,94.7,0.0,1078.0,3.07,4.62,3.77,4.07,8.6,9.8,1113.0,21.0,22.0
558,3.46,94.9,0.0,876.0,3.89,3.73,3.34,4.64,7.2,4.4,1115.0,21.0,24.0
559,2.42,98.6,0.0,816.0,4.97,3.88,3.97,3.73,3.7,4.1,1117.0,21.0,26.0
560,2.2,89.1,0.0,915.0,3.22,3.19,3.29,4.9,17.5,14.9,1119.0,21.0,28.0
561,3.12,93.1,0.0,983.0,4.34,4.01,3.69,3.04,7.8,5.0,1121.0,21.0,30.0
562,3.4,78.7,0.0,881.0,3.76,4.99,3.91,3.53,7.9,15.3,1123.0,21.0,32.0
563,3.2,93.7,0.0,947.0,3.04,4.18,4.64,4.97,10.9,6.1,1125.0,21.0,34.0
564,2.93,82.6,0.0,915.0,3.75,4.39,4.91,3.14,13.6,15.3,1127.0,21.0,36.0
565,2.98,74.5,0.0,963.0,3.73,4.66,4.12,4.02,3.0,12.8,1129.0,21.0,38.0
566,2.73,70.8,0.0,1036.0,3.32,3.37,3.9,3.31,8.3,15.2,1131.0,21.0,40.0
567,2.76,96.2,0.0,803.0,3.91,3.54,4.98,4.89,7.2,5.3,1133.0,21.0,42.0
568,2.19,91.4,0.0,1057.0,4.42,4.06,3.15,3.4,8.0,7.9,1135.0,21.0,44.0
569,3.05,93.5,0.0,1066.0,4.65,3.4,3.42,4.56,4.6,7.5,1137.0,21.0,46.0
570,3.4,72.2,0.0,907.0,3.03,3.33,3.25,3.55,6.3,17.8,1139.0,21.0,48.0
571,2.9,79.5,0.0,804.0,4.32,4.44,4.1,4.4,11.5,4.5,1141.0,21.0,50.0
572,2.69,83.5,0.0,826.0,3.76,4.09,3.45,3.1,14.6,9.4,1143.0,22.0,0.0
