1.21270
1.21280
1.21280
1.21270
1.21270
1.21280
1.21260
1.21270
1.21270
1.21270
1.21280
1.21270
1.21280
1.21280
1.21280
1.21280
1.21280
1.21270
1.21270
1.21280
1.21280
1.21270
1.21270
1.21270
1.21280
1.21270
1.21270
1.21280
1.21260
1.21270
1.21270
1.21270
1.21270
1.21270
1.21270
1.21280
1.21270
1.21270
1.21270
1.21270
1.21280
1.21270
1.21270
1.21280
1.21270
1.21280
1.21270
1.21270
1.21270
1.21280
1.21280
1.21280
1.21270
1.21270
1.21270
1.21280
1.21270
1.21260
1.21280
1.21270
1.21270
1.21270
1.21260
1.21270
1.21280
1.21270
1.21270
1.21270
1.21270
1.21270
1.21270
1.21260
1.21270
1.21280
1.21270
1.21280
