2535.250
1259.500
1259.500
841.917
841.917
630.438
630.438
503.100
503.100
421.250
421.250
360.071
360.071
315.313
315.313
281.153
281.153
251.662
251.662
228.784
228.784
228.784
211.719
193.557
193.557
179.857
169.116
169.116
156.921
148.316
140.951
131.283
131.283
126.719
1.594
1.594
1.344
1.343
1.319
1.093
1.319
1.093
1.093
1.093
0.719
0.719
0.593
0.593
0.719
0.593
0.593
0.719
0.719
0.968
0.719
0.719
0.968
0.719
0.719
0.719
0.968
0.968
0.719
0.719
0.719
0.968
0.968
0.968
0.968
0.968
0.968
0.968
0.968
0.968
0.968
0.593
0.593
0.593
0.593
0.593
0.593
0.593
0.593
0.593
0.593
0.593
0.593
0.593
0.093
0.093
0.093
0.093
0.093
0.000
0.000
0.000
0.000
0.000
0.000
0.000
0.000
0.000
0.719
0.719
0.093
0.468
0.468
0.468
0.468
0.468
0.468
0.468
0.468
0.468
0.593
0.468
0.468
0.468
0.593
0.593
0.593
0.593
0.593
0.719
0.968
1.093
1.093
1.093
1.093
1.093
1.093
1.093
1.093
1.093
1.093
1.093
1.093
1.093
1.093
1.093
1.093
1.093
1.093
0.968
1.093
0.968
0.968
0.968
0.968
0.968
0.968
0.968
0.968
0.968
0.968
0.968
0.968
0.968
0.968
0.968
0.968
0.968
0.968
0.844
0.844
0.844
0.844
0.844
0.844
0.844
0.844
0.844
0.844
0.593
0.468
0.593
0.468
0.468
0.593
0.468
0.468
0.468
0.468
0.593
0.468
0.468
0.468
0.593
0.593
0.593
0.719
0.968
0.719
0.719
0.968
0.968
0.968
0.968
0.968
1.093
1.093
1.093
1.093
0.968
1.093
0.968
0.968
0.968
0.968
0.968
0.968
0.844
0.844
0.719
0.719
0.719
0.719
0.844
0.844
0.844
0.844
0.844
0.844
0.844
0.844
0.844
0.719
0.719
0.719
0.719
0.719
0.719
0.719
0.844
0.844
0.844
0.844
0.719
0.844
0.719
0.593
0.593
0.468
0.468
0.468
0.468
0.593
0.593
0.593
0.593
0.344
0.468
0.593
0.468
0.593
0.468
0.468
0.468
0.468
0.468
0.468
0.468
0.593
0.593
0.719
0.719
0.719
0.719
0.719
0.719
0.844
0.719
0.719
0.844
0.844
0.844
0.844
0.844
0.719
0.719
0.844
0.719
0.719
0.719
0.593
0.593
0.593
0.593
0.719
0.844
0.719
0.844
0.719
0.968
0.844
0.719
0.968
0.968
0.968
0.968
0.968
0.968
0.968
0.968
0.968
0.968
0.968
0.968
0.968
0.968
0.844
0.844
0.844
0.844
0.844
0.844
0.844
0.844
0.719
0.844
0.844
0.719
0.844
0.844
0.844
0.968
0.844
0.844
0.968
0.968
0.968
0.968
0.968
0.968
0.968
0.968
0.968
0.968
0.968
0.968
0.968
0.968
0.968
0.968
0.968
0.968
0.968
0.844
0.844
0.844
0.844
0.844
0.844
0.844
0.844
0.844
0.844
0.844
0.844
0.844
0.844
0.844
0.844
0.844
0.844
0.844
0.844
0.844
0.593
0.593
0.844
0.593
0.968
0.968
0.968
0.968
0.968
0.968
0.593
0.593
0.593
0.968
0.968
0.968
0.968
0.968
0.968
0.968
0.968
0.968
0.968
0.968
0.093
0.968
0.093
0.093
0.968
2.094
2.094
3.844
4.468
4.468
8.843
8.843
9.969
9.969
14.968
14.968
15.469
15.469
15.969
15.969
17.968
17.968
19.344
20.344
20.344
22.593
22.718
24.219
24.219
24.968
25.594
25.718
25.718
27.093
27.594
27.594
27.719
27.719
27.719
27.843
28.094
28.469
28.594
28.594
28.594
28.469
28.469
28.594
29.218
29.968
29.968
29.218
29.469
29.469
29.469
29.218
29.469
29.218
29.218
29.218
29.218
28.718
28.718
29.218
29.218
29.218
29.218
29.469
29.469
29.218
29.218
29.218
29.218
29.469
29.218
29.469
29.218
29.469
29.344
29.469
29.469
29.469
29.344
29.344
29.218
29.218
28.594
28.594
29.218
28.594
28.469
28.343
28.094
28.094
28.094
28.094
28.219
28.094
28.219
28.094
28.094
28.094
28.094
28.094
28.219
28.094
28.219
28.219
28.094
28.219
28.219
28.469
28.594
28.718
28.718
28.843
28.969
28.969
28.969
28.969
28.969
28.969
28.969
28.969
28.969
28.969
28.969
28.969
28.718
28.718
28.718
28.718
28.718
28.219
28.219
28.219
28.219
28.219
28.219
28.219
27.843
27.968
27.843
27.968
28.219
27.968
28.094
27.968
27.968
27.968
27.968
27.968
27.968
27.968
27.968
27.968
27.968
27.968
28.094
28.094
27.968
27.968
27.968
27.968
28.094
28.094
27.968
28.094
27.968
27.968
27.968
27.968
27.968
27.843
27.843
27.843
27.843
27.843
27.843
27.843
27.719
27.719
27.843
27.968
28.219
28.219
28.718
28.718
28.843
28.718
28.843
28.843
28.843
29.218
29.218
29.218
29.218
28.843
28.718
28.718
28.718
28.718
28.718
28.594
28.594
28.219
28.219
28.594
28.594
28.594
28.594
28.594
28.594
28.594
28.969
28.969
29.094
29.094
29.344
29.344
30.093
30.344
30.344
30.093
30.093
30.093
30.093
30.093
30.344
30.344
30.093
30.344
30.093
29.844
29.344
29.218
29.218
28.469
28.343
27.968
27.968
27.719
27.468
27.344
27.344
26.344
25.594
25.594
23.593
22.969
22.969
21.468
20.844
20.219
19.593
19.094
18.718
18.219
17.843
17.719
17.093
16.344
16.218
15.969
14.594
14.219
14.093
14.093
13.218
13.093
12.718
12.594
12.094
10.968
10.844
10.844
10.844
10.844
10.344
10.093
9.343
9.218
9.094
8.843
8.718
8.718
8.468
8.219
8.219
7.219
7.219
6.968
6.844
6.593
6.593
6.593
6.593
6.593
6.593
6.593
6.469
6.344
6.344
6.344
6.094
5.094
5.094
4.968
4.968
4.968
4.968
4.968
4.968
4.843
4.843
4.843
4.843
4.219
4.219
4.219
4.219
4.219
4.219
4.093
4.219
4.093
4.093
4.093
4.093
4.093
4.093
3.968
3.719
3.593
3.593
3.593
3.593
3.469
3.469
3.469
3.093
2.969
2.718
2.594
2.594
2.594
2.594
2.343
2.343
2.343
2.343
2.218
2.218
2.218
2.218
1.968
1.968
1.968
1.968
2.218
1.968
1.968
1.968
1.468
1.968
2.218
1.468
1.719
1.594
1.594
1.843
1.719
1.594
1.594
1.343
1.594
1.343
1.343
1.594
1.219
1.219
1.594
1.594
1.594
1.468
1.468
1.594
1.468
1.468
1.468
1.343
1.343
1.343
1.343
1.343
1.343
1.343
1.343
1.343
1.468
1.343
1.343
1.468
1.343
1.343
1.343
1.219
1.343
1.219
1.343
1.594
1.343
1.343
1.594
1.594
1.594
1.219
1.219
1.719
1.719
1.719
1.219
1.219
1.219
1.093
1.093
1.093
1.093
1.093
0.968
0.968
0.968
0.968
0.968
0.468
0.468
0.968
0.468
0.468
0.968
0.468
0.468
0.468
0.968
0.968
0.844
0.844
0.844
0.844
0.844
0.844
0.844
0.968
0.844
0.844
0.844
0.844
0.844
0.593
0.593
0.844
0.593
0.844
0.844
0.593
0.844
0.593
0.593
0.844
0.844
0.844
0.968
0.844
0.968
0.844
0.844
0.844
0.844
0.844
0.844
0.844
0.968
0.844
0.844
0.844
0.844
0.844
0.719
0.719
0.968
0.844
0.844
0.719
0.468
0.719
0.468
0.468
0.719
0.719
0.719
0.593
0.593
0.719
0.593
0.593
0.593
0.593
0.719
0.593
0.593
0.593
0.593
0.593
0.593
0.593
0.593
0.593
0.593
0.593
0.593
0.593
0.468
0.468
0.593
0.468
0.468
0.593
0.593
0.593
0.593
0.593
0.593
0.468
0.468
0.593
0.593
0.593
0.593
0.593
0.593
0.593
0.844
0.593
0.593
0.844
0.593
0.593
0.593
0.344
0.844
0.844
0.844
0.844
0.844
0.844
0.719
0.719
0.844
0.719
0.719
0.719
0.719
0.844
0.719
0.719
1.093
0.719
0.719
0.719
0.719
0.719
0.719
0.719
0.719
0.719
0.719
0.719
0.719
0.968
0.719
0.719
0.719
0.719
0.968
0.719
0.719
0.719
0.593
0.719
0.719
0.593
0.719
0.593
0.593
0.593
0.593
0.719
0.593
0.593
0.719
0.593
0.593
0.593
0.593
0.719
0.593
0.593
0.593
0.593
0.719
0.593
0.844
0.968
0.844
0.844
0.968
0.968
0.968
0.968
0.968
0.968
0.968
0.968
0.968
0.968
0.968
0.968
0.968
0.968
0.968
0.968
0.968
0.968
0.968
0.844
0.844
0.844
0.844
0.968
0.844
0.844
0.844
0.844
0.968
0.844
0.844
0.844
0.844
0.844
0.844
0.844
0.844
0.844
0.844
0.844
0.844
0.844
0.719
0.719
0.968
0.719
0.719
0.968
0.968
1.093
0.968
0.968
0.968
0.968
0.968
0.968
0.968
1.093
0.968
0.719
0.719
0.719
0.719
0.719
0.719
0.719
0.719
0.719
0.719
0.593
0.719
0.593
0.593
0.593
0.593
0.593
0.593
0.593
0.968
0.593
0.968
0.593
0.593
0.968
0.968
0.968
0.968
0.593
0.844
0.593
0.844
0.844
0.719
0.719
0.844
0.844
0.968
0.844
0.844
0.968
0.844
0.844
0.844
0.844
0.968
0.844
0.844
0.844
0.844
0.968
0.968
0.968
0.968
0.968
0.968
0.844
0.844
0.968
0.844
0.844
0.844
0.593
0.719
0.719
0.719
0.844
0.719
0.719
0.844
0.844
0.844
0.719
0.719
0.844
0.719
0.844
0.844
0.844
0.844
0.844
0.844
0.719
0.719
0.844
0.844
0.844
0.844
0.844
0.844
0.844
0.844
0.968
0.968
0.968
0.968
0.844
0.844
0.593
0.593
0.593
0.468
0.468
0.468
0.468
0.593
0.468
0.468
0.593
0.468
0.468
0.468
0.468
0.468
0.468
0.468
0.468
0.468
0.468
0.468
0.468
0.468
0.344
0.468
0.344
0.344
0.719
0.344
0.344
0.719
0.344
0.719
0.719
0.719
0.719
0.719
0.719
0.719
0.719
0.844
0.719
0.719
0.719
0.719
0.719
0.719
0.719
0.844
0.719
0.719
0.719
0.593
0.719
0.593
0.593
0.593
0.468
0.468
0.468
0.468
0.593
0.468
0.468
0.593
0.593
0.719
0.719
0.719
0.719
0.719
0.719
0.719
0.719
0.844
0.844
0.844
0.844
0.844
0.844
0.844
0.844
0.968
0.844
0.844
0.844
