80.875
80.875
84.625
82.250
81.125
81.250
81.250
81.375
81.875
81.250
85.750
81.125
80.625
80.500
80.500
80.375
80.875
80.750
80.750
80.750
82.000
80.750
81.125
80.750
80.500
81.000
81.000
81.125
80.500
0.000
-0.125
0.000
0.375
0.625
0.250
-0.250
0.125
0.500
2.000
0.250
0.625
0.125
0.000
-0.500
0.125
0.125
1.250
0.125
-0.125
1.375
0.000
0.000
0.750
0.000
0.250
0.125
-0.125
4.750
3.000
3.250
2.250
3.250
4.875
2.875
2.875
2.875
2.875
4.750
3.375
3.125
4.625
3.875
3.500
3.375
2.875
4.250
4.375
2.750
3.375
3.125
2.625
3.375
3.500
3.875
3.875
3.250
3.000
4.500
5.625
3.625
3.375
3.750
4.000
3.500
3.000
3.875
3.500
3.625
3.125
4.375
3.750
3.750
3.625
3.625
3.500
5.625
3.250
3.250
2.875
3.250
3.625
3.125
3.375
4.250
3.250
3.250
3.375
3.625
3.375
3.125
4.000
3.125
3.875
3.375
3.125
3.500
2.375
3.125
2.625
2.625
2.375
2.625
1.875
3.250
4.875
2.875
3.000
4.500
3.125
3.125
2.875
3.375
3.250
2.375
3.000
4.500
2.625
3.875
3.000
2.875
2.500
3.125
4.375
2.750
3.000
3.750
4.000
2.625
2.875
5.250
3.125
3.000
3.125
3.875
3.750
4.125
2.875
3.500
2.875
2.500
3.500
3.625
3.750
2.750
2.875
2.250
3.000
2.750
4.625
4.625
2.750
2.750
3.125
3.625
3.250
3.625
2.875
5.000
3.125
2.875
2.625
5.000
2.875
2.750
3.500
4.500
3.250
5.000
2.500
2.875
2.875
2.750
3.875
3.250
3.500
2.750
3.125
3.125
2.750
3.000
6.000
2.875
3.625
2.875
3.250
3.625
3.000
3.250
2.875
3.375
5.625
4.625
4.000
4.125
3.875
4.250
3.875
3.500
4.125
3.375
3.875
3.750
3.500
4.250
3.500
3.750
3.750
6.375
3.500
3.875
3.750
5.000
5.500
4.375
3.875
4.500
4.125
3.500
3.625
3.750
3.250
4.750
3.625
3.750
4.625
5.250
3.875
3.375
3.500
3.625
3.250
2.625
3.625
3.500
3.875
3.750
3.375
3.375
3.375
3.125
4.625
3.875
4.000
3.500
3.625
3.625
3.000
5.375
2.875
3.125
3.375
3.375
3.250
3.625
3.625
4.125
2.875
4.750
3.125
3.500
3.250
3.375
4.500
3.375
4.000
4.500
3.000
3.750
3.000
4.500
3.375
3.375
2.625
3.375
4.250
3.250
2.875
3.750
4.375
4.125
3.125
3.375
3.625
4.375
3.750
3.750
3.375
3.000
3.875
5.375
4.000
3.750
4.125
2.375
5.250
3.500
3.375
3.000
3.000
4.625
4.000
3.250
4.000
3.375
3.375
3.625
3.750
5.500
3.125
2.875
3.375
3.250
3.750
5.375
3.125
3.125
3.625
3.750
2.875
3.375
2.625
3.125
2.875
3.500
4.500
3.875
3.875
3.500
3.500
2.625
4.625
5.500
4.500
3.375
3.125
3.000
2.750
3.375
4.875
3.375
3.625
3.875
3.250
5.125
3.375
3.500
3.500
3.000
2.625
3.375
3.500
3.875
3.000
3.750
3.625
3.625
3.625
6.625
3.750
3.875
3.250
3.375
5.375
3.250
3.625
3.625
2.875
4.375
2.875
3.125
3.250
3.750
3.500
4.625
5.125
3.375
3.625
4.000
3.375
3.250
3.625
3.000
4.000
2.750
3.500
2.875
3.500
3.625
3.750
3.375
3.875
3.750
3.500
3.250
3.500
3.125
4.500
3.500
3.125
3.125
5.125
2.875
3.375
3.250
3.750
3.875
2.750
4.375
3.375
3.000
3.250
5.125
3.000
2.875
3.125
5.125
3.625
3.375
5.000
3.500
3.000
3.375
5.375
3.375
4.375
3.500
5.625
3.750
3.375
3.000
3.375
5.375
3.625
4.000
3.750
3.625
3.625
5.625
3.875
3.500
3.875
4.875
4.000
3.750
3.375
3.000
3.750
3.500
3.750
3.875
5.375
5.875
4.625
3.625
3.250
3.250
4.125
4.500
4.875
3.250
3.875
3.375
4.375
5.500
3.625
3.500
3.250
3.250
3.750
3.500
