626.825
662.185
648.417
614.068
572.101
527.352
483.444
441.527
401.517
365.593
333.606
304.377
278.941
255.679
234.737
215.307
198.685
183.695
172.041
138.605
111.217
89.550
71.955
57.410
46.168
37.489
29.163
23.265
17.778
13.635
11.296
9.549
7.627
6.114
5.279
4.335
4.056
3.282
1.888
1.023
0.531
0.662
1.067
0.991
1.031
1.412
1.267
1.601
1.468
0.237
-0.373
-0.011
-0.921
-0.899
-0.407
-1.313
-1.138
-0.348
-0.216
-0.760
-0.996
-1.384
-1.170
-0.848
-0.716
-0.210
0.319
0.268
0.577
0.849
0.117
-0.119
-0.858
-0.799
-0.452
-0.449
0.229
0.895
-0.371
0.141
0.725
0.067
-0.334
-1.154
-1.186
-0.386
0.403
0.435
0.736
0.501
0.463
0.958
0.579
-1.049
-1.177
-0.654
-0.611
-0.001
0.562
-0.238
-0.228
0.230
0.622
1.285
0.215
-1.115
-1.380
-1.541
-1.821
-1.819
-2.418
-1.197
-0.245
-0.733
-1.249
-2.537
-2.842
-2.061
-1.586
-2.682
-2.183
-1.184
-1.159
-0.765
-1.200
-2.597
-2.890
-3.400
-3.707
-2.553
-3.030
-3.462
-1.957
-0.403
-0.460
-0.430
-1.157
-1.088
-2.108
-2.224
-1.792
-1.671
-1.124
-0.887
0.778
0.485
0.350
-0.332
-1.178
-2.005
-1.517
-1.426
-0.603
0.030
-0.913
-0.293
-0.197
-1.370
-2.159
-3.089
-4.759
-4.870
-4.258
-4.369
-4.733
-4.424
-4.751
-6.014
-6.698
-8.971
-11.865
-15.804
-19.531
-22.337
-24.282
-27.338
-28.283
-28.964
-30.359
-30.449
-30.797
-32.500
-33.588
-34.358
-34.924
-35.101
-34.494
-34.857
-34.273
-14.106
2.378
-111.085
-273.706
-442.402
-561.234
-613.850
-659.192
-677.066
-684.641
-686.500
-595.613
-487.578
-382.700
-299.772
-224.930
-149.107
-76.473
-14.216
37.365
77.529
111.836
142.956
172.353
195.070
214.693
232.742
247.231
261.622
273.310
278.411
278.991
279.505
281.517
280.601
276.268
270.077
263.799
257.402
235.984
203.075
187.972
186.015
184.650
185.707
189.903
194.210
197.181
198.407
200.963
203.833
206.629
211.141
211.875
210.363
207.003
206.615
208.679
211.881
212.842
213.236
214.126
215.364
216.603
219.895
223.404
224.710
223.056
220.107
217.648
214.306
208.432
200.458
195.929
192.006
187.042
183.271
183.530
167.861
135.826
105.399
90.356
80.748
59.836
20.781
-22.438
-61.813
-96.288
-122.493
-141.657
-156.088
-167.608
-174.199
-169.096
-151.740
-126.329
-104.626
-87.588
-74.283
-65.614
-59.754
-57.940
-58.440
-57.139
-58.924
-60.252
-53.989
-38.304
-16.880
11.383
36.944
57.418
74.572
86.745
91.508
91.344
92.463
90.508
88.444
83.443
80.442
79.591
79.060
77.636
76.846
76.689
80.239
84.354
88.395
94.179
93.506
91.167
88.296
88.524
91.332
97.353
102.295
104.423
106.076
108.549
111.126
115.514
122.373
124.086
126.131
125.118
123.932
123.233
122.349
120.692
119.116
119.055
117.457
116.603
113.970
108.163
100.343
94.812
88.737
82.377
76.389
70.749
67.312
64.237
64.227
79.019
100.428
117.780
132.836
146.182
153.708
159.929
162.680
163.532
165.013
166.073
165.421
160.349
155.167
149.396
144.229
139.146
133.654
130.861
132.201
131.473
134.216
136.736
141.051
148.078
156.500
162.438
165.013
166.523
165.931
166.307
165.483
161.474
155.267
148.551
138.178
129.830
121.427
114.879
110.240
104.180
95.131
86.793
81.347
78.215
77.484
77.450
75.772
75.805
76.657
76.388
75.998
72.611
71.676
73.653
76.560
77.936
78.061
75.411
69.442
63.416
59.895
56.454
57.650
63.183
66.384
66.594
59.363
49.153
34.135
5.595
-31.411
-69.866
-103.081
-130.902
-150.559
-160.935
-163.260
-160.046
-158.624
-156.262
-158.472
-160.640
-161.250
-159.412
-158.667
-160.746
-164.560
-168.860
-169.026
-169.733
-171.149
-168.857
-163.648
-161.431
-161.382
-165.668
-168.972
-167.340
-161.885
-157.670
-155.899
-152.706
-149.278
-145.935
-143.610
-140.526
-135.958
-132.804
-134.106
-139.172
-144.550
-147.453
-145.550
-141.527
-139.509
-137.295
-133.148
-124.531
-106.587
-90.858
-79.948
-70.046
-61.750
-55.412
-49.517
-43.951
-39.274
-34.656
-28.513
-26.273
-23.181
-21.082
-19.303
-17.130
-16.491
-16.956
-16.677
-16.379
-15.091
-13.910
-13.791
-13.195
-12.168
-11.772
-10.880
-10.492
-8.456
-9.152
-8.859
-9.450
-9.347
-8.990
-9.230
-8.846
-8.515
-9.099
-9.467
-10.386
-11.371
-11.210
-10.455
-10.927
-10.554
-9.706
-9.777
-9.584
-9.305
-11.581
-13.703
