867.863
848.591
772.017
683.414
599.659
524.268
459.332
403.690
355.026
315.087
282.258
253.819
230.832
210.373
192.551
176.062
162.902
151.152
143.434
101.863
71.803
51.126
36.261
25.152
17.966
13.409
8.143
5.603
2.671
0.989
1.273
1.660
1.143
0.819
1.155
0.977
1.565
1.152
-0.300
-0.941
-1.090
-0.407
0.521
0.571
0.756
1.411
1.194
1.717
1.483
-0.368
-1.101
-0.340
-1.607
-1.368
-0.489
-1.824
-1.408
-0.142
-0.005
-0.885
-1.201
-1.722
-1.299
-0.778
-0.601
0.123
0.817
0.591
0.957
1.251
0.032
-0.296
-1.351
-1.114
-0.499
-0.480
0.545
1.450
-0.616
0.225
1.076
-0.015
-0.592
-1.746
-1.616
-0.287
0.868
0.776
1.125
0.656
0.553
1.268
0.607
-1.844
-1.797
-0.827
-0.710
0.234
1.008
-0.326
-0.284
0.420
0.950
1.846
0.074
-1.880
-2.047
-2.089
-2.344
-2.184
-2.973
-0.975
0.386
-0.536
-1.369
-3.264
-3.504
-2.134
-1.400
-3.099
-2.225
-0.714
-0.819
-0.329
-1.112
-3.234
-3.483
-4.069
-4.330
-2.412
-3.170
-3.775
-1.424
0.747
0.317
0.128
-1.129
-1.034
-2.580
-2.612
-1.847
-1.649
-0.836
-0.566
1.835
1.078
0.698
-0.430
-1.670
-2.763
-1.803
-1.581
-0.300
0.559
-1.015
-0.054
0.018
-1.806
-2.858
-4.044
-6.262
-5.977
-4.728
-4.753
-5.184
-4.585
-5.028
-6.838
-7.618
-10.751
-14.557
-19.659
-24.092
-26.933
-28.472
-31.799
-31.878
-31.821
-33.056
-32.383
-32.324
-34.421
-35.476
-36.064
-36.401
-36.225
-34.976
-35.377
-34.345
-4.073
17.643
-157.131
-387.248
-606.230
-735.330
-762.025
-785.586
-774.479
-756.616
-737.813
-586.088
-426.893
-287.781
-191.865
-111.975
-32.126
41.731
99.655
142.865
171.462
194.742
216.551
238.567
252.778
264.901
276.912
285.395
295.532
302.891
301.668
295.561
291.362
290.822
286.657
278.341
268.432
259.509
251.200
220.934
176.085
161.528
166.526
170.324
176.208
185.352
193.178
197.943
199.554
203.044
206.725
210.051
215.792
215.498
212.142
206.568
206.117
209.363
213.960
214.778
214.789
215.658
217.055
218.407
222.804
227.194
228.017
224.543
219.674
216.115
211.562
203.575
193.071
188.493
184.839
179.544
176.137
178.665
156.621
111.941
73.465
60.482
55.031
31.378
-18.667
-71.660
-115.956
-151.425
-174.192
-187.428
-195.343
-200.847
-200.761
-185.139
-154.291
-115.410
-86.131
-66.123
-52.605
-46.105
-43.167
-45.423
-49.927
-50.530
-55.190
-58.302
-49.493
-27.314
1.524
38.398
68.635
89.838
105.843
114.721
113.474
106.638
103.728
97.416
92.247
83.604
79.054
78.194
77.817
76.053
75.344
75.559
81.223
87.100
92.339
99.831
97.125
92.531
87.816
88.302
92.580
101.237
107.485
109.121
110.191
112.665
115.297
120.626
129.382
129.849
131.188
128.150
125.461
123.954
122.412
119.907
117.779
118.089
115.981
115.143
111.631
103.623
93.255
87.085
80.291
73.285
67.030
61.378
59.033
56.904
59.089
82.819
113.792
135.811
152.986
166.959
172.015
175.854
175.204
172.724
172.188
171.626
168.982
160.306
152.545
144.676
138.342
132.483
126.244
124.277
128.263
128.353
133.403
137.426
143.692
153.441
164.465
170.982
172.281
172.365
169.724
169.151
167.062
160.575
151.533
142.580
128.812
119.100
109.714
103.406
99.890
93.904
83.414
74.421
69.964
68.681
70.445
72.505
71.473
72.812
74.987
75.085
74.891
70.142
69.481
73.105
77.630
79.372
79.129
74.834
66.053
58.031
54.365
50.862
54.335
63.628
68.296
68.038
56.758
42.224
21.776
-17.326
-65.959
-113.278
-150.076
-177.709
-193.153
-195.938
-188.925
-176.404
-169.364
-162.599
-164.013
-165.603
-165.028
-161.138
-159.503
-162.371
-167.603
-173.141
-172.105
-172.242
-173.613
-169.436
-161.449
-158.783
-159.504
-166.497
-171.204
-168.087
-159.679
-154.019
-152.457
-148.701
-144.760
-141.101
-139.064
-135.801
-130.367
-127.313
-130.913
-139.470
-147.448
-150.932
-147.034
-140.555
-137.820
-135.005
-129.472
-117.649
-92.798
-73.340
-62.232
-52.693
-45.454
-40.837
-36.367
-31.963
-28.543
-24.836
-18.567
-18.190
-15.977
-14.990
-14.149
-12.436
-12.886
-14.664
-14.934
-15.010
-13.488
-12.198
-12.532
-12.016
-10.830
-10.637
-9.640
-9.429
-6.694
-8.267
-8.093
-9.209
-9.128
-8.658
-9.117
-8.576
-8.159
-9.143
-9.681
-10.996
-12.291
-11.772
-10.472
-11.174
-10.541
-9.272
-9.509
-9.300
-8.966
-12.483
-15.394
