34.154
34.154
34.165
34.154
34.154
34.121
34.154
34.154
34.154
34.144
34.144
34.133
34.154
34.154
34.177
34.122
34.122
34.144
34.144
34.166
34.110
34.110
34.100
34.134
34.134
34.166
34.144
34.144
34.133
34.134
34.134
34.110
34.134
34.134
34.166
34.121
34.121
34.154
34.134
34.134
34.066
34.110
34.110
34.110
34.122
34.122
34.121
34.110
34.110
34.121
34.122
34.122
34.155
34.155
34.111
34.134
34.134
34.077
34.134
34.134
34.133
34.133
34.133
34.133
34.121
34.121
34.078
34.134
34.134
34.089
34.089
34.089
34.089
34.089
34.089
34.078
34.089
34.089
34.100
34.101
34.101
34.101
34.111
34.111
34.121
34.121
34.101
34.101
34.101
34.089
34.111
34.111
34.089
34.111
34.111
34.100
34.078
34.078
34.144
34.089
34.089
34.089
34.089
34.089
34.122
34.089
34.089
34.100
34.078
34.078
34.056
34.089
34.089
34.078
34.089
34.089
34.044
34.044
34.066
34.056
34.056
34.045
34.078
34.078
34.045
34.044
34.044
34.056
34.067
34.067
34.077
34.067
34.067
34.057
34.045
34.045
34.121
34.078
34.078
34.067
34.067
34.067
34.056
34.057
34.057
34.023
34.089
34.089
34.022
34.022
34.056
34.034
34.034
34.045
34.045
34.045
34.066
34.067
34.067
34.045
34.077
34.077
34.033
34.067
34.067
34.056
34.078
34.078
34.033
34.045
34.045
34.078
34.045
34.045
34.066
34.066
34.066
34.056
34.067
34.067
34.012
34.044
34.044
34.089
34.089
34.077
34.057
34.057
34.089
34.089
34.089
34.045
34.067
34.067
34.066
34.057
34.057
34.033
34.057
34.057
34.033
34.057
34.057
34.057
34.078
34.078
34.023
34.057
34.057
34.078
34.067
34.067
34.067
34.034
34.034
33.989
34.045
34.045
34.077
34.077
34.023
34.012
34.012
34.078
34.034
34.034
34.012
34.067
34.067
34.057
34.057
34.057
34.045
34.067
34.067
34.057
34.045
34.045
34.067
34.034
34.034
34.012
34.034
34.034
34.066
34.023
34.023
34.023
34.023
34.023
34.023
34.023
34.023
34.089
34.023
34.023
34.045
34.045
34.045
34.078
34.078
34.001
34.067
34.067
34.044
34.045
34.045
34.023
34.057
34.057
34.057
34.023
34.023
34.078
34.012
34.012
34.034
34.033
34.033
34.001
34.057
34.057
34.067
34.045
34.045
34.057
34.045
34.045
34.032
34.032
34.032
34.044
34.044
33.989
34.023
34.023
34.023
34.045
34.045
34.000
34.067
34.067
34.045
34.034
34.034
34.012
34.045
34.045
34.034
34.012
34.012
34.056
34.023
34.023
34.045
34.034
34.034
34.034
34.045
34.045
34.044
34.034
34.034
34.012
34.023
34.023
34.057
34.057
34.057
34.000
34.000
34.057
34.078
34.078
34.012
34.045
34.045
34.001
34.023
34.023
34.045
34.012
34.012
34.023
34.034
34.034
33.979
34.045
34.045
34.001
34.034
34.034
34.056
34.012
34.012
34.034
34.034
34.034
34.078
34.023
34.023
34.023
34.023
34.012
34.057
34.057
34.057
34.045
34.045
34.033
34.001
34.001
34.077
34.067
34.067
34.022
34.012
34.012
34.078
34.023
34.023
34.012
34.033
34.033
34.033
34.044
34.044
34.045
34.057
34.057
34.057
34.034
34.034
34.033
34.034
34.034
34.023
34.023
34.023
34.001
34.001
34.045
34.023
34.023
34.045
34.045
34.045
33.989
34.044
34.044
34.012
34.045
34.045
34.023
34.034
34.034
34.066
34.012
34.012
34.023
34.012
34.012
34.023
34.045
34.045
34.057
34.045
34.045
34.034
34.023
34.023
34.066
34.012
34.012
34.033
34.033
34.021
34.033
34.033
34.044
34.000
34.000
34.044
34.022
34.022
34.033
34.044
34.044
34.000
34.044
34.044
34.056
34.022
34.022
33.989
34.012
34.012
34.000
34.022
34.022
33.989
34.023
34.023
34.034
34.023
34.023
34.001
34.023
34.023
34.034
34.034
34.012
34.023
34.023
34.023
34.034
34.034
34.012
34.045
34.045
34.012
34.034
34.034
34.034
34.012
34.012
34.012
34.012
34.012
34.012
34.034
34.034
33.990
34.034
34.034
34.012
34.012
34.012
34.034
34.012
34.012
34.012
34.023
34.023
34.001
34.045
34.045
34.034
34.034
34.023
34.045
34.045
34.001
34.034
34.034
34.001
34.001
34.001
34.012
34.012
34.012
34.057
34.013
34.013
34.034
33.990
33.990
33.979
34.012
34.012
34.067
34.001
34.001
34.045
34.001
34.001
34.034
34.012
34.012
34.057
34.012
34.012
33.979
33.979
34.001
34.034
34.034
34.001
34.001
34.001
34.012
34.002
34.002
33.990
34.001
34.001
33.968
33.990
33.990
33.990
33.979
33.979
34.001
34.023
34.023
33.957
34.001
34.001
33.957
34.012
34.012
34.023
33.979
33.979
33.979
33.990
33.990
33.990
33.990
34.012
33.990
33.990
34.001
33.968
33.968
33.979
33.990
33.990
33.979
33.968
33.968
33.979
33.990
33.990
34.001
33.979
33.979
33.979
34.001
34.001
34.034
33.968
33.968
34.001
33.990
33.990
34.012
33.989
33.989
34.012
33.979
33.979
33.979
33.979
33.979
33.979
33.979
33.946
33.967
33.967
34.000
33.979
33.979
33.990
33.979
33.979
33.979
33.990
33.990
33.979
33.990
33.990
33.935
33.967
33.967
33.967
33.968
33.968
33.968
33.968
33.968
34.012
33.956
33.956
33.956
33.989
33.989
34.000
33.979
33.979
33.967
33.967
33.956
33.979
33.979
33.956
33.979
33.979
34.000
33.945
33.945
33.956
33.967
33.967
33.956
33.989
33.989
33.956
33.945
33.945
33.945
33.979
33.979
34.033
33.989
33.989
34.033
33.957
33.957
33.957
33.957
33.957
33.957
33.957
33.957
33.990
33.990
33.946
33.968
33.968
33.979
33.979
33.979
33.946
33.968
33.968
33.924
33.979
33.979
33.979
33.968
33.968
33.935
33.957
33.957
33.935
33.979
33.979
34.001
33.979
33.979
33.968
33.957
33.957
33.935
33.979
33.979
33.968
33.935
33.935
33.968
33.968
33.956
33.935
33.935
34.001
33.957
33.957
33.957
33.957
33.957
33.946
33.946
33.946
33.968
33.946
33.946
33.957
33.935
33.935
33.946
33.935
33.935
33.935
33.946
33.946
33.946
33.958
33.958
33.957
33.968
33.968
33.990
33.957
33.957
