30.007
30.030
30.022
30.030
30.030
30.022
30.022
30.030
30.030
30.007
30.007
30.030
30.030
30.030
30.022
30.030
30.030
30.022
30.030
30.030
30.037
30.022
30.030
30.037
30.037
30.030
30.022
30.037
30.037
30.030
30.030
30.037
30.037
30.030
30.037
30.022
30.022
30.030
30.030
30.030
30.022
30.030
30.030
30.030
30.030
30.022
30.022
30.022
30.022
30.022
30.022
30.037
30.037
30.037
30.022
30.030
30.022
30.030
30.022
30.022
30.037
30.030
30.045
30.030
30.030
30.045
30.030
30.030
30.030
30.045
30.030
30.022
30.037
30.030
30.037
30.030
30.030
30.045
30.045
30.037
30.037
30.053
30.030
30.037
30.045
30.045
30.030
30.045
30.037
30.053
30.045
30.045
30.037
30.045
30.053
30.037
30.037
30.045
30.037
30.060
30.053
30.068
30.060
30.053
30.060
30.053
30.037
30.053
30.045
30.045
30.053
30.068
30.045
30.045
30.060
30.045
30.053
30.045
30.037
30.053
30.053
30.053
30.045
30.060
30.060
30.060
30.053
30.053
30.060
30.060
30.068
30.060
30.045
30.060
30.045
30.060
30.060
30.068
30.060
30.060
30.060
30.068
30.053
30.068
30.053
30.068
30.060
30.053
30.045
30.053
30.060
30.068
30.068
30.060
30.060
30.068
30.060
30.060
30.053
30.068
30.068
30.068
30.076
30.068
30.060
30.068
30.068
30.060
30.068
30.068
30.068
30.068
30.053
30.053
30.076
30.068
30.068
30.076
30.060
30.076
30.068
30.068
30.060
30.060
30.076
30.060
30.068
30.076
30.068
30.068
30.068
30.053
30.083
30.068
30.060
30.068
30.076
30.060
30.076
30.068
30.060
30.053
30.060
30.068
30.076
30.076
30.060
30.076
30.068
30.076
30.068
30.068
30.068
30.060
30.076
30.076
30.083
30.068
30.053
30.076
30.083
30.060
30.068
30.060
30.060
30.083
30.076
30.060
30.076
30.068
30.068
30.060
30.068
30.068
30.083
30.060
30.068
30.060
30.068
30.068
30.068
30.076
30.060
30.076
30.068
30.076
30.060
30.068
30.068
30.060
30.053
30.060
30.068
30.053
30.060
30.068
30.076
30.060
30.060
30.060
30.068
30.076
30.076
30.068
30.068
30.076
30.060
30.068
30.076
30.060
30.060
30.068
30.076
30.060
30.076
30.068
30.068
30.068
30.076
30.076
30.060
30.068
30.068
30.068
30.068
30.060
30.060
30.068
30.068
30.068
30.068
30.076
30.060
30.076
30.068
30.060
30.068
30.060
30.076
30.060
30.060
30.060
30.068
30.060
30.068
30.053
30.068
30.060
30.076
30.076
30.068
30.068
30.060
30.060
30.068
30.076
30.076
30.068
30.060
30.076
30.076
30.068
30.068
30.076
30.083
30.060
30.076
30.045
30.060
30.068
30.083
30.068
30.068
30.068
30.076
30.076
30.060
30.068
30.076
30.068
30.068
30.060
30.068
30.060
30.068
30.076
30.068
30.060
30.068
30.060
30.060
30.060
30.068
30.083
30.060
30.076
30.060
30.076
30.076
30.068
30.068
30.068
30.076
30.068
30.076
30.068
30.060
30.060
30.076
30.076
30.068
30.083
30.068
30.060
30.068
30.068
30.068
30.076
30.068
30.076
30.076
30.068
30.076
30.060
30.083
30.076
30.076
30.068
30.068
30.060
30.076
30.076
30.068
30.076
30.068
30.076
30.068
30.076
30.068
30.076
30.068
30.068
30.068
30.083
30.068
30.083
30.060
30.068
30.068
30.076
30.076
30.083
30.083
30.076
30.076
30.076
30.068
30.091
30.076
30.076
30.068
30.076
30.083
30.076
30.083
30.076
30.076
30.083
30.076
30.076
30.083
30.068
30.076
30.076
30.068
30.068
30.068
30.083
30.076
30.083
30.076
30.068
30.076
30.076
30.076
30.076
30.083
30.076
30.076
30.076
30.068
30.083
30.068
30.091
30.068
30.076
30.083
30.068
30.083
30.083
30.083
30.083
30.068
30.083
30.076
30.076
30.076
30.076
30.098
30.083
30.083
30.083
30.076
30.060
30.083
30.076
30.083
30.083
30.091
30.091
30.083
30.083
30.083
30.091
30.091
30.083
30.083
30.076
30.076
30.091
30.091
30.098
30.083
30.098
30.091
30.083
30.083
30.076
30.083
30.076
30.076
30.083
30.098
30.083
30.076
30.083
30.076
30.076
30.083
30.091
30.076
30.098
30.098
30.076
30.083
30.076
30.083
30.083
30.076
30.083
30.083
30.091
30.076
30.083
