100046.328
100047.953
100046.484
100047.835
100049.109
100047.281
100049.390
100045.351
100045.351
100052.039
100053.390
100047.054
100047.054
100051.960
100044.328
100051.960
100051.960
100049.703
100054.148
100049.703
100049.703
100047.414
100047.851
100047.851
100045.156
100045.593
100050.546
100049.625
100050.546
100050.546
100052.320
100048.718
100047.851
100047.851
100049.625
100047.851
100045.593
100045.593
100052.320
100046.937
100048.718
100048.718
100046.421
100050.062
100047.773
100047.773
100049.625
100048.718
100046.937
100046.937
100048.281
100046.937
100048.281
100048.281
100049.195
100049.625
100052.320
100052.320
100050.062
100051.406
100052.757
100052.757
100047.375
100050.062
100051.890
100051.890
100047.851
100046.937
100050.546
100050.546
100049.195
100048.281
100050.976
100050.976
100049.625
100050.062
100050.468
100050.468
100050.468
100050.468
100050.976
100050.976
100050.468
100048.718
100051.406
100051.406
100046.421
100050.976
100049.125
100049.125
100050.062
100053.156
100058.976
100049.554
100048.718
100045.078
100052.250
100046.031
100046.031
100046.421
100054.101
100043.812
100043.812
100045.078
100049.625
100049.125
100049.125
100050.468
100052.250
100047.375
100047.375
100048.718
100050.906
100048.281
100048.281
100044.687
100045.078
100046.937
100046.937
100047.375
100046.421
100044.687
100044.687
100050.468
100047.773
100049.554
100049.554
100046.421
100048.640
100049.554
100049.554
100050.906
100049.125
100050.062
100050.062
100048.210
100054.460
100049.125
100049.125
100056.281
100048.210
100049.125
100049.125
100052.250
100049.554
100050.468
100050.468
100051.812
100050.906
100048.718
100048.718
100049.554
100052.250
100052.757
100052.757
100052.679
100052.679
100049.992
100049.992
100052.250
100053.156
100052.757
100052.757
100052.250
100057.632
100054.507
100054.507
100048.718
100054.101
100048.718
100048.718
100052.757
100053.156
100051.328
100051.328
100050.906
100054.031
100051.812
100055.453
100055.453
100047.773
100047.773
100047.773
100047.773
100054.101
100049.125
100042.898
100042.898
100054.507
100053.593
100048.718
100048.718
100052.250
100049.554
100050.062
100050.062
100051.812
100051.406
100048.718
100048.718
100053.156
100054.937
100046.421
100046.421
100052.250
100050.468
100049.554
100049.554
100051.328
100055.851
100051.812
100051.812
100056.796
100050.468
100058.140
100058.140
100051.406
100055.453
100050.976
100050.976
100049.195
100048.281
100049.625
100049.625
100047.375
100051.812
100056.359
100056.359
100051.406
100051.812
100051.812
100054.507
100054.507
100053.593
100053.156
100050.062
100050.062
100050.906
100051.328
100053.156
100053.156
100050.468
100050.976
100050.062
100050.062
100051.406
100049.554
100055.015
100055.015
100051.406
100051.812
100054.101
100054.101
100050.468
100055.375
100054.937
100054.937
100051.406
100050.468
100051.406
100051.406
100054.507
100053.156
100047.773
100047.773
100055.453
100049.625
100046.031
100046.031
100051.406
100049.125
100054.101
100054.101
100053.156
100051.812
100054.507
100054.507
100051.406
100049.554
100048.718
100048.718
100054.507
100052.757
100047.773
100047.773
100051.406
100049.125
100051.890
100050.546
100051.406
100050.976
100046.421
100051.406
100051.406
100052.250
100052.757
100050.062
100050.062
100051.812
100048.281
100047.375
100047.375
100054.101
100047.773
100053.156
100053.156
100050.468
100049.125
100049.125
100049.125
100054.507
100052.250
100047.375
100047.375
100052.757
100049.125
100054.507
100054.507
100048.281
100050.976
100054.101
100054.101
100050.546
100052.757
100048.281
100048.281
100050.546
100058.140
100054.101
100054.101
100048.281
100051.812
100052.320
100052.320
100050.062
100047.773
100050.062
100050.062
100052.757
100053.593
100051.812
100051.812
100055.453
100050.468
100046.421
100049.125
100048.718
100053.156
100052.250
100051.406
100051.406
100048.718
100051.812
100050.468
100050.468
100051.812
100052.250
100050.976
100050.976
100051.812
100053.593
100048.210
100048.210
100054.507
100055.851
100052.757
100052.757
100054.101
100053.156
100052.757
100052.757
100051.812
100052.757
100052.757
100052.757
100050.062
100050.062
100051.406
100051.406
100050.062
100050.062
100050.468
100050.468
100052.757
100055.375
100054.507
100054.507
100052.250
100051.328
100051.812
100051.812
100050.468
100048.210
100050.468
100050.468
100051.406
100050.906
100054.507
100054.507
100055.453
100051.328
100052.757
100051.812
100051.812
100050.906
100051.812
100051.406
100051.406
100051.812
100048.210
100048.718
100048.718
100054.101
100049.125
100048.718
100048.718
100050.468
100055.375
100051.406
100051.406
100054.507
100053.156
100052.757
100052.757
100054.101
100049.625
100055.453
100048.718
100048.718
100051.812
100050.906
100057.195
100057.195
100058.062
100057.632
100050.906
100050.906
100053.156
100052.679
100054.101
100054.101
100053.593
100059.843
100057.632
100057.632
100051.812
100054.031
100049.554
100049.554
100053.593
100053.593
100051.812
100050.062
100050.062
100052.250
100048.210
100056.281
100056.281
100050.062
100046.421
100054.937
100054.937
100050.468
100054.507
100054.101
100054.101
100053.156
100055.851
100051.406
100051.406
100048.210
100050.468
100054.507
100054.507
100048.210
100049.992
100049.992
100054.507
100054.507
100050.062
100050.468
100051.812
100051.812
100048.718
100049.992
100055.453
100055.453
100046.937
100049.992
100054.507
100054.507
100055.375
100052.250
100054.507
100054.507
100047.375
100048.210
100045.593
100053.671
100054.937
100054.031
100050.906
100050.906
100050.906
100053.156
100048.640
100048.210
100048.210
100048.210
100050.421
100053.593
100053.593
100054.937
100054.460
100049.554
100049.554
100051.812
100054.507
100053.593
100053.593
100052.250
100054.460
100049.992
100050.468
100050.468
100054.937
100055.812
100052.250
100052.250
100047.773
100051.328
100051.812
100051.812
100054.937
100058.062
100054.101
100054.101
100054.937
100054.031
100052.250
100052.250
100051.812
100052.679
100049.078
100049.078
100058.062
100052.250
100051.328
100052.250
100052.250
100054.507
100052.250
100052.250
100052.250
100055.375
100054.460
100054.937
100054.937
100048.718
100049.554
100049.554
100049.554
100049.125
100052.679
100049.125
100049.125
100051.812
100052.250
100054.507
100054.507
100054.507
100053.593
100050.468
100057.195
100057.195
100050.468
100052.679
100049.125
100049.125
100045.515
100047.773
100047.773
100047.773
100050.062
100058.976
100052.250
100052.250
100045.078
100054.031
100051.812
100051.812
100054.101
100054.507
100054.507
100053.156
100053.156
100046.421
100053.156
100052.757
100052.757
100050.468
100054.507
100053.156
100053.156
100055.453
100054.507
100054.507
100054.507
100050.062
100054.507
100050.906
100050.906
100056.796
100056.281
100053.593
100053.593
100049.125
100058.546
100054.937
100051.812
100051.812
100050.062
100049.554
100052.250
100052.250
100053.593
100052.679
100054.507
100054.507
100049.554
100051.328
100049.125
100049.125
100051.812
100050.468
100051.812
100051.812
100053.117
100051.328
100052.250
100054.937
100054.937
100053.593
100050.468
100049.625
100049.625
100049.125
100055.453
100046.421
100046.421
100049.125
100049.554
100049.125
100049.125
100050.062
100050.062
100050.062
100050.062
100051.812
100052.250
100047.773
100047.773
100054.937
100050.906
100057.632
100049.625
100049.625
100053.156
100049.125
100054.101
100054.101
100057.195
100054.031
100052.320
100052.320
100053.156
100050.906
100051.406
100051.406
100055.851
100048.210
100054.507
100054.507
100054.937
100055.375
100051.406
100051.406
100052.320
100050.468
100055.453
100055.453
100055.851
100054.507
100054.101
100054.101
100050.468
100057.632
100048.210
100055.015
100055.015
100050.062
100052.250
100055.851
100055.851
100056.281
100052.250
100050.906
100050.906
100050.906
100054.937
100051.812
100051.812
100053.593
100048.210
100050.906
100050.906
100054.031
100052.250
100054.031
100054.031
100049.554
100056.718
100058.062
100058.062
100052.250
100054.937
100054.937
100054.937
100052.250
100054.101
100049.554
100054.507
100054.507
100047.773
100049.554
100048.718
100048.718
100050.906
100051.406
100054.101
100054.101
100050.468
100052.679
100049.554
100049.554
100050.906
100052.250
100049.125
100049.125
100050.468
100050.468
100051.812
100051.812
100050.906
100052.250
100050.906
100050.906
100045.078
100051.328
100056.281
100056.281
100055.375
100053.593
100052.679
100052.679
100053.593
100056.281
100048.640
100050.906
100050.906
100053.593
100049.554
100054.937
100054.937
100045.953
100046.859
100051.812
100051.812
100051.406
100049.554
100055.453
100055.453
100050.062
100058.062
100051.406
100051.406
100053.593
100048.210
100050.062
100050.062
100051.406
100051.328
100046.031
100046.031
100055.453
100051.812
100057.195
100057.195
100050.906
100051.812
100052.757
100052.757
100050.906
100052.250
100053.593
100053.593
100054.101
100054.507
100050.906
100050.906
100054.937
100056.718
100053.593
100050.906
100050.906
100052.679
100050.906
100054.031
100054.031
100056.718
100049.125
100047.773
100047.773
100051.406
100047.773
100051.812
100051.812
100054.507
100049.554
100053.156
100053.156
100052.250
100051.328
100053.156
100053.156
100053.156
100054.031
100049.992
100049.992
100052.679
100049.992
100053.593
100053.593
100052.250
100053.593
100049.992
100049.992
100053.593
100049.992
100050.062
100050.062
100052.320
100050.906
100054.101
100054.101
100052.757
100046.859
100048.718
100048.718
100051.406
100045.078
100050.062
100055.453
100055.851
100056.281
100052.757
100052.757
100052.757
100046.031
100055.851
100052.757
100052.757
100053.156
100051.812
100051.406
100051.406
100051.812
100049.125
100047.773
100047.773
100046.421
100052.679
100059.484
100059.484
100052.757
100050.468
100051.812
100051.812
100051.406
100054.937
100053.156
100053.156
100058.976
100052.679
100053.593
100053.593
100056.281
100054.507
100057.195
100057.195
100055.453
100058.500
100051.812
100051.812
100051.812
100054.460
100050.468
100050.468
100052.757
100051.812
100052.757
100049.125
100049.125
100049.125
100050.906
100053.156
100053.156
100053.593
100050.906
100054.507
100054.507
100053.593
100050.468
100056.796
100056.796
100050.062
100058.546
100051.406
100051.406
100051.812
100055.851
100056.796
100056.796
100058.062
100053.593
100048.718
100048.718
100055.453
100057.632
100052.757
100052.757
100050.062
100052.250
100054.101
100054.101
100055.453
100057.632
100054.101
100054.101
100055.851
100052.757
100047.375
100047.375
100050.976
100050.546
100054.101
100054.101
100046.031
100055.453
100054.101
100054.101
100055.453
100053.156
100055.851
100055.851
100055.851
100057.632
100051.812
100054.507
100054.507
100051.812
100055.453
100054.101
100054.101
100048.718
100050.976
100053.671
100053.671
100056.359
100054.101
100055.453
100055.453
100051.890
100052.757
100051.406
100051.406
100055.453
100054.507
100050.976
100050.976
100050.976
100053.156
100048.281
100048.281
100052.320
100048.718
100051.406
100051.406
100055.851
100049.625
100048.281
100048.281
100050.546
100051.406
100055.015
100055.015
100049.195
100049.125
100049.125
100049.125
100052.320
100055.015
100057.195
100057.195
100049.625
100051.406
100053.156
100053.156
100054.507
100054.101
100059.484
100059.484
100054.507
100050.906
100058.546
100049.125
100048.281
100051.812
100057.632
100056.796
100056.796
100054.507
100051.812
100052.757
100052.757
100051.406
100048.210
100051.812
100051.812
100056.796
100054.937
100052.320
100052.320
100049.125
100053.671
100051.890
100051.890
100054.507
100050.906
100054.937
100054.937
100048.718
100055.375
100048.718
100048.718
100051.406
100053.593
100051.406
100051.406
100054.507
100050.468
100049.125
100049.125
100051.812
100049.125
100055.851
100055.851
100049.125
100052.250
100053.593
100053.593
100056.281
100049.554
100052.250
100052.250
100052.250
100049.554
100053.593
100053.593
100050.062
100054.101
100048.281
100047.375
100047.375
100053.156
100050.468
100050.062
100050.062
100050.906
100051.812
100048.718
100048.718
100054.507
100052.250
100051.812
100051.812
100049.125
100051.812
100051.406
100051.406
100053.156
100054.937
100046.859
100046.859
100054.507
100042.828
100053.156
100053.156
100052.250
100048.640
100050.062
100050.062
100052.250
100049.125
100054.101
100054.101
100049.554
100055.453
100054.031
100054.031
100047.773
100050.906
100055.453
100055.453
100054.937
100054.031
100054.937
100054.937
100053.156
100052.679
100051.406
100051.406
100050.062
100050.468
100054.937
100054.937
100053.593
100051.328
100054.937
100053.156
100053.156
100053.515
100054.460
100046.859
100046.859
100053.593
100052.250
100049.125
100049.125
100054.937
100052.679
100053.117
100053.117
100052.679
100055.812
100049.992
100049.992
100052.250
100050.828
100048.640
100048.640
100049.078
100055.812
100057.156
100057.156
100053.593
100051.765
100056.718
100056.718
100050.468
100048.210
100053.593
100053.593
100052.250
100057.156
100049.992
100049.992
100051.765
100050.828
100052.171
100052.171
100058.062
100058.500
100053.117
100053.117
100049.992
100050.828
100058.500
100058.500
100050.421
100049.992
100053.117
100053.117
100055.375
100051.765
100054.937
100054.937
100053.117
100046.390
100057.156
100053.117
100053.117
100058.062
100054.031
100053.593
100053.593
100053.117
100052.679
100052.679
100052.679
100056.281
100056.281
100049.554
100049.554
100058.062
100057.156
100055.375
100055.375
100053.593
100056.718
100052.679
100052.679
100052.679
100054.031
100051.328
100051.328
100051.765
100048.640
100054.031
100054.031
100049.554
100054.031
100047.296
100047.296
100054.031
100058.062
100049.078
100049.078
100046.390
100056.210
100055.375
100055.375
100050.421
100053.515
100050.421
100050.421
100054.460
100050.421
100047.296
100047.296
100054.460
