0.0
0.0
0.0
0.0
0.0
0.0
0.0
0.0
0.0
0.0
0.0
0.0
0.0
0.0
0.0
0.0
0.0
0.0
0.0
0.0
0.0
0.0
0.0
0.0
0.0
0.0
0.0
0.0
0.0
0.0
0.0
0.0
0.0
0.0
0.0
0.0
0.0
0.0
0.0
0.0
0.0
0.0
0.0
0.0
0.0
0.0
0.0
0.0
0.0
0.0
0.0
0.0
0.0
0.0
0.0
0.0
0.0
0.0
0.0
950.0
950.0
950.0
950.0
950.0
950.0
950.0
950.0
950.0
950.0
950.0
950.0
950.0
950.0
950.0
950.0
950.0
950.0
950.0
950.0
950.0
950.0
950.0
950.0
950.0
950.0
950.0
950.0
950.0
950.0
950.0
950.0
950.0
950.0
950.0
950.0
950.0
950.0
950.0
950.0
950.0
950.0
950.0
950.0
950.0
950.0
950.0
950.0
950.0
950.0
950.0
950.0
950.0
950.0
950.0
950.0
950.0
950.0
950.0
950.0
950.0
950.0
950.0
950.0
950.0
950.0
950.0
950.0
950.0
950.0
950.0
950.0
950.0
950.0
950.0
950.0
950.0
950.0
950.0
950.0
950.0
950.0
950.0
125.0
128.0
131.0
134.0
137.0
140.0
143.0
146.0
149.0
152.0
155.0
158.0
158.0
158.0
158.0
158.0
158.0
158.0
158.0
158.0
158.0
158.0
158.0
158.0
158.0
158.0
158.0
158.0
158.0
158.0
158.0
158.0
158.0
158.0
158.0
158.0
158.0
350.0
350.0
350.0
350.0
350.0
350.0
350.0
350.0
350.0
350.0
350.0
350.0
350.0
350.0
350.0
350.0
350.0
350.0
350.0
350.0
350.0
350.0
350.0
350.0
350.0
350.0
350.0
350.0
350.0
350.0
350.0
350.0
350.0
350.0
350.0
350.0
350.0
350.0
350.0
350.0
350.0
350.0
350.0
350.0
350.0
512.0
512.0
512.0
512.0
512.0
512.0
512.0
512.0
512.0
512.0
512.0
512.0
512.0
512.0
512.0
512.0
512.0
512.0
512.0
512.0
512.0
512.0
512.0
512.0
512.0
512.0
512.0
512.0
512.0
512.0
512.0
512.0
512.0
512.0
512.0
512.0
512.0
512.0
512.0
512.0
512.0
512.0
512.0
512.0
512.0
512.0
512.0
512.0
512.0
850.0
850.0
850.0
850.0
850.0
850.0
850.0
850.0
850.0
850.0
850.0
850.0
850.0
850.0
850.0
850.0
850.0
850.0
850.0
850.0
850.0
850.0
850.0
850.0
850.0
850.0
850.0
850.0
850.0
850.0
850.0
850.0
850.0
850.0
850.0
850.0
850.0
850.0
850.0
850.0
850.0
850.0
850.0
850.0
850.0
850.0
850.0
850.0
850.0
850.0
850.0
850.0
850.0
850.0
850.0
850.0
850.0
850.0
850.0
850.0
850.0
850.0
850.0
850.0
850.0
350.0
350.0
350.0
350.0
350.0
350.0
350.0
350.0
350.0
350.0
350.0
350.0
350.0
350.0
350.0
350.0
350.0
350.0
350.0
350.0
350.0
350.0
350.0
350.0
350.0
350.0
350.0
350.0
350.0
350.0
350.0
350.0
350.0
350.0
350.0
350.0
350.0
350.0
350.0
350.0
350.0
350.0
350.0
350.0
350.0
350.0
350.0
350.0
350.0
350.0
350.0
350.0
350.0
350.0
350.0
350.0
350.0
350.0
350.0
350.0
350.0
350.0
350.0
350.0
350.0
350.0
350.0
350.0
350.0
350.0
350.0
350.0
350.0
350.0
350.0
350.0
350.0
350.0
350.0
350.0
350.0
350.0
350.0
350.0
350.0
350.0
350.0
350.0
125.0
125.0
125.0
125.0
125.0
125.0
125.0
125.0
125.0
125.0
125.0
125.0
125.0
125.0
125.0
125.0
125.0
125.0
125.0
125.0
125.0
125.0
350.0
350.0
350.0
350.0
350.0
350.0
350.0
350.0
350.0
350.0
350.0
350.0
350.0
350.0
350.0
350.0
350.0
350.0
350.0
350.0
350.0
350.0
350.0
350.0
350.0
350.0
350.0
350.0
350.0
350.0
350.0
350.0
350.0
350.0
350.0
350.0
350.0
350.0
350.0
125.0
125.0
125.0
125.0
125.0
125.0
125.0
125.0
125.0
125.0
125.0
125.0
125.0
