296.000
360.000
423.000
487.000
550.000
614.000
677.000
741.000
805.000
869.000
932.000
996.000
1059.000
1124.000
1187.000
1251.000
1314.000
1378.000
1442.000
1506.000
1569.000
1633.000
1697.000
1761.000
1824.000
1889.000
1952.000
2016.000
2079.000
2144.000
2207.000
2271.000
2334.000
2398.000
2461.000
2525.000
2588.000
2652.000
2715.000
2779.000
2842.000
2906.000
2969.000
3033.000
3096.000
3160.000
3223.000
3287.000
3350.000
3412.000
3476.000
3539.000
3603.000
3666.000
3730.000
3793.000
3857.000
3920.000
3984.000
4047.000
4111.000
4174.000
4238.000
4301.000
4365.000
4428.000
4492.000
4554.000
4618.000
4681.000
4745.000
4808.000
4872.000
4935.000
4999.000
5062.000
5126.000
5189.000
5253.000
5316.000
5380.000
5443.000
5507.000
5570.000
5634.000
5697.000
5761.000
5824.000
5888.000
5951.000
6014.000
6078.000
6141.000
6205.000
6268.000
6332.000
6395.000
6459.000
6522.000
6586.000
6649.000
6713.000
6776.000
6840.000
6903.000
6967.000
7030.000
7094.000
7157.000
7221.000
7284.000
7348.000
7411.000
7475.000
7538.000
7602.000
7665.000
7729.000
7792.000
7856.000
7919.000
7983.000
8046.000
8110.000
8173.000
8237.000
8300.000
8364.000
8427.000
8491.000
8554.000
8617.000
8681.000
8744.000
8808.000
8872.000
8936.000
8999.000
9063.000
9126.000
9190.000
9253.000
9317.000
9380.000
9444.000
9507.000
9571.000
9634.000
9698.000
9761.000
9825.000
9888.000
9952.000
10015.000
10079.000
10142.000
10206.000
10270.000
10334.000
10397.000
10461.000
10524.000
10588.000
10651.000
10715.000
10778.000
10842.000
10906.000
10970.000
11033.000
11097.000
11160.000
11224.000
11287.000
11351.000
11414.000
11478.000
11542.000
11606.000
11669.000
11732.000
11796.000
11859.000
11923.000
11986.000
12050.000
12113.000
12178.000
12241.000
12305.000
12368.000
12432.000
12495.000
12559.000
12622.000
12686.000
12749.000
12813.000
12876.000
12941.000
13004.000
13068.000
13131.000
13195.000
13258.000
13322.000
13385.000
13449.000
13512.000
13576.000
13640.000
13704.000
13767.000
13831.000
13894.000
13958.000
14021.000
14085.000
14148.000
14213.000
14276.000
14340.000
14403.000
14467.000
14530.000
14594.000
14657.000
14721.000
14784.000
14849.000
14912.000
14976.000
15039.000
15102.000
15166.000
15229.000
15293.000
15356.000
15420.000
15484.000
15548.000
15611.000
15675.000
15738.000
15802.000
15865.000
15929.000
15992.000
16056.000
16119.000
16184.000
16247.000
16311.000
16374.000
16438.000
16501.000
16565.000
16628.000
16692.000
16755.000
16819.000
16883.000
16947.000
17010.000
17074.000
17137.000
17201.000
17264.000
17328.000
17391.000
17456.000
17519.000
17583.000
17646.000
17710.000
17773.000
17837.000
17900.000
17964.000
18027.000
18091.000
18154.000
18219.000
18282.000
18345.000
18409.000
18472.000
18536.000
18599.000
18663.000
18726.000
18790.000
18853.000
18917.000
18981.000
19045.000
19108.000
19172.000
19235.000
19299.000
19362.000
19426.000
19489.000
19553.000
19616.000
19680.000
19743.000
19808.000
19871.000
19935.000
19998.000
20062.000
20125.000
20189.000
20252.000
20316.000
20379.000
20443.000
20507.000
20571.000
20634.000
20698.000
20761.000
20825.000
20888.000
20952.000
21015.000
21079.000
21143.000
21207.000
21270.000
21334.000
21397.000
21460.000
21524.000
21587.000
21651.000
21714.000
21779.000
21842.000
21906.000
21969.000
22033.000
22096.000
22160.000
22223.000
22287.000
22350.000
22414.000
22478.000
22542.000
22605.000
22669.000
22732.000
22796.000
22859.000
22923.000
22986.000
23050.000
23113.000
23178.000
23241.000
23305.000
23368.000
23432.000
23495.000
23559.000
23622.000
23686.000
23750.000
23814.000
23877.000
23941.000
24004.000
24068.000
24131.000
24195.000
24258.000
24323.000
24386.000
24450.000
24513.000
24577.000
24640.000
24704.000
24767.000
24830.000
24894.000
24958.000
25022.000
25085.000
25149.000
25212.000
25276.000
25339.000
25403.000
25466.000
25530.000
25594.000
25658.000
25721.000
25785.000
25848.000
25912.000
25975.000
26039.000
26102.000
26166.000
26230.000
26294.000
26357.000
26421.000
26484.000
26548.000
26611.000
26675.000
26738.000
26802.000
26866.000
26930.000
26993.000
27057.000
27120.000
27184.000
27247.000
27311.000
27374.000
27438.000
27502.000
27566.000
27629.000
27693.000
27756.000
27820.000
27883.000
27947.000
28010.000
28073.000
28138.000
28201.000
28265.000
28328.000
28392.000
28455.000
28519.000
28582.000
28646.000
28709.000
28773.000
28837.000
28901.000
28964.000
29028.000
29091.000
29155.000
29218.000
29282.000
29345.000
29409.000
29472.000
29537.000
29600.000
29664.000
29727.000
29791.000
29854.000
29918.000
29981.000
30045.000
30109.000
30173.000
30236.000
30300.000
30363.000
30427.000
30490.000
30554.000
30617.000
30681.000
30745.000
30809.000
30872.000
30936.000
30999.000
31063.000
31126.000
31190.000
31253.000
31318.000
31381.000
31444.000
31508.000
31571.000
31635.000
31698.000
31762.000
31825.000
31889.000
31953.000
32017.000
32080.000
32144.000
32207.000
32271.000
32334.000
32398.000
32461.000
32525.000
32588.000
32652.000
32716.000
32780.000
32843.000
32907.000
32970.000
33034.000
33097.000
33161.000
33224.000
33289.000
33352.000
33416.000
33479.000
33543.000
33606.000
33670.000
33733.000
33797.000
33860.000
33924.000
33988.000
34052.000
34115.000
34179.000
34242.000
34306.000
34369.000
34433.000
34496.000
34561.000
34624.000
34688.000
34751.000
34814.000
34878.000
34941.000
35005.000
35068.000
35132.000
35195.000
35260.000
35323.000
35387.000
35450.000
35514.000
35577.000
35641.000
35704.000
35768.000
35831.000
35896.000
35959.000
36023.000
36086.000
36150.000
36213.000
36277.000
36340.000
36404.000
36467.000
36532.000
36595.000
36659.000
36722.000
36786.000
36849.000
36913.000
36976.000
37040.000
37103.000
37167.000
37230.000
37294.000
37358.000
37422.000
37485.000
37549.000
37612.000
37676.000
37739.000
37803.000
37866.000
37929.000
37993.000
38057.000
38121.000
38184.000
38248.000
38311.000
38375.000
38438.000
38502.000
38565.000
38629.000
38693.000
38757.000
38820.000
38884.000
38947.000
39011.000
39074.000
39138.000
39201.000
39265.000
39328.000
39392.000
39456.000
39520.000
39583.000
39647.000
39710.000
39774.000
39837.000
39901.000
39964.000
40028.000
40091.000
40155.000
40219.000
40283.000
40346.000
40410.000
40473.000
40537.000
40600.000
40664.000
40727.000
40791.000
40855.000
40919.000
40982.000
41046.000
41109.000
41172.000
41236.000
41299.000
41363.000
41426.000
41490.000
41554.000
41618.000
41681.000
41745.000
41808.000
41872.000
41935.000
41999.000
42062.000
42126.000
42189.000
42254.000
42317.000
42381.000
42444.000
42508.000
42571.000
42635.000
42698.000
42762.000
42825.000
42889.000
42953.000
43017.000
43080.000
43144.000
43207.000
43271.000
43334.000
43398.000
43461.000
43525.000
43588.000
43652.000
43716.000
43780.000
43843.000
43907.000
43970.000
44034.000
44097.000
44161.000
44224.000
44288.000
44352.000
44416.000
44479.000
44542.000
44606.000
44669.000
44733.000
44796.000
44860.000
44923.000
44987.000
45050.000
45114.000
45178.000
45242.000
45305.000
45369.000
45432.000
45496.000
45559.000
45623.000
45686.000
45750.000
45814.000
45878.000
45941.000
46005.000
46068.000
46132.000
46195.000
46259.000
46322.000
46386.000
46449.000
46514.000
46577.000
46641.000
46704.000
46768.000
46831.000
46895.000
46958.000
47022.000
47085.000
47150.000
47213.000
47277.000
47340.000
47404.000
47467.000
47531.000
47594.000
47657.000
47721.000
47784.000
47848.000
47911.000
47976.000
48039.000
48103.000
48166.000
48230.000
