11.763
11.762
12.033
11.863
11.781
11.790
11.791
11.799
11.836
11.790
12.112
11.781
11.745
11.736
11.736
11.726
11.763
11.754
11.754
11.754
11.844
11.754
11.781
11.754
11.736
11.772
11.771
11.780
11.736
0.000
0.000
0.000
0.801
1.034
0.654
0.000
0.462
0.925
1.850
0.654
1.034
0.462
0.000
0.000
0.462
0.462
1.462
0.462
0.000
1.534
0.000
0.000
1.133
0.000
0.654
0.462
0.000
2.851
2.266
2.358
1.962
2.358
2.888
2.218
2.218
2.218
2.218
2.851
2.403
2.312
2.813
2.575
2.447
2.403
2.218
2.697
2.736
2.169
2.403
2.312
2.119
2.403
2.447
2.575
2.575
2.358
2.265
2.775
3.102
2.490
2.403
2.533
2.616
2.447
2.266
2.575
2.447
2.490
2.312
2.736
2.533
2.533
2.490
2.490
2.447
3.102
2.358
2.358
2.218
2.358
2.490
2.312
2.403
2.697
2.358
2.358
2.403
2.490
2.403
2.312
2.616
2.312
2.575
2.403
2.312
2.447
2.016
2.312
2.119
2.119
2.016
2.119
1.791
2.358
2.888
2.218
2.266
2.775
2.312
2.312
2.218
2.403
2.358
2.016
2.265
2.775
2.119
2.575
2.265
2.218
2.068
2.312
2.736
2.169
2.265
2.533
2.616
2.119
2.218
2.997
2.312
2.265
2.312
2.575
2.533
2.657
2.218
2.447
2.218
2.068
2.447
2.490
2.533
2.169
2.218
1.962
2.266
2.169
2.813
2.813
2.169
2.169
2.312
2.490
2.358
2.490
2.218
2.925
2.312
2.218
2.119
2.925
2.218
2.169
2.447
2.775
2.358
2.925
2.068
2.218
2.218
2.169
2.575
2.358
2.447
2.169
2.312
2.312
2.169
2.266
3.204
2.218
2.490
2.218
2.358
2.490
2.266
2.358
2.218
2.403
3.102
2.813
2.616
2.656
2.575
2.697
2.575
2.447
2.657
2.403
2.575
2.533
2.447
2.696
2.447
2.533
2.533
3.302
2.447
2.575
2.533
2.925
3.068
2.736
2.575
2.775
2.656
2.447
2.490
2.533
2.358
2.851
2.490
2.533
2.813
2.997
2.575
2.403
2.447
2.490
2.358
2.119
2.490
2.447
2.575
2.533
2.403
2.403
2.403
2.312
2.813
2.575
2.616
2.447
2.490
2.490
2.265
3.032
2.218
2.312
2.403
2.403
2.358
2.490
2.490
2.656
2.218
2.851
2.312
2.447
2.358
2.403
2.775
2.403
2.616
2.775
2.266
2.533
2.266
2.775
2.403
2.403
2.119
2.403
2.696
2.358
2.218
2.533
2.736
2.657
2.312
2.403
2.490
2.736
2.533
2.533
2.403
2.266
2.575
3.032
2.616
2.533
2.657
2.016
2.997
2.447
2.403
2.266
2.265
2.813
2.616
2.358
2.616
2.403
2.403
2.490
2.533
3.068
2.312
2.218
2.403
2.358
2.533
3.032
2.312
2.312
2.490
2.533
2.218
2.403
2.119
2.312
2.218
2.447
2.775
2.575
2.575
2.447
2.447
2.119
2.813
3.068
2.775
2.403
2.312
2.265
2.169
2.403
2.888
2.403
2.490
2.575
2.358
2.961
2.403
2.447
2.447
2.266
2.119
2.403
2.447
2.575
2.266
2.533
2.490
2.490
2.490
3.367
2.533
2.575
2.358
2.403
3.032
2.358
2.490
2.490
2.218
2.736
2.218
2.312
2.358
2.533
2.447
2.813
2.961
2.403
2.490
2.616
2.403
2.358
2.490
2.265
2.616
2.169
2.447
2.218
2.447
2.490
2.533
2.403
2.575
2.533
2.447
2.358
2.447
2.312
2.775
2.447
2.312
2.312
2.961
2.218
2.403
2.358
2.533
2.575
2.169
2.736
2.403
2.265
2.358
2.961
2.265
2.218
2.312
2.961
2.490
2.403
2.925
2.447
2.265
2.403
3.032
2.403
2.736
2.447
3.102
2.533
2.403
2.265
2.403
3.032
2.490
2.616
2.533
2.490
2.490
3.102
2.575
2.447
2.575
2.888
2.616
2.533
2.403
2.265
2.533
2.447
2.533
2.575
3.032
3.170
2.813
2.490
2.358
2.358
2.656
2.775
2.888
2.358
2.575
2.403
2.736
3.067
2.490
2.447
2.358
2.358
2.533
2.447
