9.606
10.881
11.757
12.213
12.553
12.813
12.900
13.050
13.102
13.116
13.148
13.283
13.280
13.226
13.249
13.209
13.192
13.213
13.160
13.134
13.173
13.196
13.265
13.291
13.307
13.348
13.400
13.357
13.355
10.976
9.062
7.557
6.254
5.215
4.670
3.755
2.991
2.490
1.578
0.733
0.789
1.491
1.742
0.911
0.630
0.393
1.272
0.456
0.198
1.037
1.669
2.027
1.640
2.025
1.713
1.091
0.172
1.233
1.707
2.151
2.056
2.248
2.308
2.024
1.833
1.554
0.727
0.702
1.620
1.309
1.674
2.029
1.871
1.951
1.828
0.655
0.663
0.824
1.062
0.334
0.851
0.370
0.844
1.512
1.163
1.174
1.101
0.482
1.563
1.421
1.569
1.873
1.839
2.127
2.267
1.654
1.315
0.810
0.524
1.269
1.879
1.792
2.199
2.419
2.199
2.205
1.760
0.998
0.592
1.024
0.653
1.379
1.817
1.729
1.986
2.132
1.695
1.482
1.022
0.900
1.261
1.361
1.739
2.052
1.735
2.004
2.101
0.934
1.050
0.584
1.114
0.075
0.783
0.743
0.970
0.592
1.082
1.496
1.413
0.592
1.137
1.641
1.730
2.062
2.225
2.095
2.246
2.449
1.909
1.391
1.052
0.915
1.866
2.256
2.326
1.930
1.863
1.539
1.985
1.565
1.261
1.084
1.063
1.788
2.168
1.763
2.125
2.306
1.977
2.198
2.260
1.242
1.278
1.417
0.852
1.725
2.118
1.954
2.253
2.428
2.121
1.339
0.771
1.870
1.545
0.996
0.756
1.415
1.075
1.213
1.307
1.435
1.121
1.223
0.744
1.273
1.346
0.296
1.628
2.166
1.002
1.635
2.007
1.604
1.760
1.844
1.563
1.184
1.806
1.774
2.117
2.341
2.125
2.252
1.350
0.478
1.154
1.407
1.540
1.890
2.172
2.086
2.226
2.359
2.065
2.008
1.261
1.571
2.136
2.190
2.439
2.214
1.233
1.959
1.582
1.435
1.012
1.281
2.188
1.412
1.640
1.394
0.820
1.155
1.513
1.891
2.071
1.103
0.648
1.443
1.503
1.917
2.175
0.594
1.702
1.424
1.427
1.592
1.421
0.992
1.534
1.803
2.000
1.832
1.972
1.827
2.301
2.064
1.780
1.609
0.472
1.228
0.651
0.108
1.631
2.109
2.055
1.683
2.153
1.767
1.478
1.355
0.997
0.849
0.444
1.197
1.959
1.748
1.697
1.732
1.384
1.878
1.572
1.139
1.525
1.070
0.895
1.592
1.983
0.474
1.748
1.997
1.002
1.036
1.810
1.706
2.063
2.280
2.107
2.348
1.748
1.836
1.652
0.556
0.765
1.322
1.212
1.307
1.848
2.175
2.146
1.830
2.193
1.502
1.128
1.519
1.555
2.024
2.157
2.148
1.780
2.032
1.856
2.079
1.471
1.153
0.343
1.073
1.552
1.976
2.037
2.383
1.816
1.499
1.229
1.294
0.860
0.675
1.077
0.999
0.906
1.708
1.686
1.829
1.609
0.942
1.316
1.258
0.700
1.658
2.005
2.057
2.395
2.546
2.389
2.530
2.325
1.654
1.192
1.194
1.295
2.018
2.035
1.940
2.146
2.097
2.206
2.410
1.489
1.143
0.923
0.811
1.325
1.701
0.855
1.689
2.198
2.046
1.899
1.509
0.989
1.269
1.911
1.729
2.001
1.203
0.875
1.307
1.762
0.756
0.878
0.541
0.688
1.744
1.834
2.138
2.341
2.210
1.816
2.240
1.702
1.528
1.394
1.406
1.946
2.150
1.915
1.801
1.788
1.879
1.941
1.769
1.152
0.788
1.084
0.517
0.960
1.438
0.877
1.715
2.113
1.902
1.972
1.631
1.196
1.535
1.820
1.868
2.257
2.273
2.131
2.376
2.222
2.122
1.776
1.378
1.800
2.118
1.530
1.460
1.494
1.455
1.448
1.547
0.999
0.286
0.927
0.645
0.594
1.720
1.621
2.089
2.256
2.118
2.106
1.831
1.315
1.523
1.960
1.818
1.948
1.591
0.542
1.537
1.888
1.882
1.670
0.836
0.660
1.549
0.756
1.500
1.867
1.676
2.000
2.308
1.782
1.908
1.615
0.640
0.982
1.772
1.696
2.087
2.387
2.217
2.326
2.185
1.342
0.168
1.274
0.677
1.221
1.189
1.243
1.438
1.177
1.209
1.071
0.252
0.813
1.348
1.640
1.916
2.230
2.157
2.300
2.434
2.265
1.928
1.613
0.803
0.918
1.694
1.748
1.982
2.243
2.194
1.966
2.119
1.448
1.566
1.487
1.362
1.924
2.235
2.103
2.319
2.557
2.196
2.074
2.075
1.380
1.154
1.722
1.886
2.253
2.298
2.368
2.552
2.329
1.851
1.402
1.583
1.674
1.333
1.430
1.515
1.139
1.751
0.367
1.437
1.541
2.135
1.769
1.521
0.409
1.288
1.486
1.924
2.276
1.078
0.710
0.734
1.287
1.105
1.107
1.312
0.806
1.418
1.606
1.344
1.764
1.976
1.929
1.575
1.246
1.461
1.319
1.680
1.721
1.100
1.803
2.091
2.012
2.016
1.827
1.108
1.569
2.091
1.885
2.038
2.209
1.691
2.024
2.310
1.766
1.413
0.812
0.978
0.505
1.135
0.473
1.459
1.958
1.931
2.360
2.081
0.830
0.695
0.977
1.547
1.926
1.740
2.023
2.128
1.993
2.250
2.255
1.545
1.293
1.874
1.839
1.946
2.179
1.921
2.178
2.366
2.144
1.926
1.534
0.952
1.595
1.873
1.465
1.691
2.054
1.969
2.165
2.319
1.591
1.284
0.813
1.618
0.541
0.772
1.332
1.941
1.804
2.091
1.802
0.602
0.652
1.444
1.544
1.859
0.713
0.794
1.758
2.108
1.580
1.577
1.319
0.668
0.826
1.432
0.970
0.939
1.266
1.534
1.853
2.017
1.365
1.668
1.418
1.058
0.870
1.328
1.666
1.947
1.774
1.903
2.263
1.828
1.529
0.585
0.341
0.835
1.425
1.166
0.469
0.582
0.900
1.059
0.795
2.153
2.173
1.965
1.644
0.732
0.424
0.557
1.125
1.477
1.319
1.967
2.519
2.663
2.414
1.989
1.425
1.136
1.282
1.282
1.583
1.277
0.945
0.966
1.304
0.285
1.243
0.185
1.413
1.583
1.479
1.547
1.926
1.269
1.454
1.024
0.781
0.345
0.941
0.655
0.865
0.465
0.461
0.915
1.371
1.813
1.690
3.576
4.229
3.750
3.027
