2.396
2.396
2.393
2.399
2.397
2.396
2.400
2.396
2.398
2.400
2.398
2.393
2.398
2.400
2.397
2.400
2.400
2.398
2.401
2.401
2.398
2.398
2.395
2.397
2.397
2.395
2.394
2.398
2.397
2.394
2.401
2.397
2.398
2.397
2.391
2.399
2.398
2.397
2.400
2.401
2.397
2.400
2.400
2.394
2.396
2.396
2.393
2.398
2.397
2.399
2.401
2.401
2.396
2.401
2.397
2.395
2.395
2.400
2.400
2.402
2.398
2.401
2.400
2.397
2.397
2.397
2.392
2.398
2.401
2.396
2.400
2.401
2.398
2.399
2.398
2.393
2.395
2.398
2.393
2.398
2.398
2.396
2.398
2.400
2.396
2.397
2.397
2.395
2.401
2.397
2.399
2.400
2.398
2.401
2.401
2.395
2.396
2.395
2.396
2.399
2.401
2.398
2.402
2.401
2.398
2.400
2.396
2.394
2.394
2.399
2.396
2.400
2.401
2.398
2.400
2.400
2.396
2.397
2.396
2.393
2.401
2.398
2.400
2.401
2.397
2.400
2.400
2.392
2.397
2.396
2.393
2.398
2.398
2.397
2.398
2.396
2.398
2.399
2.397
2.394
2.399
2.400
2.399
2.401
2.401
2.398
2.401
2.401
2.395
2.395
2.396
2.397
2.402
2.402
2.400
2.396
2.398
2.396
2.401
2.396
2.396
2.397
2.397
2.401
2.401
2.396
2.401
2.401
2.397
2.401
2.400
2.392
2.398
2.398
2.395
2.401
2.401
2.398
2.401
2.401
2.397
2.394
2.393
2.390
2.397
2.398
2.397
2.393
2.397
2.401
2.398
2.398
2.396
2.398
2.396
2.399
2.398
2.394
2.402
2.402
2.392
2.401
2.401
2.396
2.399
2.399
2.397
2.396
2.401
2.398
2.401
2.401
2.398
2.400
2.393
2.394
2.399
2.399
2.398
2.400
2.401
2.399
2.400
2.401
2.397
2.399
2.394
2.399
2.402
2.400
2.402
2.398
2.393
2.402
2.396
2.397
2.392
2.395
2.389
2.399
2.394
2.396
2.401
2.398
2.399
2.401
2.400
2.393
2.396
2.400
2.398
2.401
2.401
2.390
2.402
2.397
2.398
2.399
2.397
2.396
2.400
2.400
2.400
2.398
2.400
2.398
2.402
2.398
2.397
2.397
2.392
2.400
2.393
2.397
2.402
2.402
2.399
2.396
2.402
2.396
2.397
2.397
2.392
2.399
2.396
2.399
2.402
2.397
2.398
2.398
2.396
2.387
2.397
2.397
2.394
2.402
2.397
2.401
2.401
2.391
2.402
2.400
2.393
2.397
2.402
2.398
2.401
2.401
2.398
2.401
2.395
2.399
2.397
2.393
2.395
2.401
2.397
2.398
2.401
2.401
2.399
2.397
2.401
2.394
2.396
2.399
2.398
2.401
2.400
2.399
2.396
2.400
2.398
2.400
2.395
2.396
2.394
2.399
2.400
2.401
2.399
2.402
2.395
2.396
2.396
2.398
2.393
2.397
2.400
2.397
2.397
2.401
2.398
2.399
2.397
2.395
2.399
2.397
2.395
2.401
2.401
2.399
2.402
2.401
2.399
2.401
2.398
2.394
2.396
2.397
2.398
2.402
2.399
2.398
2.401
2.399
2.400
2.401
2.393
2.396
2.396
2.397
2.399
2.400
2.394
2.401
2.402
2.398
2.398
2.396
2.395
2.398
2.402
2.397
2.400
2.394
2.396
2.399
2.400
2.393
2.394
2.397
2.398
2.402
2.399
2.401
2.401
2.399
2.396
2.402
2.395
2.397
2.397
2.398
2.401
2.401
2.397
2.398
2.398
2.399
2.399
2.397
2.395
2.396
2.398
2.395
2.394
2.402
2.395
2.401
2.401
2.397
2.399
2.396
2.396
2.399
2.400
2.399
2.402
2.400
2.398
2.401
2.398
2.399
2.397
2.396
2.400
2.401
2.395
2.397
2.398
2.398
2.398
2.398
2.395
2.395
2.398
2.396
2.397
2.402
2.398
2.402
2.401
2.398
2.399
2.397
2.395
2.399
2.401
2.398
2.400
2.396
2.393
2.401
2.400
2.399
2.397
2.391
2.398
2.401
2.394
2.400
2.400
2.397
2.401
2.402
2.395
2.399
2.397
2.394
2.398
2.401
2.398
2.401
2.402
2.398
2.401
2.398
2.393
2.394
2.400
2.395
2.399
2.397
2.398
2.398
2.396
2.397
2.397
2.395
2.398
2.399
2.399
2.400
2.401
2.399
2.401
2.401
2.398
2.397
2.397
2.392
2.399
2.401
2.399
2.400
2.401
2.399
2.397
2.400
2.394
2.398
2.397
2.397
2.401
2.401
2.398
2.401
2.402
2.397
2.398
2.399
2.394
2.397
2.401
2.400
2.402
2.400
2.400
2.402
2.398
2.396
2.396
2.389
2.394
2.397
2.395
2.395
2.397
2.392
2.401
2.401
2.389
2.391
2.397
2.396
2.400
2.400
2.399
2.401
2.402
2.392
2.396
2.397
2.392
2.396
2.396
2.395
2.398
2.401
2.399
2.397
2.400
2.400
2.398
2.396
2.396
2.399
2.397
2.400
2.398
2.395
2.401
2.401
2.398
2.399
2.397
2.394
2.400
2.402
2.397
2.400
2.401
2.395
2.401
2.401
2.395
2.396
2.395
2.394
2.398
2.399
2.395
2.401
2.401
2.399
2.402
2.397
2.392
2.397
2.398
2.400
2.401
2.397
2.401
2.400
2.398
2.401
2.400
2.394
2.397
2.401
2.398
2.399
2.401
2.397
2.401
2.401
2.398
2.397
2.396
2.395
2.400
2.400
2.396
2.399
2.401
2.398
2.401
2.401
2.394
2.396
2.396
2.390
2.400
2.398
2.399
2.402
2.398
2.401
2.397
2.393
2.395
2.393
2.395
2.393
2.400
2.398
2.402
2.401
2.395
2.398
2.397
2.393
2.396
2.402
2.396
2.393
2.401
2.399
2.400
2.400
2.394
2.400
2.397
2.391
2.400
2.399
2.400
2.400
2.397
2.399
2.402
2.396
2.397
2.394
2.396
2.398
2.400
2.396
2.394
2.396
2.399
2.398
2.394
2.388
2.393
2.395
2.397
2.399
2.398
2.397
2.399
2.399
2.390
2.391
2.389
2.391
2.395
2.397
2.398
2.402
2.398
2.397
2.399
2.396
2.392
2.396
2.394
2.399
2.400
2.394
2.401
2.399
2.397
2.398
2.401
2.394
2.398
2.396
2.396
2.396
2.398
2.394
2.399
2.395
2.396
2.398
2.392
2.393
2.395
2.375
2.378
2.393
2.398
