-40.500
-40.950
-40.882
-40.538
-40.841
-40.872
-42.112
-41.899
-41.652
-4.278
-0.315
0.418
1.617
0.837
0.534
0.953
1.333
1.033
1.678
1.068
0.557
0.281
0.028
-1.010
-1.114
-0.674
-0.968
0.241
0.361
1.161
2.028
0.878
0.538
0.504
0.388
0.714
0.409
0.491
0.837
0.534
0.503
-0.737
-0.636
-0.626
-0.625
-1.075
-0.445
0.405
0.378
0.600
0.735
0.523
0.615
0.624
0.850
0.872
0.537
2.416
0.579
0.283
0.028
-0.335
-0.709
-0.408
-0.153
1.560
0.606
0.848
0.647
0.965
1.896
1.877
1.313
2.831
2.533
2.616
2.511
4.751
4.525
5.852
7.223
7.360
8.273
10.052
11.580
11.620
12.075
14.032
14.791
14.641
14.177
14.468
13.597
13.397
13.152
12.678
13.418
13.267
12.689
13.531
14.741
13.849
14.772
15.652
14.728
14.073
15.132
14.113
12.886
12.764
12.526
11.828
11.758
12.763
12.864
13.436
13.718
14.309
14.706
13.621
15.199
13.895
13.427
14.393
14.039
13.779
14.090
13.221
13.697
13.182
13.581
12.271
14.277
13.128
13.350
13.372
13.712
12.734
13.873
14.100
14.572
14.170
12.554
14.193
13.119
13.349
13.035
12.891
14.677
14.743
13.512
13.051
14.355
15.385
13.463
13.609
13.511
14.289
14.816
12.169
12.692
13.307
12.468
13.284
12.916
13.779
13.303
13.368
14.049
13.892
13.764
14.314
14.144
13.902
14.890
14.989
12.861
14.224
14.360
13.361
12.699
12.295
13.492
13.162
14.029
14.115
14.574
13.495
13.499
13.950
14.107
13.898
13.765
12.401
13.165
12.229
13.035
14.466
14.047
14.229
13.235
13.474
13.497
14.400
14.602
13.610
14.298
12.792
13.542
11.816
13.107
14.023
12.315
11.694
13.432
13.831
14.208
14.021
13.552
14.405
14.265
12.901
13.665
14.754
15.088
14.334
13.921
13.880
12.750
11.850
12.997
15.025
14.102
13.785
13.191
13.807
14.543
13.717
13.859
15.336
14.246
12.787
13.654
13.853
12.748
12.862
13.211
13.921
13.542
13.954
14.558
14.506
14.163
13.791
14.879
13.863
13.199
12.457
12.158
12.578
12.733
13.086
13.346
13.709
14.083
15.471
13.809
14.768
14.414
14.041
14.904
12.965
13.559
13.393
13.602
14.748
12.387
13.276
11.903
12.665
13.866
13.199
14.032
14.341
16.059
14.543
14.392
14.039
14.679
14.068
12.994
13.112
12.786
12.304
12.818
12.757
13.201
13.920
14.667
15.529
15.615
15.061
15.231
15.248
14.575
13.720
14.197
12.895
12.314
12.144
11.902
13.565
12.944
14.119
15.137
13.664
14.641
13.952
12.758
14.438
15.056
13.656
15.091
13.096
12.222
14.610
13.273
12.690
12.631
13.976
14.673
15.417
14.254
14.925
14.430
14.718
13.622
12.837
14.671
14.179
12.555
13.968
12.759
12.638
13.526
13.503
14.513
15.289
15.141
16.027
16.228
16.135
15.901
15.540
15.504
15.275
14.577
14.283
14.478
13.485
13.386
15.514
15.614
15.624
16.187
15.456
14.708
15.083
14.671
14.067
14.344
15.609
14.161
13.791
13.867
12.749
14.437
14.381
14.038
13.441
13.494
14.512
14.276
14.140
15.026
13.428
15.968
15.434
15.156
15.015
13.652
13.965
13.321
13.257
12.576
13.970
15.009
14.326
15.045
15.229
15.023
15.115
14.111
13.561
14.406
13.028
13.340
13.034
12.216
13.034
13.566
15.419
15.267
15.477
15.385
14.926
14.205
14.808
14.306
14.706
13.845
14.209
15.933
14.981
13.085
14.246
13.462
12.484
14.973
15.110
14.336
14.933
14.318
14.932
14.543
14.842
13.859
12.861
13.998
11.862
12.774
13.202
12.570
12.844
13.997
15.350
13.122
14.925
16.005
15.325
13.570
14.294
14.367
13.587
13.171
14.142
13.114
13.124
12.112
12.799
13.655
14.865
14.536
16.304
16.593
19.097
18.560
18.056
19.580
20.183
22.156
21.791
24.454
28.095
28.235
29.598
35.472
34.260
35.938
40.156
42.828
43.433
47.543
45.592
46.634
48.201
44.308
45.943
49.594
47.709
49.096
51.935
42.881
53.113
50.199
49.457
52.308
49.218
51.722
53.772
49.365
48.811
50.893
49.077
54.070
52.882
51.638
56.239
46.574
50.557
49.718
52.447
54.182
52.106
49.648
56.602
53.360
49.886
49.313
51.056
51.343
52.722
52.410
53.953
53.433
55.293
56.492
55.262
53.564
54.294
49.304
51.055
46.393
50.877
52.563
50.369
52.174
53.367
49.887
51.789
49.954
52.470
53.959
45.446
49.432
52.531
47.778
48.653
51.890
51.876
49.738
49.524
48.265
52.189
49.206
52.283
51.466
48.796
48.529
49.740
51.099
55.622
49.212
49.021
53.952
50.170
47.205
47.133
43.863
50.174
50.130
52.375
58.450
56.695
57.307
56.693
52.807
53.543
50.917
48.629
53.238
46.049
52.530
50.365
52.849
51.635
51.626
50.838
50.871
47.725
52.022
48.627
49.413
50.279
54.978
50.723
54.572
48.770
47.289
51.304
53.055
50.305
57.343
54.672
51.142
53.039
49.291
51.954
51.433
50.256
50.701
49.170
52.167
53.254
49.988
54.499
48.537
46.366
55.599
49.885
48.076
56.783
49.103
53.848
49.935
48.306
48.368
49.274
42.277
49.678
49.405
48.478
52.548
52.392
51.252
50.013
55.851
51.710
50.846
49.859
57.523
50.302
51.043
58.204
50.483
47.798
54.055
50.630
47.251
49.613
52.886
49.726
46.035
49.266
48.689
48.856
47.073
49.145
50.252
51.038
44.929
46.680
46.293
47.379
48.725
52.797
51.180
49.105
47.098
52.747
51.512
47.901
53.840
51.284
50.466
48.809
46.956
55.208
48.833
47.971
49.347
51.060
46.843
51.259
47.651
49.990
54.949
48.245
46.562
52.019
49.864
47.624
49.087
44.396
50.340
47.334
52.096
50.210
54.296
51.555
52.743
49.374
50.050
49.217
48.009
51.151
46.740
47.086
49.371
50.050
52.930
51.643
51.852
51.985
53.236
50.774
57.165
54.316
51.557
54.093
49.734
50.536
50.616
50.286
53.516
49.677
49.293
52.854
47.585
47.396
51.539
51.279
51.253
53.613
56.436
49.406
51.290
54.404
50.890
43.226
48.873
50.787
52.216
52.922
48.042
52.954
46.808
46.531
48.303
46.343
45.697
46.982
46.998
44.975
49.160
46.316
44.119
45.362
49.986
54.611
46.974
51.272
53.727
47.785
48.653
50.315
46.656
53.153
45.140
46.364
51.211
47.534
45.928
48.580
49.746
51.100
48.647
46.265
48.726
52.235
45.498
51.125
46.625
50.562
51.631
47.913
46.529
46.953
41.483
45.548
51.242
44.499
49.225
46.997
49.025
49.790
48.629
48.175
49.592
48.947
50.570
49.382
45.213
51.659
42.853
47.598
54.710
51.483
51.273
47.990
51.149
54.615
51.811
52.544
54.979
52.410
52.041
52.567
42.719
52.647
51.390
49.014
54.964
54.546
53.942
53.657
58.803
63.255
68.988
65.849
66.885
65.301
68.855
72.585
78.471
77.935
80.581
79.271
87.352
92.885
102.101
96.385
94.238
99.761
105.938
105.881
111.388
108.901
116.753
114.613
117.549
108.730
122.473
127.560
132.231
133.485
131.248
125.962
130.271
146.227
149.173
131.017
124.589
132.834
129.046
123.942
129.394
132.189
135.506
123.013
142.576
130.920
140.554
140.168
135.179
137.493
135.137
133.776
114.515
136.889
133.951
143.670
125.404
132.690
129.481
137.823
133.820
147.032
133.166
137.066
144.769
139.239
137.561
130.644
127.027
139.940
122.781
140.866
131.649
123.527
130.590
129.047
139.130
138.788
131.554
119.918
128.092
121.597
126.010
135.001
129.600
133.785
138.816
120.869
134.262
131.664
128.929
145.755
142.825
146.807
136.856
137.211
129.709
137.733
134.261
132.901
133.215
129.534
132.091
126.271
140.090
136.859
136.198
133.657
137.566
142.569
130.469
133.309
131.681
129.156
138.240
132.286
115.829
133.420
141.142
119.302
131.968
144.259
123.888
125.339
135.159
131.191
123.594
139.822
126.257
117.476
130.210
120.233
119.461
129.171
133.854
140.285
132.153
147.540
131.641
133.877
140.850
130.747
129.287
142.416
132.816
127.019
131.839
134.571
129.670
137.279
140.290
131.366
144.649
150.590
129.246
141.175
127.967
126.534
139.553
141.530
142.065
138.631
135.476
137.410
135.691
121.119
130.349
134.535
131.241
134.737
123.499
131.037
132.466
131.934
132.556
137.005
136.550
139.880
130.650
126.803
133.168
144.154
138.728
142.010
144.476
131.673
129.717
138.522
142.552
126.643
133.264
143.714
140.034
136.966
138.459
129.158
140.491
137.236
143.323
143.595
136.872
136.425
137.842
133.484
152.848
131.160
132.028
125.815
140.044
138.092
129.009
138.338
132.859
141.086
134.371
131.224
130.347
125.422
124.142
134.139
141.776
130.165
122.817
124.219
116.822
126.545
129.992
125.612
131.474
131.385
142.176
132.792
125.442
145.857
130.123
125.512
123.251
131.687
128.369
135.799
129.905
121.103
135.410
138.753
140.100
143.385
136.063
135.106
126.348
128.172
130.492
135.112
131.861
129.174
136.555
136.280
125.341
137.409
134.228
132.560
134.531
133.715
120.472
133.210
130.658
135.691
123.369
126.974
125.985
132.636
130.601
127.248
131.187
143.281
132.341
127.759
123.363
127.761
126.738
126.749
134.850
138.247
131.275
127.315
127.031
125.766
127.664
136.741
118.974
132.160
135.278
126.365
133.911
133.541
127.879
138.900
139.102
124.835
131.058
132.356
117.523
141.577
132.958
130.071
131.020
129.089
132.946
146.495
132.774
134.890
139.939
136.394
135.252
129.513
140.751
126.238
125.236
127.386
125.239
124.574
135.532
129.541
131.079
133.370
125.387
132.126
131.112
142.599
130.135
120.338
129.934
135.506
126.163
130.741
129.287
131.954
120.970
135.510
128.751
136.175
133.205
141.683
149.843
140.309
148.581
138.721
147.972
148.335
169.071
163.607
168.911
177.203
165.883
172.851
175.910
186.678
175.493
179.887
169.189
183.869
187.587
168.721
194.622
182.250
184.162
191.104
187.298
175.892
181.389
181.039
190.566
186.007
189.263
174.289
182.354
192.835
181.958
184.133
190.876
192.450
192.045
185.029
181.403
169.003
173.500
180.137
190.814
172.869
176.137
159.476
180.647
201.890
180.501
191.300
191.255
179.663
181.879
179.738
190.436
178.119
183.299
172.230
189.348
196.347
184.335
180.546
181.179
167.630
186.188
188.831
194.721
196.885
184.163
190.654
172.178
179.555
185.918
192.517
189.802
199.093
187.872
190.912
183.229
179.760
184.701
165.845
178.359
190.186
170.219
191.059
183.581
177.321
179.732
172.548
185.217
181.647
178.027
177.328
183.108
185.486
189.098
177.985
178.111
180.711
180.746
192.224
190.672
191.755
182.300
189.792
188.742
186.049
191.967
175.797
191.055
190.555
190.506
183.750
175.537
181.916
183.792
193.992
198.949
171.320
191.507
172.938
174.006
180.413
190.166
170.217
171.259
188.238
202.199
189.307
179.018
189.239
180.361
182.286
190.916
167.479
180.885
186.726
200.585
182.846
180.284
177.553
181.668
168.242
174.887
190.739
174.099
188.410
181.291
192.279
180.440
176.894
172.714
175.334
198.546
173.192
189.444
182.969
178.722
184.147
191.552
189.255
176.763
168.651
185.165
167.692
170.332
183.308
162.781
168.378
183.338
178.421
175.117
190.649
177.465
164.446
177.432
190.543
191.517
170.014
187.439
178.831
181.458
189.146
197.677
176.368
172.324
178.557
172.431
172.943
179.294
176.667
178.092
171.709
167.021
176.789
177.429
175.355
153.548
169.592
156.797
177.230
181.298
170.230
184.423
176.280
186.040
173.516
178.452
181.420
188.017
179.114
178.111
191.736
179.261
187.914
181.241
182.149
186.515
187.176
172.618
188.262
194.439
188.981
183.823
192.870
174.874
168.237
144.511
150.464
182.671
170.817
164.682
179.593
174.897
151.477
149.360
166.361
169.524
174.565
175.406
163.678
145.068
153.669
174.217
178.409
166.003
164.875
173.312
153.794
165.342
168.972
172.485
165.748
165.525
174.952
164.645
164.289
173.929
157.568
179.444
180.507
199.176
175.617
170.787
175.366
197.086
173.609
175.423
173.242
180.224
170.910
178.303
186.018
167.102
172.298
186.430
181.205
176.858
157.298
173.117
169.637
161.864
173.236
174.374
169.650
171.202
172.708
176.008
176.563
165.594
173.159
186.066
174.869
172.849
183.110
177.498
173.225
172.685
168.918
170.792
169.967
180.234
181.036
177.066
162.944
171.319
163.832
183.783
183.303
172.230
159.985
164.611
163.499
157.537
152.891
178.527
171.302
153.930
168.393
174.902
162.053
166.730
155.048
159.505
157.025
137.090
143.984
135.673
127.192
142.094
141.334
133.158
143.703
126.083
131.183
130.343
130.709
123.658
122.053
128.755
133.700
134.757
135.426
129.643
137.614
130.874
121.762
130.076
139.233
125.523
135.402
136.165
116.104
108.923
118.555
118.955
122.258
130.576
130.845
138.522
136.027
143.090
135.809
131.931
131.656
129.603
120.735
136.611
118.736
116.836
125.871
123.062
134.369
137.974
136.985
125.861
126.886
133.288
135.841
125.297
136.167
133.542
133.954
135.795
125.629
137.663
132.566
133.969
140.634
141.188
138.431
136.243
129.274
123.740
134.212
127.834
129.446
144.794
131.254
131.138
134.839
132.959
133.558
133.956
127.133
132.526
134.415
137.191
140.282
133.278
139.328
130.820
126.144
131.189
132.931
124.105
131.098
136.072
131.282
134.066
130.632
141.988
129.511
129.276
130.040
125.841
130.259
119.113
142.411
141.591
139.934
122.668
135.679
137.993
131.699
145.582
126.721
133.047
142.792
144.554
128.418
132.204
131.458
137.796
129.317
136.569
115.357
131.348
133.622
134.637
140.701
139.058
129.781
127.278
130.628
138.050
131.930
135.930
129.355
133.423
139.117
133.274
127.965
131.934
129.181
141.730
142.535
145.203
145.020
145.677
137.530
143.578
125.620
131.249
150.150
130.327
142.633
141.388
138.789
130.879
135.375
133.237
133.361
132.023
137.965
127.084
128.133
125.876
134.538
130.116
129.787
137.291
126.566
138.882
135.501
144.725
133.272
132.690
138.819
125.932
147.593
124.672
130.930
136.843
126.522
129.315
128.806
138.656
142.003
142.788
128.916
145.304
138.280
127.003
134.763
128.789
123.016
133.464
137.321
124.320
135.394
125.814
122.719
135.572
133.707
138.133
139.026
126.853
136.210
122.521
129.815
142.919
120.267
124.302
129.993
124.374
141.137
132.801
134.667
119.329
122.633
129.601
123.772
113.627
110.925
129.892
137.414
139.179
138.455
136.695
129.320
124.082
122.546
130.042
119.767
133.927
126.118
117.237
128.499
111.175
108.880
106.513
101.551
107.355
115.585
108.196
102.844
111.309
122.956
109.833
127.421
105.104
105.460
118.658
127.966
115.734
123.173
123.242
130.449
120.932
117.618
111.549
125.680
115.393
123.027
117.040
120.717
109.384
133.563
114.606
128.798
114.467
115.284
117.953
116.420
119.192
118.232
120.611
115.448
125.395
127.177
129.155
138.015
117.414
129.416
120.042
129.342
115.196
133.132
133.126
121.875
135.375
127.837
121.346
138.697
123.220
128.984
135.636
142.939
130.056
134.956
134.996
135.000
130.950
134.032
128.153
136.565
137.744
138.649
124.227
130.660
134.678
140.143
134.164
125.579
143.733
127.998
140.037
140.341
135.309
137.393
136.252
128.938
136.644
129.427
133.655
131.828
127.145
124.764
125.989
119.924
113.580
106.195
119.182
97.193
100.619
99.274
93.627
96.888
87.426
97.843
98.209
92.171
77.392
81.652
70.715
68.609
69.298
63.180
66.505
67.288
66.466
60.084
56.296
64.242
57.837
54.834
57.121
56.900
52.715
53.759
56.901
55.977
55.998
48.800
54.717
47.884
50.238
50.249
48.787
51.229
54.735
55.986
53.186
51.668
52.417
49.229
52.510
51.263
55.076
53.770
49.702
52.783
51.403
54.078
50.970
48.972
47.422
49.292
42.167
44.379
46.400
46.152
53.440
51.131
49.776
54.365
50.099
49.785
55.153
53.553
51.143
56.077
54.320
54.482
53.823
45.882
53.076
48.845
50.784
50.303
48.905
54.390
48.414
48.941
48.657
49.416
49.942
49.657
49.291
51.279
52.603
49.023
53.165
52.116
51.561
52.631
48.238
49.149
51.265
53.726
53.073
54.695
51.707
53.433
52.593
49.922
51.567
51.507
54.651
54.515
51.576
50.158
48.666
48.516
54.464
50.109
48.211
52.746
49.374
46.450
51.332
46.421
48.179
57.468
52.322
52.370
51.812
49.394
57.589
49.971
50.560
52.081
50.096
47.534
47.391
46.701
46.745
48.999
53.050
50.642
47.364
52.211
50.783
47.716
53.934
53.543
48.554
54.130
56.038
52.966
50.071
49.332
50.046
50.342
51.272
53.615
51.599
47.910
53.841
50.272
46.427
52.343
50.572
52.307
52.143
46.839
50.021
51.690
49.494
49.837
51.109
49.886
53.926
51.968
51.547
50.267
52.277
48.653
