-23.040
-23.808
-23.962
-23.992
-33.598
-35.519
-23.104
-23.821
-23.964
-1.593
-9.918
1.216
3.443
3.889
-8.822
1.436
-9.313
-1.863
-0.373
3.125
0.625
3.325
0.665
-9.467
-1.893
-13.179
-12.236
-2.447
-10.089
-2.018
-0.404
3.119
-8.976
-1.795
-9.959
-11.592
0.882
3.376
-8.925
-1.785
-9.957
-1.991
-13.198
-2.640
-10.128
-11.625
-2.325
-13.265
-12.253
0.749
-9.450
-1.890
-9.978
1.204
0.241
3.248
3.850
0.770
3.354
-8.929
-11.386
-11.877
-11.975
-2.395
-13.279
0.544
0.109
0.022
0.004
0.001
3.200
0.640
0.128
0.026
3.205
3.841
0.768
3.354
0.671
3.334
0.667
3.333
0.667
3.333
3.867
3.973
0.795
3.359
13.472
15.494
15.899
6.380
4.476
4.095
13.619
5.924
1.185
0.237
3.247
3.849
3.970
13.594
15.519
6.304
4.461
4.092
4.018
4.004
4.001
4.000
0.800
0.160
3.232
3.846
13.569
5.914
4.383
13.677
5.935
4.387
13.677
2.735
3.747
3.949
13.590
15.518
19.104
3.821
3.964
0.793
0.159
3.232
0.646
0.129
3.226
3.845
0.769
3.354
13.471
5.894
4.379
4.076
4.015
4.003
0.801
12.960
2.592
3.718
13.544
5.909
4.382
4.076
13.615
15.523
3.105
0.621
0.124
3.225
3.845
0.769
0.154
3.231
0.646
0.129
12.826
5.765
4.353
4.071
0.814
3.363
3.873
13.575
15.515
6.303
4.461
13.692
2.738
3.748
13.550
5.910
1.182
3.436
3.887
13.577
5.915
1.183
0.237
0.047
3.209
3.842
3.968
13.594
15.519
3.104
13.421
2.684
3.737
3.947
3.989
3.998
4.000
4.000
4.000
13.600
5.920
4.384
4.077
0.815
3.363
0.673
12.935
2.587
0.517
0.103
3.221
3.844
0.769
0.154
3.231
13.446
2.689
13.338
15.468
6.293
4.459
13.692
5.938
4.388
0.878
0.176
3.235
13.447
15.489
6.298
14.060
15.612
6.322
14.064
6.013
4.403
13.681
2.736
0.547
3.309
0.662
0.132
0.026
0.005
12.801
5.760
4.352
4.070
4.014
4.003
13.601
2.720
3.744
0.749
0.150
3.230
3.846
0.769
0.154
0.031
12.806
5.761
4.352
4.070
4.014
13.603
5.921
1.184
13.037
5.807
4.361
4.072
4.014
4.003
4.001
0.800
3.360
0.672
3.334
0.667
3.333
3.867
13.573
15.515
6.303
1.261
13.052
5.810
13.962
2.792
0.558
12.912
5.782
13.956
5.991
17.198
16.240
6.448
1.290
13.058
15.412
6.282
4.456
0.891
3.378
3.876
0.775
0.155
3.231
3.846
0.769
12.954
5.791
4.358
0.872
12.974
5.795
4.359
4.072
0.814
3.363
3.873
0.775
0.155
3.231
3.846
3.969
0.794
12.959
5.792
1.158
0.232
3.246
3.849
3.970
3.994
3.999
0.800
0.160
3.232
0.646
3.329
0.666
3.333
3.867
13.573
18.715
6.943
14.189
2.838
3.768
3.953
3.991
13.598
5.920
4.384
4.077
4.015
4.003
16.801
16.160
16.032
6.406
14.081
2.816
0.563
12.913
5.782
13.957
5.991
4.398
4.080
0.816
3.363
0.673
0.135
3.227
3.845
3.969
3.994
13.599
5.920
13.984
5.997
13.999
15.600
15.920
3.184
3.837
3.967
3.993
3.999
13.600
18.720
16.544
6.509
1.302
3.460
3.892
13.578
5.916
1.183
13.037
5.807
1.161
0.232
0.046
12.809
5.762
13.952
18.790
6.958
4.592
13.718
5.944
1.189
13.038
15.408
6.281
4.456
0.891
12.978
5.796
1.159
3.432
13.486
5.897
4.379
0.876
3.375
3.875
3.975
0.795
3.359
13.472
5.894
1.179
0.236
0.047
0.009
12.802
15.360
6.272
14.054
15.611
3.122
0.624
3.325
13.465
15.493
6.299
14.060
6.012
1.202
3.440
3.888
3.978
3.995
3.999
13.600
5.920
17.184
16.237
16.047
19.209
16.642
16.128
19.226
19.845
16.769
16.154
19.231
32.646
32.129
35.226
32.645
48.129
35.226
45.445
37.889
45.978
47.596
38.319
36.464
45.693
50.739
48.548
51.310
39.062
46.212
38.043
46.009
47.602
38.320
36.464
45.693
47.539
51.108
39.022
46.204
47.641
47.928
47.986
51.197
35.839
48.768
38.554
46.111
47.622
38.324
46.065
50.813
48.563
48.113
48.023
48.005
48.001
51.200
51.840
48.768
48.154
48.031
51.206
48.641
51.328
51.866
48.773
38.555
49.311
48.262
51.252
35.851
48.770
48.154
51.231
39.046
36.609
48.922
48.184
35.237
32.647
44.930
37.786
45.957
47.592
47.918
51.184
51.837
51.967
48.794
38.559
46.112
47.622
51.125
48.625
38.525
46.105
50.821
51.764
51.953
51.991
39.198
49.440
48.288
35.258
45.452
34.690
45.338
47.468
51.094
51.819
48.764
51.353
48.671
35.334
45.467
50.693
48.539
48.108
51.222
48.644
48.129
51.226
48.645
51.329
39.066
49.413
48.283
51.257
51.851
48.770
51.354
48.671
38.534
46.107
50.821
51.764
48.753
51.351
48.670
48.134
51.227
51.845
51.969
48.794
51.359
51.872
48.774
48.155
51.231
51.846
51.969
51.994
48.799
51.360
48.672
51.334
51.867
51.973
51.995
48.799
48.160
51.232
48.646
48.129
51.226
51.845
48.769
51.354
48.671
48.134
48.027
51.205
51.841
48.768
48.154
51.231
48.646
51.329
51.866
51.973
51.995
51.999
52.000
48.800
38.560
49.312
51.462
39.092
46.219
47.644
51.129
51.826
39.165
46.233
47.647
38.329
46.066
38.013
46.003
47.601
47.920
51.184
51.837
51.967
51.994
51.999
48.800
48.160
48.032
35.206
45.441
37.888
45.978
47.596
35.119
35.824
45.565
47.513
51.103
48.621
35.324
48.665
51.333
48.667
51.333
51.867
48.773
51.355
39.071
49.414
48.283
51.257
48.651
51.330
48.666
51.333
48.667
48.133
48.027
48.005
48.001
48.000
48.000
51.200
48.640
48.128
51.226
48.645
51.329
51.866
48.773
51.355
48.671
48.134
51.227
48.645
51.329
48.666
48.133
48.027
35.205
45.441
50.688
38.938
33.388
48.278
51.256
51.851
51.970
51.994
51.999
52.000
48.800
35.360
35.872
45.574
50.715
51.743
51.949
35.990
48.798
38.560
49.312
48.262
38.453
49.291
51.458
48.692
38.538
46.108
47.622
47.924
38.385
33.277
45.055
37.811
45.962
47.593
35.119
35.824
45.565
34.713
48.543
38.509
33.302
48.260
35.252
45.451
50.690
35.738
45.548
47.510
47.902
35.180
45.436
47.487
47.898
38.380
33.276
48.255
38.451
36.490
32.898
32.180
44.836
50.567
38.913
36.583
32.917
44.983
50.597
48.519
51.304
48.661
51.332
48.667
48.133
35.227
45.445
47.489
38.298
49.260
38.652
46.130
38.026
46.005
50.801
48.560
48.112
48.023
51.205
48.641
51.328
39.066
46.213
50.843
51.769
51.954
48.791
51.358
48.672
48.134
60.827
66.565
64.513
54.503
65.301
64.260
64.052
64.011
64.002
76.801
66.560
80.512
83.303
96.661
86.532
84.507
84.101
96.820
99.364
96.673
99.335
112.667
112.133
112.027
115.205
115.841
128.768
128.154
131.231
128.646
128.129
115.226
115.845
141.569
130.714
115.743
128.749
128.150
128.030
128.006
131.201
131.840
115.968
125.594
130.719
144.544
131.309
144.662
131.332
128.666
128.133
102.427
122.885
126.977
140.595
120.919
142.584
108.517
127.303
127.861
140.772
133.754
129.151
144.230
144.046
131.209
119.042
116.608
125.722
114.744
125.349
127.470
118.294
126.059
118.012
142.002
134.000
132.400
116.080
128.816
131.363
119.073
126.215
130.843
128.569
144.114
118.423
129.285
131.457
119.091
126.218
130.844
131.769
128.754
128.151
118.430
126.086
127.617
115.123
128.625
131.325
131.865
131.973
141.595
133.919
119.584
113.517
128.303
140.861
133.772
145.154
131.431
131.886
131.977
128.795
118.559
142.112
130.822
115.764
128.753
140.951
120.990
116.998
129.000
118.600
129.320
128.264
128.053
115.211
112.642
112.128
128.026
118.405
116.481
138.496
130.099
128.420
131.284
115.857
125.571
130.714
118.943
142.189
118.038
126.008
118.001
129.200
128.240
144.048
134.410
129.282
131.456
144.691
131.338
144.668
134.534
129.307
128.261
140.852
146.570
131.714
128.743
131.349
128.670
128.134
115.227
128.645
128.129
118.426
116.485
128.897
131.379
131.876
119.175
129.435
131.487
131.897
119.179
126.236
130.847
144.569
131.314
131.863
131.973
131.994
115.999
128.800
131.360
131.872
131.974
128.795
131.359
144.672
147.334
131.867
141.573
130.715
131.743
131.949
131.990
131.998
132.000
128.800
128.160
115.232
115.846
112.769
124.954
127.391
127.878
131.176
131.835
141.567
133.913
132.383
132.077
132.015
128.803
131.361
144.672
118.534
116.507
112.901
115.380
125.476
130.695
128.539
128.108
115.222
128.644
131.329
119.066
139.013
130.203
131.641
115.928
125.586
117.917
129.183
131.437
115.887
128.777
140.956
143.391
131.078
119.016
139.003
117.401
116.280
128.856
128.171
115.234
115.847
125.569
130.714
115.743
125.549
140.310
130.462
128.492
131.298
119.060
126.212
130.842
131.768
115.954
112.791
115.358
115.872
112.774
124.955
130.591
128.518
131.304
115.861
115.972
112.794
128.159
131.232
119.046
129.409
115.482
128.696
131.339
131.868
119.174
126.235
118.047
126.009
140.402
133.680
129.136
128.227
140.845
133.769
132.354
116.071
125.614
130.723
115.745
128.749
140.950
120.990
129.798
115.560
128.712
140.942
133.788
119.558
129.512
131.502
128.700
131.340
128.668
131.334
128.667
128.133
128.027
118.405
126.081
127.616
127.923
131.185
128.637
131.327
131.865
128.773
131.355
115.871
125.574
127.515
115.103
128.621
115.324
125.465
130.693
128.539
115.308
138.262
120.452
139.291
143.058
143.812
147.162
135.032
155.007
149.401
157.880
159.576
147.115
173.423
165.885
173.977
165.995
173.999
175.600
175.920
163.184
173.437
191.487
179.098
179.820
167.164
177.433
179.487
179.897
176.780
163.356
186.271
181.254
180.251
189.650
165.930
186.786
190.957
178.992
179.798
179.960
189.592
178.719
179.744
176.749
179.350
176.670
179.334
179.867
176.773
163.355
163.871
176.774
192.155
179.231
176.646
176.129
166.426
174.085
178.817
189.364
169.073
174.615
162.923
173.385
191.477
191.896
166.379
174.076
178.815
176.563
179.313
192.663
192.133
179.227
176.645
179.329
179.866
179.973
179.995
179.999
176.800
163.360
202.272
184.454
152.091
187.218
178.244
179.649
176.730
179.346
189.469
181.894
167.579
164.716
176.943
179.389
179.878
167.176
164.635
173.727
162.746
176.549
163.310
176.662
179.332
176.667
192.133
179.227
176.645
179.329
192.666
169.733
174.747
191.749
153.550
184.310
190.462
194.893
179.779
179.956
163.991
176.798
163.360
189.472
178.695
179.739
167.148
177.430
166.686
186.937
168.587
174.518
178.904
192.581
195.316
179.863
176.773
163.355
176.671
192.134
179.227
176.645
176.129
188.826
191.365
179.073
167.015
174.203
175.641
150.328
170.866
162.173
173.235
178.647
179.729
189.546
165.909
161.182
173.036
204.207
172.042
175.208
179.042
192.608
195.322
179.864
189.573
181.915
164.383
160.877
160.175
172.835
162.567
173.314
162.663
160.533
160.107
172.821
175.364
166.273
177.255
176.251
176.050
179.210
163.842
186.369
168.474
164.895
186.579
181.316
180.263
180.053
180.011
164.002
189.601
178.720
166.944
164.589
176.918
166.584
161.317
185.863
168.373
152.075
158.415
159.683
175.937
179.187
176.638
176.128
176.026
176.005
179.201
167.040
174.208
175.642
175.928
166.386
190.077
169.215
161.843
176.369
192.074
179.215
179.843
167.169
174.234
188.447
178.489
176.498
188.900
178.580
150.916
161.383
160.277
176.055
163.211
163.842
163.968
163.994
151.199
161.440
163.488
163.898
160.780
160.156
163.231
151.046
161.409
176.282
179.256
176.651
153.730
174.746
162.949
160.590
160.118
172.824
178.565
166.913
161.383
163.477
160.695
172.939
152.988
174.598
162.920
189.384
178.677
166.935
164.587
186.518
168.504
177.701
166.740
177.348
163.470
147.894
170.379
149.276
161.055
176.211
176.042
192.009
156.802
159.360
159.872
159.975
159.995
175.999
176.000
176.000
179.200
163.840
176.768
176.154
163.231
189.446
165.889
161.178
176.236
179.247
176.650
179.330
179.866
167.173
151.835
171.167
187.834
178.367
163.673
163.935
160.787
176.157
176.032
176.006
150.401
158.080
162.816
150.963
161.393
173.079
178.616
150.923
158.185
172.437
165.687
164.338
148.068
157.614
162.723
138.145
142.829
130.966
102.993
126.199
140.440
120.888
129.778
144.356
131.271
115.854
115.971
128.794
115.359
128.672
131.334
128.667
131.333
128.667
128.133
131.227
119.045
116.609
138.522
117.304
129.061
131.412
115.882
99.976
112.795
112.159
112.032
128.006
131.201
131.840
131.968
128.794
131.359
128.672
131.334
128.667
118.533
113.307
102.661
110.132
127.626
115.125
125.425
140.285
133.657
132.331
128.866
128.173
128.035
131.207
141.441
133.888
132.378
128.876
128.175
131.235
141.447
121.089
129.818
128.364
131.273
131.855
131.971
115.994
125.599
127.520
127.904
140.781
120.956
129.791
131.558
128.712
115.342
141.468
121.094
129.819
128.364
131.273
131.855
128.771
131.354
128.671
118.534
126.107
127.621
127.924
131.185
131.837
128.767
128.154
128.031
128.006
131.201
128.640
118.528
129.306
131.461
119.092
139.018
146.204
144.441
131.288
131.858
131.972
131.994
128.799
128.160
128.032
140.806
146.561
122.112
130.022
128.404
128.081
128.016
131.203
119.041
129.408
131.482
131.896
131.979
128.796
131.359
119.072
126.214
127.643
127.929
131.186
131.837
119.167
142.233
130.847
115.769
115.954
128.791
131.358
128.672
140.934
146.587
144.517
131.304
131.861
131.972
119.194
142.239
134.048
129.210
131.442
131.888
128.778
128.156
131.231
128.646
115.329
125.466
127.493
127.899
118.380
126.076
118.015
113.203
125.041
127.408
127.882
131.176
141.435
133.887
132.377
132.075
128.815
140.963
120.993
126.599
114.920
115.784
128.757
118.551
129.310
141.062
146.612
134.922
129.385
144.277
131.255
131.851
141.570
121.114
139.423
133.485
116.297
112.859
128.172
131.234
128.647
131.329
119.066
129.413
118.683
129.336
115.467
112.693
124.939
127.388
131.078
119.015
116.603
125.721
127.544
131.109
128.622
105.724
123.545
117.509
103.502
110.300
127.660
127.932
127.986
127.997
127.999
128.000
131.200
131.840
131.968
128.794
131.359
128.672
118.534
138.907
120.581
116.916
100.183
96.837
99.367
112.673
99.335
112.667
102.533
110.107
102.021
110.004
98.801
96.560
112.112
124.822
101.764
113.153
115.431
112.686
112.137
115.227
115.845
128.769
105.754
110.751
114.950
128.590
102.518
122.904
114.181
115.636
115.927
115.985
115.997
112.799
115.360
112.672
124.934
114.587
128.517
118.503
129.301
144.260
121.652
126.730
114.946
128.589
118.518
113.304
128.261
131.252
131.850
119.170
129.434
144.287
134.457
132.491
132.098
144.820
118.564
126.113
140.423
117.685
125.937
127.587
115.117
128.623
131.325
141.465
130.693
131.739
128.748
131.350
131.870
115.974
138.395
130.079
131.616
131.923
131.985
128.797
131.359
119.072
126.214
127.643
131.129
119.026
126.205
114.841
115.768
112.754
124.951
114.590
115.718
99.944
99.989
99.998
87.200
84.640
84.128
96.826
99.365
83.873
80.775
70.555
65.311
64.262
67.253
55.051
62.210
63.642
63.929
63.986
54.397
62.080
50.816
51.763
51.953
48.791
51.358
51.872
51.974
48.795
51.359
48.672
48.134
51.227
48.645
48.129
48.026
48.005
51.201
51.840
48.768
51.354
39.071
46.214
47.643
47.929
47.986
47.997
48.000
51.200
39.040
49.408
38.682
46.136
50.827
48.566
38.513
46.103
50.821
51.764
48.753
48.151
48.030
51.206
48.641
48.128
48.026
48.005
51.201
48.640
51.328
51.866
51.973
35.995
48.799
38.560
46.112
50.822
38.965
46.193
50.839
51.768
51.954
51.991
48.798
48.160
51.232
51.846
51.969
48.794
51.359
51.872
48.774
51.355
39.071
46.214
47.643
47.929
51.186
51.837
48.768
51.354
51.871
51.974
51.995
39.199
49.440
48.288
51.258
48.652
38.530
46.106
50.821
48.564
51.313
51.863
51.973
51.995
48.799
51.360
39.072
46.214
50.843
48.569
48.114
51.223
51.845
48.769
48.154
51.231
51.846
51.969
48.794
51.359
48.672
38.534
46.107
50.821
38.964
46.193
47.639
51.128
48.626
51.325
51.865
48.773
48.155
51.231
48.646
51.329
39.066
46.213
50.843
51.769
48.754
38.551
49.310
51.462
48.692
51.339
48.668
51.334
51.867
51.973
48.795
51.359
48.672
48.134
38.427
49.285
51.457
35.891
48.778
51.356
48.671
48.134
