-20.925
-26.947
-31.126
-33.938
-36.019
-37.476
-38.908
-39.798
-40.346
-28.280
-19.758
-13.681
-9.052
-6.111
-4.128
-2.590
-1.400
-0.680
0.049
0.334
0.384
0.344
0.241
-0.169
-0.456
-0.507
-0.655
-0.346
-0.130
0.284
0.836
0.810
0.717
0.652
0.569
0.623
0.549
0.534
0.636
0.595
0.567
0.134
-0.094
-0.253
-0.365
-0.593
-0.527
-0.219
-0.041
0.159
0.336
0.385
0.457
0.507
0.618
0.695
0.636
1.233
0.976
0.758
0.530
0.259
-0.044
-0.143
-0.138
0.429
0.450
0.577
0.592
0.714
1.100
1.332
1.308
1.815
2.021
2.202
2.291
3.104
3.523
4.266
5.199
5.852
6.609
7.701
8.916
9.728
10.447
11.588
12.574
13.189
13.470
13.779
13.695
13.599
13.457
13.207
13.295
13.282
13.085
13.247
13.735
13.740
14.080
14.581
14.594
14.416
14.666
14.466
13.951
13.591
13.264
12.810
12.492
12.607
12.687
12.931
13.177
13.536
13.900
13.780
14.259
14.106
13.887
14.071
14.049
13.960
14.009
13.744
13.746
13.559
13.579
13.143
13.550
13.385
13.382
13.380
13.491
13.231
13.462
13.661
13.950
14.002
13.514
13.772
13.541
13.491
13.344
13.203
13.705
14.018
13.825
13.578
13.854
14.348
14.019
13.900
13.780
13.959
14.234
13.526
13.293
13.318
13.035
13.137
13.058
13.303
13.287
13.314
13.557
13.652
13.682
13.890
13.960
13.935
14.254
14.478
13.922
14.058
14.153
13.882
13.505
13.128
13.277
13.232
13.500
13.687
13.968
13.790
13.703
13.792
13.892
13.887
13.846
13.367
13.332
12.970
13.016
13.499
13.649
13.829
13.618
13.583
13.558
13.840
14.076
13.903
14.045
13.619
13.621
13.022
13.090
13.401
13.018
12.600
12.907
13.198
13.513
13.659
13.612
13.878
13.990
13.618
13.657
14.023
14.353
14.322
14.188
14.094
13.653
13.082
13.095
13.742
13.819
13.798
13.596
13.680
13.963
13.862
13.866
14.356
14.287
13.788
13.777
13.806
13.452
13.279
13.270
13.489
13.492
13.645
13.939
14.107
14.112
14.004
14.302
14.137
13.833
13.396
13.014
12.898
12.853
12.935
13.067
13.272
13.528
14.157
13.997
14.261
14.295
14.206
14.444
13.936
13.843
13.702
13.679
14.038
13.464
13.437
12.931
12.877
13.214
13.187
13.468
13.740
14.493
14.458
14.433
14.303
14.437
14.306
13.877
13.651
13.381
13.042
12.992
12.919
13.018
13.313
13.744
14.308
14.703
14.792
14.930
15.026
14.868
14.495
14.421
13.920
13.419
13.031
12.684
13.004
12.965
13.351
13.920
13.794
14.081
14.019
13.601
13.908
14.273
14.041
14.404
13.945
13.399
13.842
13.627
13.326
13.116
13.419
13.818
14.323
14.263
14.484
14.451
14.541
14.229
13.785
14.112
14.116
13.594
13.753
13.415
13.178
13.312
13.368
13.745
14.234
14.501
14.988
15.367
15.594
15.678
15.625
15.587
15.486
15.190
14.908
14.786
14.362
14.066
14.571
14.887
15.109
15.451
15.428
15.187
15.168
15.005
14.704
14.605
14.949
14.664
14.390
14.235
13.752
14.014
14.122
14.086
13.872
13.761
14.020
14.089
14.100
14.407
14.060
14.717
14.914
14.977
14.984
14.539
14.377
14.039
13.802
13.412
13.626
14.075
14.128
14.427
14.674
14.772
14.878
14.614
14.280
14.346
13.905
13.746
13.522
13.103
13.110
13.264
13.972
14.356
14.699
14.902
14.894
14.663
14.727
14.584
14.633
14.368
14.333
14.870
14.872
14.273
14.303
14.025
13.530
14.046
14.370
14.334
14.533
14.448
14.614
14.580
14.668
14.393
13.900
13.967
13.265
13.148
13.178
12.975
12.945
13.299
13.959
13.634
14.081
14.694
14.861
14.415
14.403
14.395
14.126
13.826
13.953
13.667
13.504
13.053
13.000
13.225
13.757
13.980
14.736
15.303
16.524
17.117
17.382
18.092
18.740
19.830
20.406
21.709
23.746
25.097
26.493
29.383
30.805
32.401
34.868
37.345
39.192
41.834
42.896
44.052
45.349
44.907
45.272
46.691
46.933
47.628
49.015
46.873
49.086
49.323
49.338
50.324
49.889
50.523
51.566
50.758
50.156
50.447
49.975
51.370
51.784
51.699
53.214
50.900
50.930
50.538
51.202
52.154
52.070
51.262
53.096
53.067
51.997
51.173
51.196
51.250
51.737
51.928
52.587
52.824
53.627
54.526
54.706
54.307
54.327
52.654
52.233
50.325
50.640
51.273
50.929
51.363
52.004
51.253
51.477
50.959
51.496
52.285
49.949
49.927
50.811
49.743
49.445
50.286
50.763
50.384
50.119
49.521
50.452
49.979
50.773
50.953
50.217
49.702
49.754
50.203
51.979
50.936
50.355
51.598
51.044
49.793
48.993
47.345
48.404
48.920
50.032
52.760
53.882
54.930
55.438
54.519
54.251
53.163
51.727
52.334
50.208
51.121
50.822
51.513
51.509
51.544
51.306
51.176
50.036
50.775
50.018
49.862
50.016
51.661
51.238
52.366
51.094
49.903
50.457
51.295
50.906
53.072
53.463
52.649
52.829
51.643
51.825
51.690
51.220
51.079
50.455
51.069
51.761
51.120
52.284
50.961
49.510
51.645
50.926
50.011
52.333
51.108
52.088
51.312
50.356
49.761
49.645
47.202
48.191
48.546
48.495
49.846
50.605
50.761
50.495
52.297
51.983
51.613
51.054
53.250
52.125
51.825
53.978
52.672
51.120
52.209
51.621
50.197
50.101
51.045
50.544
49.068
49.235
49.052
48.999
48.362
48.666
49.179
49.762
48.109
47.739
47.292
47.354
47.810
49.442
49.910
49.599
48.782
50.160
50.524
49.617
51.082
51.057
50.853
50.184
49.154
51.245
50.309
49.579
49.555
50.064
48.957
49.795
49.031
49.397
51.228
50.109
48.989
50.080
49.943
49.173
49.196
47.600
48.620
48.134
49.481
49.637
51.171
51.195
51.699
50.889
50.660
50.199
49.502
50.101
48.946
48.400
48.767
49.174
50.397
50.728
51.072
51.350
51.958
51.520
53.427
53.599
52.894
53.338
52.112
51.666
51.353
51.022
51.878
51.090
50.538
51.351
50.046
49.245
50.071
50.425
50.672
51.633
53.168
51.805
51.714
52.625
51.987
49.103
49.222
49.756
50.541
51.279
50.145
51.152
49.644
48.701
48.640
47.886
47.207
47.183
47.128
46.414
47.378
46.964
46.038
45.876
47.263
49.622
48.573
49.526
50.868
49.745
49.447
49.763
48.709
50.259
48.456
47.869
49.033
48.461
47.648
48.016
48.574
49.376
49.076
48.153
48.407
49.673
48.196
49.262
48.321
49.125
49.912
49.189
48.344
47.941
45.821
45.875
47.675
46.497
47.473
47.256
47.854
48.460
48.472
48.368
48.783
48.810
49.392
49.349
47.970
49.291
47.066
47.384
49.819
50.210
50.522
49.653
50.207
51.645
51.601
51.908
52.911
52.675
52.473
52.518
49.250
50.600
50.795
50.182
51.815
52.620
52.997
53.185
55.042
57.654
61.245
62.522
63.865
64.243
65.745
67.922
71.283
73.260
75.545
76.619
80.108
84.126
89.825
91.603
92.322
94.738
98.304
100.575
104.003
105.389
109.060
110.654
112.821
111.299
115.110
119.014
123.135
126.282
127.697
127.000
128.125
134.088
138.711
135.798
132.221
132.680
131.463
129.037
129.326
130.278
131.957
128.857
133.625
132.425
135.185
136.667
136.054
136.563
136.057
135.327
128.441
131.722
132.292
136.030
132.233
132.613
131.567
133.722
133.618
138.082
136.145
136.552
139.274
139.079
138.568
135.960
133.159
135.624
131.199
134.702
133.479
130.223
130.568
130.060
133.117
134.807
133.590
129.100
129.070
126.612
126.578
129.405
129.283
130.773
133.354
129.010
131.032
131.135
130.382
135.555
137.638
140.522
139.090
138.538
135.639
136.535
135.737
134.841
134.364
132.792
132.667
130.554
133.875
134.663
135.101
134.583
135.608
137.863
135.242
134.757
133.780
132.308
134.391
133.561
127.693
129.997
133.598
128.581
130.019
134.701
130.778
129.195
131.311
131.143
128.625
132.525
130.192
126.085
127.747
125.160
123.425
125.472
128.143
132.000
131.775
137.017
134.875
134.650
136.742
134.607
132.962
136.236
134.890
132.336
132.347
133.106
131.911
133.775
135.830
134.194
137.773
141.816
137.334
138.884
135.168
132.530
135.071
137.075
138.590
138.488
137.479
137.523
136.916
131.691
131.596
132.617
132.095
133.004
129.778
130.407
131.072
131.313
131.707
133.445
134.361
136.128
134.177
131.836
132.448
136.326
136.866
138.518
140.388
137.347
134.993
136.345
138.341
134.301
134.211
137.410
138.074
137.640
137.935
134.992
137.019
136.976
139.083
140.446
139.149
138.317
138.222
136.655
142.159
138.136
136.333
132.970
135.567
136.259
133.781
135.460
134.497
136.748
135.811
134.330
133.106
130.637
128.646
130.627
134.226
132.621
129.435
127.917
124.342
125.327
126.841
126.326
128.066
129.059
133.353
132.872
130.398
135.716
133.514
130.960
128.572
129.788
129.251
131.463
130.799
127.597
130.418
133.030
135.196
137.762
137.008
136.406
133.097
131.680
131.401
132.668
132.318
131.285
133.112
134.053
131.075
133.377
133.527
133.181
133.652
133.644
129.251
130.863
130.716
132.377
129.264
128.697
127.850
129.508
129.768
128.900
129.717
134.190
133.270
131.464
128.887
128.696
128.075
127.677
130.099
132.657
132.010
130.469
129.428
128.287
128.164
131.040
126.828
128.867
130.894
129.238
130.892
131.674
130.347
133.280
135.034
131.499
131.574
131.852
127.059
132.216
132.151
131.431
131.339
130.600
131.432
136.403
134.857
134.937
136.606
136.424
136.034
133.887
136.321
132.812
130.506
129.642
128.249
127.124
130.012
129.671
130.145
131.189
129.182
130.290
130.503
134.514
132.785
128.725
129.407
131.422
129.533
130.048
129.771
130.515
127.285
130.237
129.566
131.796
132.120
135.271
139.915
139.715
142.651
141.143
143.500
144.962
152.886
155.920
159.994
165.433
165.191
167.721
170.280
175.558
175.166
176.729
174.110
177.527
180.669
176.456
182.769
182.201
182.853
185.560
185.954
182.555
182.389
181.972
184.868
185.058
186.428
182.287
182.576
186.003
184.427
184.411
186.575
188.390
189.473
187.906
185.834
180.372
178.460
179.184
183.029
179.383
178.518
172.250
175.475
184.107
182.313
185.369
187.133
184.506
183.791
182.504
185.240
182.693
183.048
179.433
182.978
187.222
185.956
184.206
183.319
178.161
181.188
183.569
187.111
190.115
187.905
188.946
183.300
182.422
183.683
186.553
187.437
191.244
189.858
190.276
187.905
185.346
185.317
178.847
179.118
182.833
178.383
182.880
182.841
180.976
180.683
178.003
180.590
180.788
179.839
179.062
180.469
182.053
184.287
182.026
180.856
180.899
180.854
184.648
186.404
188.045
186.006
187.392
187.762
187.158
188.798
184.359
186.876
187.963
188.724
187.007
183.292
183.092
183.364
186.893
190.675
183.947
186.888
182.084
179.696
180.125
183.462
178.824
176.589
180.650
187.580
187.668
184.730
186.424
184.309
183.766
186.199
179.802
180.574
182.614
188.467
186.190
184.333
182.208
182.183
177.553
176.975
181.632
178.817
182.172
181.670
185.219
183.391
181.324
178.601
177.708
184.733
180.426
183.673
183.246
181.747
182.648
185.566
186.596
183.230
178.586
181.110
176.502
174.739
177.742
172.569
171.499
175.549
176.247
175.798
180.771
179.340
174.438
175.769
180.638
183.934
179.041
182.141
180.861
181.128
183.790
188.240
183.968
180.340
180.013
177.534
176.174
177.322
177.038
177.401
175.481
172.787
174.313
175.269
175.226
167.996
169.009
164.919
169.293
173.030
171.821
176.075
175.865
179.243
177.107
177.675
178.898
181.853
180.735
179.914
183.915
182.103
184.135
183.044
182.806
184.064
185.020
180.814
183.570
187.036
187.438
186.181
188.489
183.805
178.914
167.802
162.799
169.834
169.734
168.014
171.985
172.702
165.554
160.625
162.912
165.001
168.038
170.277
167.906
160.434
158.692
164.034
168.486
167.328
166.554
168.863
163.692
164.572
166.013
168.071
167.150
166.655
169.458
167.671
166.645
169.151
165.131
170.154
173.295
181.682
179.077
176.429
176.263
183.234
179.564
178.382
176.767
178.037
175.589
176.649
179.717
175.302
174.574
178.602
179.209
178.359
171.388
172.434
171.479
168.335
170.185
171.479
170.773
170.954
171.530
172.983
174.076
171.166
172.016
176.661
175.750
174.813
177.644
177.413
176.014
174.997
173.048
172.434
171.666
174.579
176.543
176.567
172.010
172.082
169.357
174.350
177.020
175.214
170.237
168.704
167.105
164.036
160.538
166.789
167.902
163.131
165.192
168.322
166.013
166.384
162.594
161.816
160.296
152.670
150.294
145.631
139.816
140.996
141.072
138.426
140.360
135.490
134.368
133.132
132.418
129.555
127.251
127.926
129.823
131.338
132.587
131.511
133.608
132.563
129.019
129.613
132.804
130.163
132.064
133.320
127.486
121.678
121.062
120.443
121.098
124.218
126.215
130.163
131.839
135.450
135.315
134.170
133.407
132.197
128.463
131.437
127.031
123.909
124.799
124.184
127.616
130.844
132.653
130.245
129.271
130.690
132.320
129.862
132.116
132.456
132.919
133.843
131.040
133.428
133.000
133.337
135.749
137.399
137.617
137.132
134.542
131.117
132.394
130.814
130.457
135.270
133.614
132.867
133.582
133.332
133.420
133.594
131.428
131.937
132.744
134.170
136.107
135.025
136.517
134.525
131.855
131.823
132.214
129.487
130.203
132.130
131.716
132.514
131.834
135.259
133.119
131.958
131.408
129.598
129.944
126.323
131.926
134.798
136.284
131.624
133.274
134.767
133.637
137.683
133.766
133.761
136.795
139.182
135.415
134.578
133.617
135.082
133.070
134.361
127.953
129.504
130.816
131.996
134.810
136.029
133.845
131.792
131.554
133.750
133.000
134.013
132.396
132.840
134.913
134.227
132.171
132.232
131.225
134.795
137.144
139.651
141.256
142.604
140.810
141.842
136.377
135.026
140.193
136.573
138.801
139.536
139.225
136.457
136.283
135.298
134.721
133.867
135.294
132.469
131.203
129.530
131.321
130.812
130.493
132.783
130.560
133.467
133.965
137.500
135.850
134.883
136.268
132.737
137.916
133.179
132.713
134.149
131.517
130.949
130.289
133.128
135.902
137.994
134.808
138.503
138.202
134.466
134.814
132.807
129.678
131.162
133.138
130.059
132.029
129.845
127.604
130.423
131.346
133.530
135.208
132.296
133.782
129.947
130.151
134.418
129.418
128.017
128.800
127.285
131.999
131.962
132.836
128.273
126.691
127.796
126.395
122.226
118.746
122.722
127.380
130.979
133.198
134.188
132.482
129.787
127.564
128.557
125.577
128.554
127.563
124.169
125.843
120.865
117.193
113.910
110.037
109.426
111.548
110.296
107.882
109.193
113.710
112.109
117.289
112.890
110.673
113.508
118.156
117.022
119.115
120.356
123.624
122.499
120.924
117.910
120.712
118.773
120.304
119.125
119.725
116.245
122.247
119.323
122.638
119.709
118.409
118.361
117.728
118.259
118.219
119.016
117.774
120.391
122.486
124.553
128.887
124.758
126.556
124.289
126.115
122.368
126.195
128.274
125.979
129.248
128.574
126.189
130.520
127.814
128.357
130.762
134.659
132.849
133.644
134.051
134.336
133.185
133.542
131.729
133.460
134.785
135.974
131.969
131.791
132.791
135.179
134.675
131.660
135.887
132.996
135.510
136.969
136.303
136.700
136.527
134.007
135.055
133.126
133.425
132.885
131.007
129.055
128.176
125.498
121.711
116.810
117.955
110.993
107.995
105.334
101.634
100.319
96.136
96.995
97.371
95.610
89.652
87.394
82.026
77.930
75.364
71.505
70.116
69.293
68.418
65.705
62.756
63.467
61.564
59.445
58.824
58.239
56.442
55.672
56.146
56.064
56.045
53.631
54.154
52.046
51.582
51.182
50.415
50.741
52.056
53.277
53.156
52.659
52.611
51.490
51.906
51.671
52.820
53.061
51.918
52.280
51.971
52.692
52.072
51.075
49.928
49.799
47.272
46.478
46.522
46.403
48.757
49.392
49.462
51.086
50.648
50.378
51.990
52.405
51.946
53.350
53.582
53.858
53.825
51.178
51.987
50.903
50.932
50.728
50.134
51.594
50.441
50.008
49.593
49.565
49.696
49.675
49.547
50.133
50.918
50.230
51.249
51.474
51.482
51.862
50.629
50.215
50.600
51.620
52.034
52.886
52.433
52.791
52.703
51.780
51.771
51.690
52.683
53.228
52.634
51.844
50.841
50.139
51.634
51.032
50.122
51.060
50.442
49.147
49.965
48.738
48.629
51.590
51.638
51.859
51.826
51.016
53.261
52.020
51.602
51.796
51.220
50.029
49.233
48.450
47.940
48.333
49.883
50.031
49.121
50.210
50.334
49.447
51.000
51.750
50.625
51.862
53.179
53.013
52.034
51.199
50.876
50.726
50.921
51.807
51.677
50.424
51.647
51.115
49.581
50.606
50.537
51.126
51.426
49.873
50.024
50.579
50.180
50.089
50.437
50.231
51.474
51.557
51.540
51.115
51.531
50.546
