-8.640
-11.712
-14.170
-16.136
-20.108
-23.287
-22.629
-22.903
-23.123
-17.698
-16.559
-12.447
-9.157
-6.526
-7.621
-5.297
-6.637
-5.310
-4.248
-2.598
-2.079
-0.863
-0.690
-2.952
-2.362
-5.089
-6.472
-5.177
-6.542
-5.233
-4.187
-2.549
-4.439
-3.552
-5.241
-6.593
-4.474
-2.780
-4.624
-3.699
-5.359
-4.287
-6.630
-5.304
-6.643
-7.714
-6.172
-8.137
-8.910
-6.328
-7.462
-5.970
-7.176
-4.941
-3.953
-2.362
-1.090
-0.872
0.103
-2.318
-4.254
-5.803
-7.043
-5.634
-7.707
-5.366
-4.293
-3.434
-2.747
-2.198
-0.958
-0.767
-0.613
-0.491
0.407
1.126
0.901
1.521
1.216
1.773
1.419
1.935
1.548
2.038
2.431
2.744
2.196
2.556
5.245
7.396
9.117
8.094
7.275
6.620
8.496
7.597
6.077
4.862
4.689
4.552
4.441
6.753
8.602
7.682
6.946
6.356
5.885
5.508
5.206
4.965
3.972
3.178
3.342
3.474
5.979
5.583
5.267
7.413
6.731
6.184
8.148
6.518
6.014
5.612
7.689
9.351
11.481
9.185
8.148
6.518
5.215
4.972
3.977
3.182
3.346
3.476
2.781
3.025
5.620
5.296
5.037
4.829
4.663
4.531
3.625
6.100
4.880
4.704
6.963
6.370
5.896
5.517
7.614
9.291
7.433
5.946
4.757
4.606
4.484
3.588
2.870
3.096
2.477
1.981
4.785
4.628
4.502
4.402
3.522
3.617
3.694
6.155
8.124
7.299
6.639
8.512
6.809
6.247
8.198
7.358
5.887
5.509
5.207
7.366
6.693
5.354
4.283
3.427
3.541
3.633
3.706
6.165
8.132
6.506
8.405
6.724
6.179
5.743
5.394
5.116
4.892
4.714
4.571
6.857
6.286
5.828
5.463
4.370
4.296
3.437
5.950
4.760
3.808
3.046
3.237
3.390
2.712
2.169
2.535
5.228
4.183
6.546
8.437
7.550
6.840
8.672
7.737
6.990
5.592
4.474
4.379
6.703
8.562
7.650
9.320
10.656
9.325
10.660
9.328
8.262
9.810
7.848
6.278
5.823
4.658
3.726
2.981
2.385
5.108
4.886
4.709
4.567
4.454
4.363
6.690
5.352
5.082
4.065
3.252
3.402
3.522
2.817
2.254
1.803
4.642
4.514
4.411
4.329
4.263
6.610
6.088
4.871
7.097
6.477
5.982
5.585
5.268
5.015
4.812
3.849
3.879
3.104
3.283
2.626
2.901
3.121
5.697
7.757
7.006
5.605
7.684
6.947
8.758
7.006
5.605
7.684
6.947
8.758
7.806
10.245
11.396
9.917
7.933
9.547
10.837
9.470
8.376
6.701
6.161
5.728
4.583
3.666
3.733
3.786
3.029
5.623
5.299
5.039
4.031
6.425
5.940
5.552
5.242
4.193
4.155
4.124
3.299
2.639
2.911
3.129
3.303
2.643
5.314
5.051
4.041
3.233
3.386
3.509
3.607
3.686
3.749
2.999
2.399
2.719
2.175
2.540
2.032
2.426
2.741
5.393
8.314
7.451
9.161
7.329
6.663
6.130
5.704
7.763
7.011
6.409
5.927
5.541
5.233
8.187
9.749
10.999
9.600
10.880
8.704
6.963
8.770
7.816
9.453
8.362
7.490
6.792
5.434
5.147
4.117
3.294
3.435
3.548
3.638
3.711
6.169
5.735
7.788
7.030
8.824
10.259
11.408
9.126
8.101
7.281
6.625
6.100
8.080
10.464
11.571
10.057
8.045
7.236
6.589
8.471
7.577
6.062
8.049
7.239
5.792
4.633
3.707
6.165
5.732
7.786
10.229
8.983
7.986
9.589
8.471
6.777
8.622
10.097
8.878
7.902
6.322
8.257
7.406
5.925
5.540
7.632
6.905
6.324
5.059
4.848
4.678
4.542
3.634
3.707
6.166
5.733
4.586
3.669
2.935
2.348
5.078
7.263
6.610
8.488
9.991
7.992
6.394
5.915
7.932
9.546
8.437
9.949
8.759
7.008
6.406
5.925
5.540
5.232
4.985
7.188
6.551
9.241
10.592
11.674
13.339
13.871
14.297
15.438
16.350
16.280
16.224
16.979
20.783
23.027
25.621
26.897
31.918
31.934
35.147
35.318
37.854
39.883
39.107
38.485
40.388
42.711
43.769
45.415
43.532
44.426
42.740
43.792
44.634
42.907
41.526
42.821
43.857
45.485
43.588
44.471
45.176
45.741
46.193
47.354
44.284
45.827
43.861
44.689
45.351
43.481
44.385
45.908
46.326
46.661
46.929
47.143
47.315
48.252
49.001
48.801
48.641
48.513
49.210
48.968
49.575
50.060
49.648
46.918
47.935
47.948
48.758
45.407
46.725
46.980
47.984
45.587
43.670
45.336
45.869
43.095
40.876
42.301
41.041
42.433
43.546
44.437
45.950
47.160
48.128
48.102
45.682
46.145
46.516
47.613
47.691
45.352
45.882
47.106
48.084
48.868
49.494
46.795
47.836
47.869
44.695
45.356
42.685
43.748
44.598
46.079
47.263
47.410
48.328
48.263
45.010
45.608
46.887
47.109
47.287
48.230
48.184
48.147
48.918
48.734
49.387
46.710
47.768
47.814
48.652
49.321
49.057
49.646
49.317
46.653
46.923
47.938
48.750
48.600
49.280
49.024
48.819
49.456
49.964
50.372
49.897
50.318
50.654
50.123
49.699
50.159
50.527
50.822
51.057
50.446
50.757
50.205
50.564
50.852
51.081
51.265
50.612
50.090
50.472
49.977
49.582
50.066
50.452
49.962
50.370
49.896
49.517
49.213
49.771
50.217
49.773
49.419
49.935
49.548
50.038
50.431
50.745
50.996
51.197
51.357
50.686
47.749
48.599
49.279
46.623
46.899
47.119
48.095
48.876
46.301
46.641
46.913
44.730
45.384
43.507
44.406
45.125
45.700
46.960
47.968
48.774
49.419
49.936
49.548
49.239
48.991
45.593
46.074
44.059
44.848
45.478
42.782
41.426
42.741
43.793
45.434
45.947
43.158
44.926
46.341
46.673
47.738
48.591
48.473
49.178
46.542
47.634
47.707
48.566
48.453
49.162
48.930
49.544
49.235
48.988
48.790
48.632
48.506
48.405
48.324
49.059
48.847
48.678
49.342
49.074
49.659
50.127
49.702
50.161
49.729
49.383
49.907
49.525
50.020
49.616
49.293
49.034
45.628
46.102
47.282
45.025
42.420
44.336
45.869
47.095
48.076
48.861
49.489
49.991
49.593
46.074
44.059
44.848
46.278
47.422
48.338
45.070
46.456
44.365
45.892
46.314
44.251
45.801
47.041
47.233
44.986
45.589
46.071
46.457
44.366
41.892
43.114
41.691
42.953
43.962
41.570
40.456
41.965
39.972
42.377
41.102
39.282
41.825
39.860
41.488
43.591
41.272
42.618
43.694
44.556
42.044
43.236
44.188
44.951
43.161
40.929
43.143
41.714
40.571
38.857
37.486
39.589
42.071
40.857
39.885
38.308
40.247
42.597
43.678
45.342
45.874
47.099
47.279
47.423
44.339
45.071
45.657
43.725
45.380
43.504
44.403
42.723
43.778
45.423
45.938
46.351
46.680
47.744
47.796
48.636
46.109
46.487
47.590
48.472
49.178
48.942
49.554
49.243
48.994
51.996
55.196
56.957
55.966
58.373
59.498
60.399
61.119
61.695
65.356
65.085
68.868
71.894
77.516
78.812
79.850
80.680
84.544
87.635
89.308
91.447
96.357
99.486
101.989
104.791
107.033
112.026
115.221
118.577
120.461
121.969
119.975
119.180
124.944
125.555
122.844
124.675
125.340
125.872
126.298
127.438
128.351
125.080
125.664
126.932
131.145
130.516
134.013
132.810
131.848
131.079
124.063
124.850
125.480
129.184
126.547
130.838
124.670
126.136
126.509
130.007
130.406
129.925
133.540
135.632
134.105
130.484
127.587
127.670
124.536
125.229
125.783
123.826
124.661
122.929
127.943
128.755
129.404
125.923
127.138
128.111
125.688
126.151
127.321
127.457
131.565
127.652
128.522
129.217
126.574
126.859
127.887
128.710
128.568
128.454
125.963
126.371
126.697
123.757
125.406
126.725
127.780
128.624
131.699
131.759
128.607
125.286
126.629
130.103
130.482
133.986
132.789
132.631
132.505
131.604
128.483
132.386
131.509
127.607
128.486
131.589
128.471
125.977
127.181
124.945
126.356
126.685
126.948
123.958
121.567
119.653
122.123
120.898
119.918
124.735
125.388
125.910
127.128
124.103
124.882
126.306
124.245
128.996
125.597
126.077
124.062
125.649
126.120
130.496
130.796
130.237
130.590
134.072
132.857
135.886
135.109
133.687
132.550
134.840
137.472
135.577
134.062
133.650
132.520
131.616
127.693
128.554
128.443
125.955
123.964
125.571
126.857
127.885
125.508
126.807
127.845
128.676
126.141
126.513
127.610
131.688
130.951
131.160
131.328
131.463
127.570
128.456
129.165
129.732
130.186
129.748
130.199
133.759
136.607
134.886
136.709
134.967
134.374
133.899
133.519
133.215
132.972
131.978
131.182
127.346
125.077
122.461
123.569
124.455
125.164
126.531
127.625
130.900
131.120
131.296
131.437
131.549
130.840
131.072
134.457
129.966
127.173
124.138
122.511
123.608
125.287
125.829
126.264
123.411
125.129
126.503
124.402
128.322
128.257
129.006
125.605
126.084
124.067
125.654
126.923
123.938
125.551
129.241
132.192
131.354
128.283
131.427
127.541
125.233
126.586
126.869
123.895
122.316
123.453
125.162
122.530
123.624
127.699
127.759
127.807
128.646
126.117
126.493
127.595
128.476
125.181
122.544
121.236
120.188
118.551
120.441
122.752
123.802
125.442
122.753
121.403
119.522
122.018
124.014
122.411
124.329
121.863
123.891
125.512
126.810
124.648
125.318
123.455
124.364
128.291
129.033
128.826
128.661
131.729
131.783
131.826
127.861
127.889
128.711
125.369
126.695
130.156
127.325
128.260
125.008
126.406
129.925
130.340
127.472
128.378
129.102
128.882
129.505
129.204
129.763
129.411
129.129
128.903
126.322
126.658
126.926
127.141
128.113
128.090
128.872
129.498
129.198
129.759
126.207
126.565
126.852
123.882
125.506
122.804
123.844
125.475
125.980
123.184
127.347
125.078
128.862
131.890
134.312
137.049
136.040
140.832
142.265
145.812
148.650
147.720
154.176
156.141
160.113
160.890
163.912
166.330
168.264
166.611
168.489
173.991
174.393
175.514
173.212
174.569
175.655
176.524
176.419
173.136
176.909
177.527
178.022
180.817
176.654
179.723
182.179
180.943
180.754
180.603
182.883
181.506
181.205
180.164
180.131
179.305
179.444
179.555
178.844
175.075
172.860
174.288
178.631
178.105
177.684
177.347
174.678
174.942
175.954
179.163
176.130
176.104
172.884
173.507
178.005
180.804
176.644
176.515
177.212
176.970
177.576
181.261
183.408
181.927
180.741
180.593
180.475
180.380
180.304
180.243
179.394
175.516
182.813
182.250
174.600
178.880
178.304
178.643
178.115
178.492
181.193
180.955
177.564
174.851
175.881
176.705
177.364
174.691
172.553
173.242
170.594
172.475
169.980
171.984
173.587
174.070
178.456
177.965
177.572
178.057
181.646
178.117
177.693
181.355
173.884
177.507
180.406
183.525
182.020
181.616
177.293
177.834
174.267
178.614
178.091
178.473
175.578
176.463
173.970
177.576
174.861
175.089
176.071
180.057
183.246
181.796
180.637
176.510
177.208
180.966
179.973
179.178
178.543
181.234
183.387
181.910
178.328
177.862
177.490
170.792
171.834
169.467
170.774
172.619
174.095
177.676
174.141
171.313
172.250
180.200
176.960
176.768
177.415
181.132
184.105
182.484
184.387
183.510
178.808
175.046
172.037
172.830
170.264
171.411
169.129
167.303
165.843
167.874
169.499
168.399
170.720
171.776
172.621
174.096
171.277
175.422
173.137
171.310
175.448
176.358
177.087
177.669
178.136
174.508
178.807
178.245
175.396
173.117
174.494
172.395
169.916
174.333
172.266
167.413
165.930
164.744
167.796
170.236
171.389
172.311
173.049
173.639
174.912
172.729
173.383
173.907
174.325
172.260
177.008
174.407
171.525
173.220
177.776
177.421
177.937
175.149
175.320
178.656
178.125
177.700
180.560
179.648
172.518
170.815
168.652
170.921
168.737
167.790
167.032
166.425
162.740
162.992
163.194
163.355
162.684
162.147
162.518
159.614
160.491
164.393
167.515
169.212
164.969
167.975
166.380
165.104
164.083
166.467
169.173
168.139
166.511
166.009
164.807
167.046
163.237
166.589
165.271
171.417
172.334
170.667
169.334
173.867
171.894
173.515
171.612
173.290
170.632
165.305
167.444
162.755
163.004
166.404
168.323
173.858
168.687
166.949
165.559
164.448
163.558
166.847
168.677
170.142
172.113
169.691
171.753
172.602
170.082
175.265
172.212
169.770
171.816
173.453
173.962
175.170
176.136
173.709
168.567
170.054
174.443
174.754
171.804
170.243
168.194
170.555
171.644
172.516
166.812
165.450
165.160
161.728
162.182
164.946
167.957
163.165
162.532
165.226
164.981
164.785
160.628
160.502
161.202
155.361
153.089
148.071
137.657
136.526
138.021
133.616
133.293
136.235
134.588
130.070
127.256
128.205
124.964
126.371
127.497
127.597
128.478
128.382
128.306
129.045
126.436
124.349
128.279
125.023
126.419
127.535
124.428
118.742
118.194
116.955
115.964
119.171
121.737
123.790
125.432
125.945
127.156
127.325
128.260
128.208
125.766
123.013
118.411
117.128
120.103
118.482
120.386
125.109
126.487
127.590
127.672
127.737
127.790
128.632
131.706
131.764
131.812
131.049
130.439
130.751
133.401
129.921
130.337
129.869
130.296
130.636
130.909
127.127
127.302
127.441
127.553
130.843
127.874
128.699
129.359
129.088
125.670
130.136
127.309
128.247
128.198
128.958
129.566
129.253
129.803
129.442
126.754
127.003
127.202
127.362
128.289
129.032
128.825
128.660
128.528
128.423
129.138
128.910
126.328
127.463
128.370
125.896
129.517
133.214
135.371
133.897
133.517
133.214
132.971
131.977
131.182
130.545
133.236
136.189
132.151
132.121
131.297
130.637
130.110
130.488
127.590
128.472
129.178
129.742
130.194
129.755
130.204
127.363
127.491
127.592
127.674
128.539
129.231
126.585
130.868
130.294
126.636
124.508
126.007
127.205
127.364
130.691
134.153
136.123
134.498
133.998
133.599
130.079
133.663
133.331
132.264
132.212
132.169
131.335
130.668
130.935
130.348
126.678
126.943
127.154
127.323
125.059
125.647
123.718
121.374
122.699
123.759
124.608
126.086
129.669
130.135
130.508
130.806
130.245
132.996
129.597
129.278
125.822
123.858
125.486
123.589
125.271
129.017
132.814
132.651
131.721
134.977
133.581
133.265
135.412
131.530
134.024
133.619
129.295
125.836
127.069
128.055
128.044
128.835
126.268
127.415
125.132
126.505
123.604
121.283
122.627
123.701
125.361
123.489
121.991
123.193
124.154
125.723
126.179
120.943
122.354
121.084
116.867
115.893
119.115
120.892
122.313
123.451
124.361
125.089
126.471
127.577
128.461
128.369
129.095
128.876
126.301
129.841
127.073
124.858
119.086
114.469
111.575
112.460
109.168
110.535
108.428
109.142
107.314
108.251
105.801
103.841
106.272
110.618
107.694
109.356
110.684
110.948
111.158
112.126
112.901
116.721
113.377
113.101
113.681
117.345
113.076
116.061
115.249
115.399
115.519
115.615
115.692
114.954
115.163
114.530
117.224
116.179
119.344
118.675
121.340
126.672
124.538
125.230
122.584
124.467
122.774
120.619
122.895
124.716
126.173
124.138
125.711
130.169
130.535
130.828
131.062
134.450
129.960
129.568
132.454
128.363
128.291
128.233
124.986
126.389
127.511
130.809
130.247
130.598
130.078
130.463
130.770
127.016
130.413
129.930
130.344
130.675
130.940
130.352
130.682
127.745
127.796
127.837
128.670
126.136
126.509
123.607
122.085
120.068
121.655
119.724
118.979
114.383
111.507
109.205
104.164
100.131
96.905
97.524
98.019
94.416
91.532
86.826
82.261
78.609
76.487
71.590
70.072
68.857
67.886
67.109
64.087
64.070
60.856
59.085
57.668
55.734
54.987
54.390
53.912
52.730
52.584
51.667
50.934
51.147
50.518
50.014
49.611
49.289
49.831
50.265
49.812
50.250
47.400
47.520
47.616
47.693
47.754
47.803
47.843
48.674
46.139
47.311
45.049
45.639
46.912
47.129
44.903
45.523
46.818
47.855
47.884
47.907
47.926
48.740
48.592
48.474
48.379
48.303
49.043
48.834
49.467
49.974
50.379
46.703
47.763
45.410
45.928
47.143
44.914
45.531
46.825
47.860
48.688
49.350
49.080
48.864
49.491
49.993
50.395
49.916
50.333
50.666
50.133
50.506
47.605
47.684
47.747
47.798
48.638
49.311
49.049
49.639
50.111
50.489
50.791
47.833
48.666
48.533
49.226
48.981
46.385
46.708
47.766
47.813
48.651
49.320
49.856
50.285
49.828
50.262
47.410
47.528
48.422
48.338
48.270
49.016
49.613
49.290
49.032
49.626
50.101
50.481
49.985
50.388
49.910
47.128
47.303
48.242
45.794
46.235
46.588
47.670
47.736
48.589
49.271
49.017
48.814
49.451
49.161
49.729
46.983
47.186
48.149
48.919
48.735
46.188
47.351
48.281
48.224
48.980
48.784
49.427
49.942
50.353
49.883
50.306
49.845
49.476
46.781
47.825
48.660
45.328
46.662
47.730
47.784
47.827
