30.877
30.869
30.861
30.854
30.869
30.861
30.884
30.869
30.861
30.715
30.715
30.723
30.692
30.715
30.700
30.715
30.692
30.715
30.700
30.715
30.692
30.700
30.708
30.700
30.700
30.700
30.685
30.692
30.715
30.700
30.700
30.692
30.700
30.700
30.685
30.715
30.692
30.692
30.700
30.692
30.700
30.692
30.692
30.692
30.700
30.692
30.700
30.700
30.700
30.700
30.715
30.700
30.692
30.700
30.700
30.700
30.692
30.692
30.692
30.692
30.692
30.692
30.700
30.685
30.685
30.692
30.692
30.700
30.692
30.685
30.677
30.685
30.685
30.685
30.692
30.700
30.700
30.685
30.685
30.692
30.700
30.692
30.692
30.692
30.685
30.692
30.685
30.677
30.685
30.692
30.677
30.677
30.677
30.669
30.685
30.700
30.685
30.685
30.677
30.685
30.685
30.685
30.677
30.677
30.692
30.685
30.685
30.669
30.685
30.685
30.685
30.685
30.692
30.677
30.677
30.692
30.685
30.677
30.692
30.662
30.685
30.677
30.685
30.685
30.685
30.685
30.685
30.662
30.677
30.677
30.692
30.685
30.662
30.685
30.685
30.677
30.677
30.662
30.677
30.677
30.692
30.669
30.685
30.677
30.685
30.685
30.685
30.685
30.685
30.677
30.662
30.692
30.677
30.662
30.685
30.685
30.662
30.677
30.685
30.685
30.677
30.677
30.692
30.669
30.677
30.685
30.677
30.685
30.669
30.677
30.677
30.692
30.669
30.677
30.677
30.685
30.685
30.677
30.685
30.685
30.677
30.692
30.685
30.685
30.685
30.677
30.685
30.669
30.677
30.685
30.685
30.677
30.685
30.685
30.677
30.677
30.662
30.677
30.677
30.685
30.685
30.677
30.685
30.685
30.685
30.692
30.677
30.685
30.677
30.677
30.685
30.685
30.692
30.677
30.685
30.677
30.685
30.677
30.692
30.677
30.677
30.669
30.685
30.677
30.662
30.685
30.677
30.677
30.685
30.677
30.669
30.677
30.692
30.677
30.677
30.677
30.685
30.669
30.677
30.677
30.669
30.677
30.692
30.677
30.685
30.669
30.677
30.685
30.677
30.662
30.669
30.662
30.685
30.669
30.685
30.685
30.677
30.662
30.662
30.662
30.677
30.692
30.662
30.685
30.685
30.677
30.669
30.677
30.654
30.677
30.677
30.662
30.669
30.685
30.669
30.669
30.685
30.662
30.685
30.677
30.669
30.669
30.669
30.685
30.662
30.669
30.677
30.677
30.662
30.685
30.662
30.677
30.677
30.685
30.685
30.677
30.677
30.677
30.685
30.685
30.669
30.677
30.685
30.669
30.669
30.692
30.669
30.685
30.685
30.685
30.677
30.669
30.669
30.677
30.662
30.677
30.677
30.685
30.677
30.685
30.685
30.677
30.677
30.662
30.677
30.692
30.669
30.677
30.685
30.677
30.685
30.662
30.677
30.685
30.677
30.677
30.677
30.685
30.677
30.677
30.669
30.685
30.669
30.685
30.662
30.677
30.677
30.677
30.677
30.662
30.677
30.677
30.685
30.685
30.669
30.692
30.692
30.677
30.685
30.692
30.685
30.685
30.685
30.677
30.692
30.677
30.677
30.685
30.685
30.677
30.692
30.677
30.677
30.677
30.677
30.685
30.685
30.685
30.685
30.692
30.685
30.700
30.685
30.685
30.685
30.685
30.692
30.685
30.692
30.685
30.669
30.677
30.685
30.677
30.685
30.685
30.692
30.692
30.685
30.685
30.692
30.677
30.692
30.685
30.692
30.700
30.685
30.692
30.692
30.700
30.685
30.700
30.685
30.685
30.692
30.692
30.685
30.685
30.685
30.692
30.685
30.685
30.685
30.685
30.692
30.685
30.692
30.692
30.692
30.692
30.662
30.685
30.692
30.685
30.677
30.692
30.677
30.692
30.669
30.685
30.685
30.692
30.669
30.685
30.685
30.677
30.669
30.685
30.685
30.677
30.677
30.677
30.692
30.677
30.677
30.685
30.669
30.677
30.685
30.677
30.685
30.669
30.692
30.677
30.677
30.669
30.677
30.669
30.685
30.662
30.700
30.685
30.677
30.677
30.685
30.692
30.677
30.669
30.685
30.685
30.677
30.662
30.677
30.677
30.677
30.677
30.677
30.677
30.669
30.677
30.662
30.662
30.669
30.677
30.662
30.669
30.662
30.669
30.662
30.662
30.662
30.662
30.669
30.654
30.662
30.662
30.662
30.654
30.662
30.654
30.647
30.639
30.654
30.654
30.654
30.654
30.654
30.654
30.639
30.654
30.647
30.639
30.639
30.631
30.624
30.624
30.647
30.624
30.639
30.631
30.631
30.616
30.616
30.639
30.631
30.616
30.624
30.631
30.616
30.608
30.616
30.624
30.608
30.608
30.616
30.608
30.608
30.593
30.601
30.586
30.593
30.586
30.586
30.593
30.601
30.586
30.608
30.586
30.578
30.586
30.578
30.578
30.570
30.578
30.570
30.570
30.586
30.563
30.555
30.563
30.570
30.570
30.555
30.547
30.555
30.563
30.555
30.555
30.555
30.547
30.540
30.525
30.540
30.547
30.547
30.540
30.532
30.540
30.547
30.532
30.540
30.532
30.525
30.525
30.540
30.517
30.517
30.525
30.532
30.517
30.502
30.517
30.525
30.502
30.517
30.517
30.509
30.517
30.517
30.509
30.502
30.494
30.502
30.509
30.494
30.494
30.502
30.509
30.502
30.494
30.509
30.486
30.486
30.494
30.479
30.502
30.479
30.494
30.486
30.471
30.471
30.479
30.471
30.479
30.486
30.479
30.463
30.471
30.479
30.494
30.479
30.486
30.471
30.479
30.463
30.479
30.471
30.479
30.479
30.471
30.479
30.479
30.479
30.471
30.479
30.494
30.494
30.486
30.463
30.471
30.502
30.479
30.479
30.494
30.494
30.479
30.471
30.479
30.479
30.479
30.479
30.479
30.494
30.471
30.486
30.494
30.479
30.479
30.479
30.486
30.502
30.471
30.479
30.486
30.494
30.494
30.486
30.486
30.479
30.494
30.479
30.494
30.486
30.494
30.502
30.502
30.494
30.509
30.502
30.509
30.502
30.509
30.502
30.502
30.494
30.517
30.509
30.517
30.509
30.525
30.517
30.525
30.532
30.517
30.517
30.532
30.532
30.532
30.540
30.532
30.532
30.540
30.540
30.540
30.547
30.540
30.547
30.540
30.547
30.547
30.563
30.555
30.570
30.563
30.563
30.563
30.578
30.586
30.570
30.570
30.586
30.578
30.578
30.578
30.586
30.578
30.570
30.593
30.586
30.586
30.586
30.608
30.586
30.586
30.593
30.586
30.601
30.616
30.608
30.616
30.593
30.624
30.624
30.616
30.624
30.624
30.624
30.631
30.624
30.624
30.631
30.631
30.639
30.639
30.624
30.639
30.631
30.624
30.639
30.631
30.631
30.639
30.631
30.647
30.647
30.631
30.639
30.631
30.639
30.662
30.647
30.639
30.662
30.669
30.647
30.662
30.647
30.654
30.647
30.654
30.662
30.669
30.647
30.662
30.654
30.647
30.662
30.662
30.654
30.662
30.669
30.662
30.669
30.669
30.662
30.669
30.669
30.669
30.677
30.669
30.677
30.669
30.677
30.662
30.685
30.685
30.677
30.669
30.685
30.677
30.677
30.669
30.692
30.692
30.692
30.692
30.692
30.692
30.685
30.692
30.692
30.692
30.700
30.700
30.692
30.692
30.685
30.692
30.692
30.692
30.692
30.708
30.692
30.700
30.708
30.700
30.700
30.700
30.692
30.708
30.700
30.715
30.708
30.700
30.708
30.708
30.708
30.723
30.715
30.708
30.715
30.700
30.700
30.715
30.715
30.708
30.708
30.731
30.700
30.723
30.723
30.723
30.715
30.731
30.731
30.715
30.715
30.715
30.731
30.708
30.731
30.723
30.723
30.715
30.738
30.715
30.731
30.738
30.738
30.731
30.731
30.731
30.708
30.731
30.738
30.731
30.723
30.723
30.723
30.731
30.738
30.738
30.708
30.715
30.731
30.723
30.738
30.731
30.738
30.738
30.738
30.738
30.723
30.753
30.738
30.738
30.738
30.731
30.746
30.746
30.738
30.738
30.731
30.746
30.738
30.746
30.746
30.746
30.738
30.753
30.753
30.746
30.738
30.753
30.738
30.746
30.746
30.746
30.746
30.746
30.738
30.746
30.753
30.746
30.746
30.746
30.746
30.738
30.746
30.746
30.746
30.761
30.746
30.746
30.746
30.738
30.753
30.761
30.753
30.753
30.761
30.738
30.753
30.761
30.761
30.769
30.761
30.753
30.753
30.761
30.746
30.769
30.761
30.761
30.769
30.776
30.761
30.769
30.761
30.769
30.776
30.769
30.761
30.769
30.761
30.769
30.761
30.769
30.761
30.761
30.769
30.761
30.761
30.776
30.776
30.769
30.769
30.761
30.761
30.761
30.769
30.769
30.769
30.776
30.761
30.776
30.769
30.776
30.784
30.776
30.776
30.776
30.761
30.769
30.776
30.784
30.776
30.776
30.769
30.769
30.776
30.784
30.784
30.776
30.784
30.784
30.792
30.784
30.784
30.784
30.784
30.784
30.784
30.799
30.784
30.792
30.776
30.784
30.792
30.776
30.784
30.784
30.784
30.792
30.792
30.784
30.784
30.799
30.799
30.799
30.799
30.799
30.807
30.799
30.799
30.807
30.807
30.807
30.807
30.799
30.799
30.799
30.799
30.807
30.807
30.799
30.799
30.784
30.807
30.807
30.814
30.814
30.807
30.799
30.814
30.814
30.799
30.814
30.807
30.807
30.814
30.822
30.799
30.822
30.822
30.807
30.822
30.814
30.807
30.807
30.822
30.814
30.822
30.822
30.822
30.814
30.830
30.814
30.822
30.822
30.822
30.814
30.822
30.830
30.830
30.830
30.814
30.822
30.822
30.822
30.822
30.837
30.837
30.830
30.822
30.830
30.822
30.822
30.822
30.845
30.845
30.822
30.830
30.837
30.830
30.822
30.837
30.822
30.845
30.845
30.822
30.837
30.837
30.845
30.837
30.845
30.845
30.837
30.845
30.845
30.837
30.837
30.830
30.822
30.837
30.837
30.837
30.837
30.845
30.845
30.830
30.837
30.837
30.845
30.830
30.845
30.830
30.837
30.845
30.845
30.830
30.845
30.837
30.845
30.830
30.845
30.845
30.822
30.830
30.837
30.830
30.837
30.830
30.830
30.837
30.845
30.845
30.845
30.845
30.830
30.830
30.837
30.837
30.837
30.845
30.837
30.830
30.837
30.837
30.845
30.830
30.837
30.830
30.837
30.830
30.830
30.837
30.830
30.837
30.845
30.837
30.845
30.830
30.845
30.845
30.845
30.830
30.853
30.845
30.830
30.845
30.837
30.845
30.853
30.845
30.845
30.830
30.837
30.830
30.845
30.830
30.830
30.837
30.837
30.830
30.845
30.853
30.830
30.822
30.830
30.845
30.837
30.830
30.845
30.853
30.837
30.845
30.845
30.853
30.845
30.837
30.845
30.845
30.845
30.830
30.837
30.830
30.853
30.845
30.837
30.845
30.845
30.845
30.853
30.853
30.853
30.853
30.853
30.853
30.845
30.845
30.845
30.845
30.853
30.853
30.845
30.860
30.845
30.853
30.853
30.860
30.845
30.837
30.868
30.853
30.860
30.853
30.860
30.860
30.860
30.845
30.853
30.853
30.853
30.868
30.860
30.860
30.853
30.868
30.860
30.853
30.860
30.860
30.853
30.860
30.860
30.868
30.860
30.853
30.845
30.860
30.875
30.875
30.875
30.883
30.875
30.860
30.860
30.883
30.883
30.883
30.875
30.868
30.875
30.860
30.883
30.875
30.868
30.875
30.868
30.891
30.891
30.891
30.883
30.883
30.875
30.883
30.898
30.891
30.898
30.891
30.891
30.883
30.891
30.898
30.898
30.891
30.898
30.891
30.898
30.898
30.906
30.891
30.906
30.898
30.898
30.891
30.906
30.898
30.906
30.914
30.898
30.906
30.906
30.914
30.906
30.914
30.906
30.906
30.906
30.906
30.914
30.914
30.914
30.921
30.898
30.914
30.921
30.906
30.921
30.914
30.914
30.914
30.921
30.921
30.929
30.914
30.914
30.921
30.929
30.929
30.914
30.929
30.929
30.929
30.937
30.929
30.921
30.929
30.921
30.929
30.921
30.929
30.921
30.937
30.929
30.929
30.921
30.929
30.929
30.944
30.944
30.937
30.929
30.937
30.944
30.937
30.944
30.921
30.944
30.937
30.937
30.944
30.937
30.937
30.929
30.952
30.937
30.952
30.937
30.944
30.952
30.944
30.944
30.944
30.937
30.944
30.952
30.937
30.952
30.952
30.929
30.944
30.944
30.952
30.937
30.937
30.959
30.937
30.959
30.959
30.959
30.944
30.937
30.944
30.944
30.944
30.959
30.959
30.944
30.959
30.944
30.944
30.952
30.937
30.944
30.944
30.944
30.967
30.959
30.944
30.944
30.952
30.959
30.952
30.952
30.937
30.952
30.952
30.952
30.952
30.959
30.967
30.944
30.959
30.944
30.967
30.959
30.944
30.959
30.959
30.959
30.967
30.967
30.959
30.982
30.975
30.967
30.959
30.975
30.975
30.967
30.975
30.967
30.975
30.967
30.959
30.967
30.959
30.975
30.967
30.982
30.967
30.975
30.975
30.967
30.959
30.975
30.975
30.982
30.967
30.975
30.982
30.982
30.975
30.982
30.967
30.975
30.975
30.975
30.982
30.990
30.982
30.982
30.967
30.975
30.990
30.975
30.990
30.990
30.975
30.998
30.982
30.982
30.982
30.990
30.982
30.990
30.975
30.975
30.982
30.982
30.982
30.990
30.998
30.990
30.982
30.990
31.005
30.990
30.982
31.005
31.005
31.005
30.990
31.005
30.998
31.013
30.982
31.013
30.998
30.998
31.005
31.005
30.998
31.013
30.998
31.005
31.005
31.005
31.005
31.013
30.990
30.998
30.998
30.990
31.020
30.982
31.005
31.005
30.998
31.013
30.998
31.005
31.013
30.998
31.005
30.982
30.998
31.005
30.998
31.013
31.005
31.005
31.013
31.005
31.005
31.005
31.013
31.020
31.013
31.013
31.005
31.028
31.005
31.013
31.013
31.005
31.005
31.005
31.013
31.020
31.020
31.013
31.020
31.020
31.013
31.013
31.013
31.020
31.013
31.013
31.013
31.020
31.013
31.020
31.028
31.013
31.013
31.020
31.013
31.013
31.020
31.020
31.020
31.020
31.028
31.020
31.020
31.020
31.013
31.028
31.013
31.013
31.013
31.020
31.020
31.028
31.005
31.028
31.005
31.005
31.013
31.013
31.013
31.013
31.020
31.020
31.013
31.028
31.013
31.020
31.020
31.013
31.020
31.013
31.013
31.013
31.013
31.013
31.013
31.013
31.005
30.998
31.013
31.013
31.005
31.028
31.013
31.013
31.013
31.013
31.013
31.005
31.005
31.005
31.013
31.020
31.005
31.013
31.020
31.005
31.005
31.013
31.005
31.020
31.013
30.998
31.005
31.005
31.013
31.013
31.005
31.020
31.005
31.013
31.005
30.998
31.005
31.005
31.005
31.005
31.013
30.998
31.005
31.005
30.998
31.013
30.998
31.013
30.982
31.005
31.013
31.005
30.990
31.005
31.013
30.998
31.013
31.005
31.013
31.005
30.990
31.005
30.998
31.013
30.990
31.005
30.990
30.998
30.998
31.005
30.998
30.998
31.005
30.998
30.982
30.975
30.982
30.982
30.982
30.990
30.998
30.998
30.990
30.982
30.982
30.975
30.975
30.998
30.998
30.990
30.990
30.982
30.982
30.975
30.982
30.982
30.990
30.982
30.990
31.005
30.982
30.990
30.982
30.975
30.990
30.982
30.982
30.982
30.967
30.975
30.959
30.990
30.975
30.982
30.975
30.975
30.975
30.975
30.967
30.952
30.982
30.982
30.967
30.975
30.982
30.982
30.952
30.975
30.952
30.959
30.975
30.959
30.959
30.967
30.959
30.975
30.944
30.967
30.952
30.967
30.959
30.952
30.967
30.952
30.952
30.952
30.952
30.959
30.952
30.952
30.952
30.952
30.952
30.959
30.952
30.952
30.952
30.944
30.952
30.944
30.937
30.944
30.944
30.952
30.944
30.944
30.952
30.944
30.944
30.952
30.952
30.944
30.944
30.937
30.944
30.937
30.944
30.952
30.944
30.944
30.952
30.929
30.944
30.937
30.937
30.929
30.929
30.937
30.929
30.937
30.929
30.937
30.921
30.944
30.929
30.944
30.944
30.944
30.937
30.944
30.929
30.952
30.929
30.944
30.937
30.929
30.944
30.929
30.944
30.914
30.921
30.921
30.937
30.929
30.921
30.937
30.921
30.914
30.921
30.914
30.921
30.921
30.921
30.914
30.944
30.921
30.914
30.921
30.914
30.929
30.921
30.914
30.921
30.921
30.921
30.921
30.921
30.921
30.914
30.914
30.921
30.914
30.929
30.914
30.921
30.921
30.921
30.914
30.921
30.914
30.921
30.914
30.906
30.906
30.906
30.906
30.914
30.906
30.906
30.921
30.914
30.914
30.921
30.921
30.906
30.906
30.914
30.906
30.906
30.914
30.914
30.914
30.921
30.906
30.914
30.906
30.921
30.914
30.914
30.914
30.914
30.914
30.906
30.906
30.914
30.906
30.921
30.906
30.906
30.906
30.906
30.914
30.891
30.906
30.906
30.914
30.898
30.906
30.891
30.898
30.906
30.898
30.898
30.898
30.898
30.906
30.883
30.898
30.906
30.898
30.898
30.898
30.883
30.891
30.898
30.906
30.906
30.921
