102516.085
102511.445
102514.546
102513.906
102513.453
102514.445
102515.898
102515.226
102516.203
102541.335
102541.390
102540.109
102541.335
102539.437
102537.093
102539.328
102539.382
102539.218
102539.046
102539.406
102539.070
102541.000
102538.906
102540.242
102539.406
102537.226
102537.281
102538.734
102537.734
102538.992
102538.515
102540.632
102539.625
102536.609
102538.062
102537.000
102536.390
102537.320
102537.203
102537.710
102536.453
102538.234
102539.187
102538.007
102542.140
102539.960
102539.460
102540.968
102538.343
102539.765
102538.906
102540.406
102538.062
102540.742
102540.468
102541.796
102539.406
102537.976
102539.921
102535.968
102539.484
102539.578
102536.359
102540.429
102539.734
102538.398
102539.812
102542.265
102540.320
102542.828
102538.570
102540.320
102542.656
102543.664
102544.500
102544.328
102541.828
102542.609
102540.656
102539.921
102542.218
102543.218
102540.593
102539.093
102539.765
102541.265
102541.437
102540.265
102543.046
102540.984
102541.046
102539.984
102536.640
102537.062
102539.484
102539.593
102540.375
102538.984
102537.703
102540.710
102539.703
102542.656
102541.437
102540.320
102541.960
102542.437
102541.679
102539.984
102539.031
102540.093
102538.984
102539.203
102540.765
102539.500
102538.593
102538.640
102538.421
102537.468
102536.492
102536.804
102535.632
102536.968
102537.812
102538.640
102538.476
102536.023
102536.578
102538.203
102537.921
102539.203
102538.421
102538.757
102535.742
102541.375
102537.640
102538.593
102538.867
102539.031
102537.640
102536.132
102541.437
102541.960
102541.343
102538.593
102542.687
102542.796
102542.179
102540.507
102541.515
102540.453
102542.796
102541.234
102539.953
102541.453
102541.734
102542.062
102544.968
102542.296
102542.125
102542.570
102541.515
102544.359
102544.250
102542.062
102545.031
102539.226
102541.906
102539.750
102541.679
102540.585
102537.851
102538.328
102541.843
102541.015
102539.671
102539.000
102542.062
102539.335
102539.726
102540.250
102538.054
102539.226
102536.046
102538.273
102535.484
102537.578
102538.054
102539.414
102537.218
102540.390
102540.171
102541.843
102540.703
102536.343
102539.914
102538.515
102539.750
102539.414
102541.531
102536.156
102539.296
102537.742
102541.640
102537.015
102537.351
102539.468
102540.195
102538.750
102539.414
102539.914
102540.359
102540.140
102541.593
102540.664
102539.914
102541.203
102538.750
102539.078
102540.171
102537.328
102541.640
102538.484
102540.304
102541.812
102538.968
102537.851
102536.398
102536.179
102539.914
102540.359
102536.960
102540.609
102538.296
102538.906
102537.148
102537.078
102536.796
102538.015
102537.796
102537.515
102536.960
102538.687
102537.187
102541.421
102541.250
102540.609
102539.101
102538.296
102542.148
102539.156
102540.609
102541.835
102540.328
102539.414
102538.093
102538.242
102540.664
102538.484
102540.273
102539.914
102537.460
102539.156
102536.906
102539.750
102537.929
102540.156
102534.562
102538.656
102537.148
102538.484
102539.437
102537.742
102541.335
102541.390
102540.273
102542.734
102538.039
102540.906
102537.539
102538.828
102538.656
102537.820
102538.265
102538.039
102536.812
102538.546
102535.890
102536.312
102539.328
102540.000
102538.875
102538.898
102538.320
102538.398
102534.882
102538.234
102538.734
102536.671
102539.843
102539.570
102538.484
102538.828
102537.500
102538.898
102539.125
102538.843
102535.164
102538.671
102534.468
102540.078
102539.343
102538.171
102538.843
102538.398
102538.398
102540.515
102536.140
102537.671
102537.781
102536.109
102538.007
102534.882
102538.171
102540.351
102540.406
102537.890
102540.851
102540.625
102541.578
102540.906
102540.015
102540.796
102537.453
102537.281
102538.171
102538.789
102537.109
102538.234
102539.734
102539.171
102538.007
102539.515
102539.906
102538.789
102540.125
102539.070
102540.078
102540.578
102539.312
102538.281
102541.156
102541.906
102541.429
102540.406
102540.968
102543.085
102541.406
102540.578
102540.406
102543.250
102541.656
102540.078
102538.921
102537.562
102539.812
102538.140
102536.890
102537.500
102537.062
102533.593
102537.171
102538.398
102536.390
102538.007
102536.335
102537.390
102537.914
102539.531
102537.414
102537.914
102539.093
102539.757
102539.757
102540.765
102542.750
102539.484
102536.296
102536.390
102539.312
102537.578
102540.078
102539.984
102536.609
102539.289
102536.890
102539.960
102536.468
102540.234
102538.117
102541.187
102538.562
102539.960
102537.781
102539.843
102541.601
102539.703
102539.312
102540.203
102537.531
102543.046
102539.531
102542.656
102538.867
102538.640
102541.398
102539.140
102540.148
102539.648
102539.367
102541.093
102538.921
102540.148
102538.085
102540.656
102539.984
102537.531
102542.406
102539.390
102542.679
102544.750
102545.359
102541.898
102544.406
102542.656
102543.664
102541.656
102542.656
102541.210
102541.656
102540.484
102542.492
102542.156
102539.984
102542.015
102542.062
102539.726
102544.015
102542.156
102543.515
102546.867
102545.531
102544.078
102545.140
102541.562
102543.242
102542.562
102543.687
102544.578
102542.179
102544.187
102542.656
102541.171
102545.968
102543.687
102543.406
102544.523
102541.843
102544.687
102544.296
102546.867
102546.367
102543.000
102541.898
102543.015
102545.500
102544.320
102544.750
102543.351
102545.187
102545.921
102546.078
102546.500
102544.406
102548.765
102546.750
102546.421
102544.640
102547.093
102547.257
102545.156
102543.906
102542.796
102545.921
102547.140
102543.687
102545.804
102545.968
102547.648
102543.968
102543.070
102545.968
102547.031
102545.531
102544.687
102545.414
102544.296
102543.070
102543.070
102543.351
102541.476
102540.390
102541.734
102544.656
102545.921
102544.937
102544.578
102544.406
102543.515
102541.515
102543.625
102545.304
102544.937
102545.265
102544.937
102543.312
102543.484
102541.812
102543.656
102541.640
102542.093
102544.765
102543.375
102542.984
102541.984
102540.296
102541.898
102543.578
102541.062
102541.085
102542.421
102542.757
102543.148
102543.484
102539.968
102543.093
102540.023
102542.140
102541.421
102536.710
102537.265
102540.390
102537.882
102542.531
102541.250
102541.703
102539.726
102540.250
102541.343
102541.171
102538.156
102537.656
102540.921
102539.296
102540.390
102541.984
102541.140
102541.234
102543.578
102541.250
102542.593
102541.140
102540.414
102541.640
102539.390
102541.515
102540.390
102544.320
102543.539
102544.765
102537.718
102538.468
102542.140
102540.531
102543.148
102540.750
102539.968
102542.421
102538.296
102539.687
102540.531
102542.257
102540.976
102538.351
102537.960
102538.187
102536.546
102535.390
102536.507
102538.187
102535.390
102536.398
102536.562
102538.468
102538.125
102536.843
102538.796
102535.171
102537.687
102538.187
102541.718
102538.796
102538.515
102535.890
102534.390
102536.453
102538.625
102535.843
102537.343
102537.203
102538.296
102539.015
102540.304
102538.703
102538.984
102537.421
102537.312
102539.328
102538.187
102543.000
102539.296
102540.609
102539.656
102541.156
102540.656
102541.046
102538.984
102538.875
102539.937
102544.125
102545.296
102543.453
102542.843
102543.734
102541.812
102543.148
102543.671
102546.796
102545.921
102546.906
102546.406
102546.765
102545.257
102545.984
102545.179
102546.515
102544.640
102542.000
102543.281
102544.562
102543.843
102543.390
102544.171
102543.140
102543.617
102541.500
102544.140
102544.234
102543.562
102542.726
102543.781
102539.601
102541.796
102546.242
102543.898
102539.265
102538.484
102537.484
102541.296
102540.937
102538.093
102539.375
102540.265
102536.703
102537.757
102541.390
102537.757
102538.375
102539.875
102537.875
102538.281
102536.273
102537.367
102536.203
102537.875
102538.171
102537.390
102538.843
102539.234
102540.289
102540.125
102538.117
102539.453
102542.406
102541.859
102542.687
102538.617
102539.546
102541.351
102537.171
102538.453
102535.101
102538.062
102536.437
102539.953
102538.507
102539.007
102541.742
102538.171
102539.062
102537.859
102540.812
102540.070
102539.453
102536.781
102538.171
102540.070
102538.453
102537.218
102541.906
102542.101
102541.796
102539.734
102540.289
102541.632
102538.734
102543.078
102539.640
102540.906
102539.570
102540.796
102538.734
102540.484
102540.257
102541.578
102542.656
102542.375
102543.265
102542.320
102544.164
102539.125
102542.101
102543.718
102542.320
102542.265
102543.828
102542.250
102544.437
102545.890
102545.000
102542.250
102541.312
102541.593
102542.101
102545.226
102544.554
102542.132
102543.750
102538.507
102539.515
102543.578
102540.796
102542.187
102541.859
102541.656
102538.750
102542.656
102540.648
102545.000
102542.656
102542.156
102544.070
102540.812
102543.109
102541.203
102538.140
102542.046
102541.875
102543.500
102543.179
102542.656
102543.218
102546.421
102544.406
102544.187
102543.656
102547.015
102546.750
102551.773
102545.617
102546.625
102548.179
102544.781
102544.328
102542.320
102541.656
102545.414
102546.250
102544.406
102544.578
102541.734
102544.742
102542.234
102542.062
102543.125
102542.062
102540.312
102540.703
102539.367
102540.531
102538.218
102541.234
102542.843
102538.882
102541.843
102540.171
102538.156
102540.000
102540.000
102539.000
102539.546
102537.210
102535.367
102535.625
102534.921
102535.093
102533.695
102533.812
102534.640
102537.601
102532.242
102535.257
102533.250
102534.421
102533.031
102534.359
102533.578
102534.140
102533.140
102533.750
102534.703
102531.742
102536.765
102533.750
102533.609
102537.210
102537.546
102537.453
102535.890
102539.218
102535.757
102536.093
102536.875
102539.125
102538.218
102537.875
102536.039
102538.437
102543.203
102538.578
102539.125
102538.265
102539.125
102536.710
102539.390
102539.546
102537.718
102537.125
102538.406
102538.906
102538.343
102537.562
102540.078
102538.382
102540.968
102536.117
102538.125
102537.210
102537.281
102539.906
102538.851
102538.187
102535.109
102537.007
102536.671
102533.375
102535.726
102536.171
102535.609
102536.695
102533.375
102534.164
102533.664
102533.828
102536.781
102534.609
102531.820
102533.828
102530.484
102532.484
102533.546
102534.281
102534.781
102535.187
102535.281
102535.953
102535.953
102536.453
102533.828
102535.671
102536.843
102532.828
102537.789
102538.031
102534.781
102535.835
102539.539
102535.367
102538.796
102537.343
102538.289
102537.007
102534.500
102536.117
102537.953
102536.023
102538.851
102538.015
102537.679
102541.804
102542.812
102541.890
102543.093
102539.468
102541.546
102541.890
102541.890
102542.718
102543.390
102543.335
102541.468
102542.046
102544.671
102543.335
102543.531
102544.671
102543.226
102541.890
102544.507
102542.500
102545.289
102543.390
102545.398
102542.718
102544.453
102543.054
102541.328
102543.445
102542.945
102544.781
102542.718
102543.843
102545.312
102543.617
102542.890
102541.437
102540.656
102537.984
102541.609
102542.390
102545.398
102542.718
102542.000
102542.164
102543.335
102540.437
102542.718
102543.414
102541.937
102544.234
102546.796
102548.078
102545.453
102548.601
102548.328
102546.742
102544.562
102548.828
102545.234
102546.093
102544.578
102546.148
102543.468
102544.812
102545.421
102542.359
102543.359
102545.367
102543.578
102542.968
102546.031
102542.906
102546.929
102543.750
102545.250
102547.937
102545.921
102546.031
102545.921
102545.421
102543.796
102545.140
102543.968
102544.476
102543.132
102542.906
102540.960
102543.023
102541.796
102540.453
102541.179
102543.859
102545.890
102545.140
102547.898
102545.085
102543.250
102545.484
102544.812
102546.984
102546.812
102544.656
102545.890
102546.726
102543.468
102544.218
102546.054
102546.890
102545.640
102546.671
102545.984
102549.906
102550.500
102552.531
102551.804
102553.367
102551.531
102552.812
102553.312
102550.523
102550.796
102551.132
102550.500
102549.906
102551.843
102550.500
102549.234
102550.015
102550.687
102551.687
102549.406
102549.656
102548.734
102548.734
102549.070
102547.507
102549.234
102549.515
102548.562
102548.843
102551.640
102549.406
102555.984
102551.992
102554.000
102552.750
102552.078
102552.585
102549.015
102550.625
102549.296
102549.570
102551.101
102552.750
102552.664
102554.453
102555.117
102553.945
102555.117
102551.750
102553.609
102550.820
102551.992
102549.656
102547.789
102551.484
102551.601
102551.328
102552.500
102549.515
102548.679
102550.914
102550.765
102552.500
102552.828
102550.984
102551.875
102546.468
102550.265
102550.765
102549.390
102548.390
102551.101
102550.320
102550.320
102550.984
102549.312
102549.031
102548.531
102550.156
102546.804
102548.203
102550.203
102550.320
102546.140
102546.687
102549.031
102548.085
102545.242
102546.750
102547.195
102544.515
102545.968
102546.414
102548.867
102544.625
102546.140
102548.554
102547.304
102545.796
102544.375
102547.328
102546.882
102545.312
102545.656
102542.976
102542.117
102543.640
102541.171
102543.640
102542.921
102540.859
102543.484
102542.695
102544.375
102544.453
102544.203
102545.875
102544.015
102542.781
102545.546
102547.664
102544.484
102544.648
102545.296
102544.375
102545.203
102546.656
102548.500
102545.484
102544.312
102543.515
102547.328
102546.046
102546.640
102547.468
102546.296
102546.265
102545.039
102547.156
102544.851
102543.562
102544.796
102543.906
102545.468
102545.468
102544.351
102544.515
102545.968
102544.453
102545.632
102543.625
102542.671
102547.156
102541.109
102542.343
102543.125
102542.031
102544.703
102542.843
102541.226
102537.375
102539.937
102539.773
102543.640
102539.679
102541.000
102541.945
102541.500
102539.109
102538.765
102539.609
102537.343
102538.750
102539.257
102539.343
102541.406
102539.234
102541.765
102537.500
102538.921
102539.203
102537.921
102538.203
102537.921
102537.414
102539.031
102536.671
102538.085
102537.343
102539.757
102541.046
102539.531
102540.203
102541.375
102539.984
102538.921
102540.203
102539.921
102538.140
102539.421
102540.148
102540.593
102540.929
102540.203
102543.000
102542.046
102545.187
102541.937
102543.781
102541.484
102541.937
102540.429
102544.835
102543.109
102544.328
102545.859
102545.625
102544.187
102545.859
102546.976
102545.695
102548.320
102547.648
102543.242
102543.742
102546.421
102541.007
102545.578
102543.945
102545.695
102544.859
102546.976
102545.031
102543.906
102545.140
102544.468
102544.468
102544.523
102545.468
102544.750
102544.250
102543.187
102544.296
102542.570
102541.007
102544.687
102543.296
102543.242
102543.859
102541.734
102544.187
102545.140
102544.132
102540.062
102540.898
102544.250
102540.898
102541.171
102542.179
102539.000
102541.671
102541.343
102542.570
102543.796
102541.515
102541.453
102542.179
102540.062
102539.554
102539.554
102541.625
102541.007
102539.335
102541.843
102541.453
102539.781
102543.703
102542.531
102541.867
102538.156
102540.507
102541.625
102541.625
102543.968
102544.882
102544.320
102542.796
102546.500
102545.718
102546.000
102544.265
102545.046
102543.039
102542.875
102540.171
102542.515
102541.789
102539.953
102542.031
102540.281
102539.796
102544.437
102544.953
102543.929
102542.875
102542.531
102540.531
102540.250
102539.242
102536.289
102537.289
102538.796
102538.234
102538.742
102535.726
102537.070
102539.039
102539.859
102542.390
102538.937
102539.546
102537.531
102537.343
102537.203
102537.875
102539.601
102538.765
102538.265
102539.156
102538.859
102536.921
102537.179
102537.140
102537.406
102538.687
102539.242
102538.078
102537.289
102539.078
102541.203
102537.179
102540.179
102543.343
102542.945
102541.828
102542.000
102547.140
102547.375
102547.250
102545.296
102546.375
102544.343
102544.289
102542.335
102544.953
102544.476
102541.273
102544.367
102545.531
102544.625
102543.117
102541.937
102546.312
102543.453
102546.656
102546.593
102547.210
102546.984
102548.546
102546.296
102544.125
102545.515
102544.843
102545.960
102542.500
102542.609
102544.398
102544.234
102544.789
102545.406
102542.890
102545.343
102547.023
102542.554
102541.828
102543.023
102542.945
102541.781
102540.265
102540.265
102541.437
102544.789
102543.117
102544.703
102542.781
102540.937
102543.859
102547.210
102544.703
102546.390
102542.687
102544.195
102543.304
102538.617
102542.523
102541.351
102539.898
102543.437
102542.375
102542.093
102543.437
102543.023
102545.281
102544.718
102544.859
102547.843
102544.273
102541.656
102545.687
102543.492
102544.437
102543.609
102542.992
102543.609
102538.304
102542.656
102543.218
102540.640
102543.015
102541.421
102542.093
102545.109
102545.109
102543.679
102543.289
102542.734
102543.437
102543.015
102540.500
102542.507
102541.281
102541.281
102543.453
102539.109
102540.000
102542.062
102540.390
102544.421
102540.953
102544.632
102541.226
102540.406
102541.843
102539.718
102543.851
102540.218
102538.210
102540.890
102539.273
102542.343
102541.000
102539.773
102537.593
102535.125
102536.687
102538.156
102537.406
102537.484
102540.335
102538.914
102542.515
102538.937
102540.164
102539.906
102535.945
102539.234
102540.187
102539.687
102538.007
102540.687
102538.007
102539.796
102542.085
102540.242
102542.585
102541.156
102537.898
102539.257
102542.085
102540.093
102540.156
102541.828
102542.382
102540.765
102539.421
102541.992
102544.335
102540.828
102543.054
102539.906
102542.609
102544.390
102544.226
102541.546
102541.234
102542.890
102545.671
102545.515
102542.828
102542.546
102543.437
102543.218
102542.500
102544.390
102544.250
102544.171
102545.843
102543.554
102541.234
102542.156
102543.500
102543.750
102545.750
102543.554
102546.703
102544.921
102543.687
102543.078
102544.531
102543.164
102544.250
102544.078
102541.679
102541.515
102540.843
102541.398
102539.984
102541.562
102540.671
102540.562
102541.343
102543.242
102538.945
102540.390
102541.515
102537.265
102534.484
102536.265
102536.210
102537.382
102534.593
102532.031
102534.203
102535.203
102532.937
102532.101
102535.375
102532.359
102532.875
102533.890
102538.296
102538.578
102540.023
102537.960
102537.882
102535.875
102538.687
102540.585
102537.570
102538.296
102539.078
102538.687
102538.687
102538.968
102537.687
102538.515
102539.406
102535.953
102539.406
102538.351
102541.203
102541.476
102540.804
102541.984
102540.656
102543.484
102540.468
102541.031
102539.968
102537.015
102536.007
102539.859
102539.687
102539.132
102539.296
102541.367
102542.171
102540.156
102543.484
102541.593
102541.140
102538.148
102539.914
102535.804
102537.070
102535.468
102538.296
102538.148
102539.796
102538.468
102533.125
102537.796
102537.453
102535.640
102534.632
102535.468
102537.843
102536.976
102536.312
102533.882
102535.109
102534.890
102536.585
102536.250
102534.554
102537.570
102535.062
102535.859
102534.218
102532.656
102533.937
102534.281
102533.109
102532.937
102533.218
102531.734
102535.171
102532.828
102534.835
102533.664
102533.070
102532.992
102536.507
102534.578
102536.531
102534.000
102538.093
102536.671
102533.906
102533.851
102533.343
102533.328
102536.750
102536.750
102536.359
102535.671
102533.625
102534.742
102532.656
102534.914
102530.703
102530.484
102531.171
102533.851
102530.218
102528.265
102528.382
102529.218
102529.328
102528.156
102521.109
102520.843
102525.984
102523.687
102525.484
102527.796
102527.710
102528.046
102532.734
102532.562
102532.210
102533.234
102532.906
102529.218
102529.000
102530.031
102532.656
102527.484
102532.906
102531.039
102534.242
102531.734
102535.187
102536.195
102535.468
102534.625
102536.195
102535.968
102537.203
102533.343
102535.804
102535.968
102536.250
102537.593
102537.031
102538.929
102538.539
102540.492
102538.484
102539.093
102541.015
102540.265
102540.156
102541.609
102542.554
102541.500
102543.859
102546.015
102547.210
102547.710
102544.476
102544.195
102544.367
102545.875
102540.492
102542.281
102540.265
102535.640
102537.640
102534.968
102534.914
102533.234
102536.328
102534.078
102538.062
102535.992
102532.562
102535.656
102534.875
102534.984
102534.742
102533.312
102533.812
102536.546
102535.656
102535.046
102536.609
102534.546
102537.328
102535.828
102536.773
102539.000
102537.273
102535.656
102536.882
102535.156
102533.093
102534.375
102534.156
102537.054
102535.265
102539.671
102539.921
102535.718
102535.875
102533.031
102532.921
102532.750
102530.078
102532.359
102532.867
102532.976
102529.984
102531.882
102535.328
102528.843
102531.968
102533.031
102532.640
102533.890
102531.156
102531.640
102529.015
102527.343
102530.546
102532.531
102532.476
102532.164
102534.171
102529.484
102532.164
102530.656
102531.656
102529.765
102530.320
102531.156
102530.046
102528.703
102529.296
102527.531
102525.187
102524.343
102528.203
102526.414
102523.343
102527.640
102527.468
102526.914
102525.070
102528.203
102525.015
102530.765
102526.523
102526.937
102525.906
102529.781
102527.578
102527.695
102531.546
102529.109
102530.375
102529.929
102530.546
102529.539
102533.968
102532.109
102526.640
102531.382
102531.046
102531.265
102530.546
102531.046
102532.046
102533.296
102536.367
102533.296
102532.890
102533.742
102530.765
102532.734
102531.515
102530.789
102528.554
102528.890
102527.437
102529.031
102528.437
102529.390
102530.117
102529.726
102531.734
102527.937
102530.562
102530.453
102529.562
102527.609
102530.281
102531.406
102530.117
102535.359
102533.742
102531.906
102533.632
102531.453
102531.453
102531.843
102534.187
102532.515
102532.070
102533.742
102533.859
102534.031
102533.406
102533.742
102534.750
102529.000
102534.359
102535.703
102533.796
102537.593
102536.984
102536.640
102537.031
102534.859
102540.328
102535.812
102538.484
102539.382
102536.257
102535.250
102538.875
102538.828
102537.820
102538.992
102538.546
102538.210
102534.250
102536.984
102537.320
102535.953
102538.406
102541.109
102541.171
102540.312
102539.078
102539.750
102539.656
102539.156
102536.796
102540.500
102537.820
102536.734
102539.437
102541.562
102539.156
102540.835
102536.593
102541.500
102541.335
102538.328
102535.898
102536.125
102540.835
102536.312
102539.828
102539.156
102540.445
102539.937
102536.257
102539.382
102539.773
102540.945
102542.304
102538.507
102538.453
102539.960
102540.351
102540.015
102539.570
102538.234
102534.992
102538.843
102537.671
102539.343
102538.007
102538.171
102536.953
102536.671
102536.500
102538.789
