16.814
16.825
16.825
16.814
16.825
16.814
16.803
16.803
16.825
19.189
19.200
19.211
19.200
19.211
19.189
19.211
19.211
19.179
19.179
19.189
19.189
19.221
19.211
19.211
19.189
19.179
19.211
19.211
19.211
19.200
19.189
19.200
19.200
19.211
19.211
19.211
19.200
19.189
19.200
19.211
19.200
19.200
19.211
19.211
19.179
19.211
19.179
19.200
19.200
19.200
19.200
19.200
19.200
19.200
19.211
19.179
19.189
19.189
19.221
19.200
19.200
19.211
19.200
19.211
19.211
19.211
19.200
19.200
19.211
19.189
19.211
19.221
19.211
19.211
19.221
19.200
19.221
19.211
19.200
19.200
19.200
19.211
19.200
19.189
19.189
19.221
19.211
19.211
19.200
19.211
19.200
19.211
19.200
19.211
19.221
19.221
19.200
19.211
19.211
19.221
19.221
19.221
19.221
19.221
19.221
19.211
19.211
19.232
19.221
19.189
19.221
19.221
19.200
19.221
19.211
19.211
19.200
19.221
19.211
19.221
19.221
19.211
19.211
19.221
19.211
19.221
19.221
19.211
19.211
19.221
19.211
19.211
19.211
19.221
19.211
19.211
19.221
19.221
19.221
19.221
19.211
19.232
19.221
19.221
19.221
19.221
19.221
19.243
19.221
19.221
19.211
19.221
19.221
19.232
19.243
19.211
19.221
19.221
19.232
19.200
19.243
19.200
19.200
19.221
19.221
19.243
19.211
19.221
19.232
19.243
19.221
19.221
19.221
19.221
19.232
19.200
19.221
19.221
19.232
19.211
19.211
19.221
19.221
19.232
19.243
19.221
19.221
19.221
19.211
19.221
19.221
19.211
19.243
19.200
19.211
19.232
19.221
19.221
19.221
19.221
19.232
19.211
19.221
19.211
19.221
19.243
19.221
19.243
19.221
19.232
19.232
19.232
19.232
19.221
19.221
19.243
19.243
19.243
19.232
19.243
19.221
19.221
19.232
19.221
19.221
19.221
19.232
19.221
19.221
19.232
19.232
19.221
19.232
19.243
19.254
19.200
19.243
19.221
19.232
19.243
19.254
19.221
19.254
19.243
19.232
19.243
19.232
19.264
19.232
19.232
19.243
19.232
19.243
19.254
19.232
19.221
19.221
19.232
19.243
19.243
19.243
19.243
19.243
19.232
19.221
19.243
19.254
19.264
19.221
19.232
19.221
19.254
19.221
19.243
19.232
19.254
19.254
19.254
19.243
19.243
19.254
19.243
19.254
19.232
19.254
19.254
19.264
19.232
19.243
19.243
19.243
19.232
19.232
19.243
19.232
19.254
19.243
19.243
19.264
19.243
19.254
19.243
19.243
19.243
19.264
19.243
19.254
19.254
19.232
19.232
19.264
19.243
19.243
19.243
19.243
19.243
19.232
19.264
19.254
19.243
19.243
19.232
19.243
19.254
19.254
19.232
19.254
19.243
19.254
19.243
19.254
19.264
19.254
19.254
19.254
19.264
19.243
19.254
19.264
19.264
19.254
19.243
19.254
19.254
19.264
19.232
19.264
19.254
19.254
19.254
19.254
19.243
19.243
19.243
19.264
19.264
19.232
19.264
19.243
19.254
19.264
19.254
19.243
19.243
19.254
19.264
19.264
19.254
19.243
19.264
19.264
19.243
19.264
19.264
19.232
19.264
19.254
19.264
19.243
19.264
19.275
19.254
19.264
19.243
19.243
19.264
19.254
19.264
19.243
19.264
19.254
19.254
19.275
19.254
19.243
19.264
19.254
19.254
19.254
19.264
19.264
19.264
19.254
19.264
19.243
19.232
19.275
19.264
19.264
19.264
19.275
19.254
19.243
19.264
19.254
19.264
19.254
19.232
19.264
19.264
19.254
19.275
19.264
19.243
19.264
19.254
19.264
19.264
19.264
19.254
19.264
19.254
19.264
19.264
19.243
19.264
19.264
19.254
19.254
19.275
19.254
19.275
19.264
19.264
19.286
19.264
19.254
19.254
19.264
19.275
19.264
19.286
19.275
19.286
19.254
19.264
19.275
19.286
19.264
19.264
19.264
19.275
19.264
19.275
19.254
19.286
19.264
19.264
19.264
19.286
19.264
19.264
19.275
19.254
19.264
19.243
19.264
19.286
19.264
19.275
19.264
19.264
19.254
19.275
19.275
19.254
19.264
19.275
19.264
19.275
19.243
19.254
19.286
19.264
19.275
19.264
19.264
19.264
19.286
19.275
19.286
19.275
19.264
19.264
19.264
19.264
19.264
19.264
19.264
19.264
19.275
19.275
19.264
19.254
19.254
19.254
19.275
19.275
19.275
19.264
19.254
19.264
19.254
19.286
19.275
19.275
19.264
19.286
19.297
19.264
19.264
19.264
19.275
19.286
19.275
19.275
19.275
19.275
19.286
19.275
19.275
19.275
19.286
19.275
19.264
19.264
19.264
19.275
19.275
19.264
19.275
19.264
19.264
19.264
19.264
19.254
19.275
19.264
19.264
19.275
19.286
19.297
19.275
19.275
19.264
19.254
19.286
19.275
19.275
19.275
19.286
19.275
19.297
19.264
19.264
19.286
19.286
19.286
19.286
19.264
19.275
19.286
19.264
19.275
19.297
19.264
19.254
19.286
19.307
19.286
19.275
19.286
19.275
19.286
19.286
19.264
19.297
19.275
19.275
19.286
19.275
19.275
19.275
19.286
19.286
19.275
19.264
19.297
19.286
19.297
19.286
19.275
19.275
19.297
19.275
19.275
19.297
19.286
19.264
19.275
19.286
19.297
19.297
19.286
19.286
19.297
19.275
19.275
19.297
19.275
19.297
19.297
19.275
19.307
19.297
19.307
19.275
19.286
19.275
19.307
19.286
19.297
19.286
19.297
19.307
19.307
19.297
19.286
19.297
19.297
19.297
19.297
19.297
19.275
19.297
19.297
19.275
19.307
19.297
19.297
19.297
19.286
19.264
19.307
19.297
19.286
19.307
19.297
19.297
19.286
19.264
19.286
19.275
19.307
19.286
19.286
19.297
19.286
19.307
19.307
19.307
19.286
19.297
19.307
19.286
19.307
19.297
19.286
19.286
19.275
19.307
19.297
19.307
19.307
19.297
19.297
19.307
19.307
19.297
19.286
19.297
19.307
19.297
19.297
19.297
19.297
19.297
19.307
19.286
19.297
19.307
19.307
19.286
19.286
19.307
19.297
19.307
19.329
19.307
19.318
19.307
19.307
19.318
19.307
19.297
19.307
19.318
19.318
19.307
19.297
19.297
19.307
19.307
19.329
19.297
19.307
19.297
19.307
19.307
19.307
19.318
19.307
19.307
19.307
19.307
19.286
19.318
19.307
19.307
19.297
19.307
19.297
19.307
19.307
19.307
19.318
19.307
19.307
19.297
19.318
19.297
19.307
19.329
19.307
19.297
19.329
19.318
19.318
19.307
19.307
19.318
19.350
19.329
19.307
19.307
19.318
19.307
19.307
19.318
19.318
19.297
19.318
19.329
19.307
19.318
19.307
19.307
19.307
19.318
19.307
19.329
19.318
19.318
19.307
19.318
19.297
19.307
19.318
19.307
19.329
19.307
19.318
19.307
19.307
19.350
19.318
19.318
19.307
19.329
19.318
19.307
19.329
19.307
19.318
19.307
19.339
19.318
19.307
19.307
19.318
19.307
19.307
19.339
19.318
19.329
19.318
19.318
19.329
19.307
19.339
19.329
19.329
19.350
19.339
19.318
19.329
19.318
19.329
19.318
19.329
19.307
19.339
19.329
19.307
19.339
19.318
19.329
19.350
19.307
19.329
19.307
19.329
19.329
19.318
19.329
19.350
19.329
19.318
19.318
19.339
19.318
19.307
19.329
19.318
19.318
19.318
19.329
19.339
19.339
19.339
19.318
19.339
19.339
19.318
19.318
19.329
19.339
19.339
19.339
19.350
19.329
19.339
19.339
19.318
19.339
19.318
19.329
19.339
19.307
19.318
19.329
19.329
19.339
19.350
19.329
19.350
19.339
19.339
19.329
19.329
19.339
19.318
19.329
19.318
19.339
19.339
19.329
19.307
19.339
19.350
19.339
19.350
19.318
19.339
19.339
19.329
19.350
19.339
19.318
19.329
19.350
19.350
19.339
19.318
19.339
19.329
19.339
19.350
19.350
19.350
19.329
19.350
19.339
19.350
19.350
19.329
19.329
19.350
19.350
19.339
19.350
19.350
19.350
19.329
19.350
19.339
19.339
19.350
19.350
19.350
19.318
19.350
19.350
19.339
19.350
19.318
19.350
19.372
19.339
19.339
19.350
19.339
19.329
19.350
19.350
19.350
19.350
19.350
19.350
19.350
19.350
19.339
19.339
19.350
19.318
19.329
19.350
19.350
19.339
19.350
19.382
19.350
19.350
19.372
19.350
19.350
19.350
19.350
19.372
19.361
19.350
19.361
19.361
19.361
19.350
19.350
19.350
19.361
19.361
19.350
19.361
19.350
19.361
19.372
19.382
19.350
19.350
19.350
19.372
19.361
19.361
19.361
19.350
19.361
19.350
19.350
19.361
19.350
19.361
19.361
19.393
19.350
19.361
19.350
19.350
19.350
19.361
19.350
19.361
19.382
19.372
19.372
19.350
19.361
19.372
19.350
19.350
19.372
19.382
19.372
19.361
19.361
19.350
19.382
19.382
19.350
19.361
19.372
19.372
19.382
19.372
19.372
19.361
19.372
19.393
19.361
19.350
19.372
19.350
19.382
19.372
19.361
19.372
19.372
19.372
19.361
19.372
19.372
19.372
19.393
19.361
19.361
19.382
19.372
19.382
19.372
19.372
19.361
19.361
19.372
19.372
19.372
19.393
19.361
19.372
19.361
19.372
19.382
19.350
19.372
19.382
19.361
19.382
19.372
19.382
19.350
19.372
19.372
19.382
19.372
19.393
19.404
19.382
19.382
19.372
19.372
19.382
19.372
19.393
19.382
19.393
19.404
19.393
19.393
19.393
19.393
19.372
19.393
19.372
19.372
19.393
19.361
19.372
19.382
19.393
19.393
19.372
19.382
19.393
19.382
19.415
19.393
19.382
19.382
19.393
19.382
19.393
19.393
19.393
19.382
19.393
19.372
19.393
19.393
19.393
19.372
19.393
19.382
19.382
19.382
19.393
19.393
19.382
19.393
19.425
19.393
19.393
19.382
19.393
19.393
19.382
19.382
19.393
19.393
19.382
19.393
19.393
19.393
19.393
19.404
19.393
19.382
19.404
19.382
19.382
19.382
19.382
19.382
19.415
19.415
19.393
19.393
19.393
19.393
19.404
19.382
19.382
19.372
19.404
19.393
19.404
19.393
19.393
19.393
19.393
19.415
19.393
19.415
19.393
19.372
19.393
19.393
19.415
19.404
19.404
19.393
19.393
19.404
19.382
19.404
19.393
19.393
19.404
19.393
19.393
19.393
19.393
19.415
19.404
19.393
19.404
19.393
19.393
19.404
19.415
19.393
19.393
19.393
19.404
19.382
19.393
19.404
19.404
19.393
19.393
19.404
19.415
19.404
19.415
19.393
19.425
19.415
19.436
19.393
19.393
19.404
19.393
19.404
19.425
19.404
19.415
19.415
19.404
19.425
19.425
19.393
19.404
19.415
19.404
19.404
19.404
19.404
19.415
19.425
19.404
19.415
19.436
19.404
19.404
19.415
19.404
19.415
19.425
19.393
19.404
19.425
19.415
19.436
19.404
19.393
19.415
19.404
19.425
19.393
19.436
19.404
19.404
19.404
19.404
19.415
19.436
19.404
19.393
19.393
19.436
19.415
19.436
19.404
19.415
19.425
19.415
19.436
19.447
19.404
19.404
19.404
19.415
19.425
19.404
19.404
19.404
19.436
19.404
19.425
19.425
19.404
19.415
19.415
19.425
19.457
19.404
19.404
19.415
19.436
19.404
19.447
19.436
19.436
19.415
19.436
19.404
19.436
19.447
19.447
19.415
19.425
19.447
19.415
19.447
19.415
19.425
19.436
19.436
19.447
19.436
19.425
19.425
19.415
19.447
19.436
19.447
19.447
19.436
19.436
19.447
19.436
19.436
19.425
19.447
19.447
19.425
19.436
19.447
19.447
19.457
19.447
19.447
19.436
19.447
19.425
19.457
19.447
19.436
19.447
19.436
19.447
19.447
19.457
19.457
19.447
19.447
19.447
19.436
19.447
19.436
19.447
19.436
19.457
19.425
19.447
19.436
19.468
19.425
19.447
19.457
19.447
19.447
19.468
19.457
19.447
19.457
19.457
19.447
19.447
19.479
19.447
19.457
19.457
19.447
19.436
19.447
19.457
19.447
19.457
19.447
19.468
19.425
19.468
19.457
19.457
19.447
19.457
19.468
19.447
19.468
19.457
19.468
19.447
19.457
19.457
19.457
19.479
19.468
19.457
19.468
19.436
19.468
19.468
19.457
19.479
19.479
19.457
19.436
19.457
19.457
19.468
19.468
19.479
19.468
19.479
19.447
19.457
19.468
19.479
19.468
19.436
19.468
19.468
19.457
19.468
19.479
19.468
19.490
19.468
19.468
19.479
19.468
19.457
19.479
19.479
19.479
19.479
19.490
19.490
19.468
19.479
19.457
19.490
19.479
19.468
19.490
19.479
19.468
19.479
19.490
19.490
19.490
19.468
19.490
19.468
19.468
19.479
19.468
19.479
19.500
19.490
19.468
19.479
19.479
19.490
19.490
19.490
19.468
19.490
19.500
19.490
19.490
19.490
19.500
19.500
19.500
19.490
19.490
19.500
19.490
19.500
19.511
19.511
19.500
19.500
19.500
19.511
19.490
19.500
19.511
19.511
19.468
19.500
19.511
19.490
19.500
19.500
19.490
19.522
19.500
19.511
19.500
19.500
19.511
19.490
19.511
19.522
19.500
19.500
19.490
19.511
19.500
19.490
19.522
19.511
19.511
19.511
19.500
19.500
19.522
19.500
19.511
19.511
19.511
19.490
19.522
19.511
19.500
19.522
19.511
19.511
19.522
19.511
19.511
19.511
19.511
19.500
19.522
19.500
19.511
19.500
19.490
19.532
19.511
19.522
19.522
19.522
19.522
19.500
19.500
19.511
19.532
19.522
19.511
19.511
19.511
19.522
19.511
19.522
19.522
19.522
19.522
19.522
19.522
19.511
19.511
19.511
19.522
19.543
19.522
19.511
19.522
19.543
19.522
19.522
19.500
19.543
19.522
19.522
19.522
19.511
19.522
19.511
19.532
19.522
19.511
19.543
19.543
19.532
19.543
19.522
19.511
19.522
19.532
19.532
19.543
19.543
19.532
19.522
19.522
19.543
19.543
19.543
19.543
19.532
19.522
19.554
19.532
19.532
19.532
19.543
19.532
19.511
19.543
19.532
19.532
19.532
19.532
19.543
19.543
19.554
19.522
19.522
19.532
19.543
19.532
19.565
19.522
19.543
19.543
19.522
19.522
19.543
19.543
19.522
19.522
19.543
19.522
19.554
19.543
19.511
19.554
19.543
19.543
19.543
19.554
19.543
19.543
19.522
19.532
19.554
19.543
19.532
19.532
19.543
19.543
19.554
19.543
19.522
19.532
19.543
19.543
19.543
19.522
19.543
19.532
19.532
19.532
19.543
19.522
19.532
19.543
19.543
19.565
19.532
19.522
19.532
19.522
19.565
19.554
19.543
19.565
19.543
19.543
19.554
19.532
19.543
19.554
19.522
19.565
19.543
19.575
19.522
19.554
19.554
19.575
19.554
19.554
19.532
19.543
19.543
19.554
19.554
19.543
19.543
19.532
19.543
19.575
19.554
19.554
19.543
19.554
19.554
19.543
19.554
19.554
19.554
19.565
19.554
19.565
19.565
19.543
19.543
19.565
19.543
19.554
19.543
19.554
19.565
19.554
19.554
19.554
19.565
19.565
19.543
19.554
19.565
19.565
19.565
19.565
19.554
19.565
19.565
19.554
19.565
19.543
19.565
19.575
19.554
19.586
19.565
19.565
19.554
19.565
19.565
19.565
19.565
19.565
19.565
19.565
19.565
19.565
19.554
19.565
19.522
19.575
19.565
19.565
19.575
19.565
19.565
19.565
19.554
19.565
19.565
19.565
19.565
19.575
19.565
19.543
19.575
19.565
19.565
19.575
19.565
19.575
19.575
19.565
19.565
19.565
19.575
19.565
19.575
19.554
19.543
19.565
19.565
19.565
19.554
19.575
19.586
19.586
19.554
19.565
19.586
19.565
19.565
19.565
19.575
19.565
19.586
19.586
19.565
19.565
19.575
19.565
19.597
19.575
19.565
19.565
19.597
19.565
19.575
19.565
19.565
19.575
19.575
19.565
19.597
19.565
19.575
19.565
19.575
19.575
19.565
19.586
19.575
19.575
19.597
19.586
19.597
19.586
19.586
19.565
19.575
19.597
19.586
19.586
19.586
19.575
19.565
19.597
19.575
19.565
19.597
19.575
19.586
19.575
19.575
19.575
19.586
19.565
19.565
19.586
19.586
19.597
19.586
19.586
19.586
19.575
19.597
19.575
19.575
19.565
19.575
19.586
19.575
19.565
19.575
19.597
19.597
19.565
19.575
19.586
19.586
19.565
19.586
19.575
19.586
19.565
19.575
19.586
19.586
19.575
19.586
19.586
19.586
19.586
19.575
19.586
19.565
19.575
19.586
19.586
19.586
19.575
19.597
19.575
19.575
19.597
19.597
19.565
19.586
19.618
19.586
19.597
19.608
19.586
19.597
19.575
19.586
19.586
19.608
19.608
19.575
19.586
19.597
19.597
19.597
19.586
19.565
19.586
19.597
19.586
19.575
19.597
19.597
19.586
19.597
19.586
19.597
19.575
19.586
19.586
19.575
19.597
19.597
19.565
19.597
19.575
19.575
19.575
19.586
19.586
19.608
19.575
19.597
19.597
19.586
19.597
19.597
19.597
19.597
19.608
19.597
