7.103
7.672
7.935
8.044
8.117
8.153
8.240
8.264
8.264
5.852
4.126
2.846
1.617
0.832
0.253
0.923
1.247
1.264
1.495
1.392
1.174
0.946
0.669
0.836
1.128
1.072
1.181
0.625
0.335
1.040
1.511
1.326
1.135
1.027
0.914
1.016
0.908
0.907
1.062
0.987
0.947
0.519
0.805
0.915
0.965
1.178
1.001
0.301
0.512
0.802
0.968
0.937
0.976
0.994
1.101
1.151
1.035
1.640
1.285
1.015
0.718
0.223
0.800
0.792
0.645
1.108
1.012
1.109
1.062
1.176
1.527
1.644
1.542
1.910
1.969
2.023
2.024
2.480
2.601
2.882
3.194
3.339
3.528
3.825
4.118
4.244
4.354
4.601
4.773
4.836
4.825
4.851
4.779
4.732
4.687
4.619
4.663
4.663
4.607
4.668
4.806
4.778
4.860
4.973
4.936
4.865
4.934
4.864
4.721
4.648
4.589
4.491
4.441
4.519
4.558
4.633
4.692
4.775
4.848
4.777
4.902
4.826
4.756
4.817
4.805
4.777
4.796
4.719
4.734
4.688
4.708
4.586
4.734
4.676
4.680
4.682
4.716
4.634
4.714
4.764
4.832
4.823
4.667
4.763
4.691
4.688
4.653
4.625
4.785
4.853
4.769
4.694
4.787
4.917
4.791
4.760
4.733
4.795
4.868
4.647
4.610
4.648
4.577
4.631
4.614
4.693
4.678
4.681
4.748
4.760
4.755
4.806
4.810
4.791
4.876
4.919
4.739
4.798
4.827
4.746
4.649
4.567
4.648
4.644
4.730
4.772
4.836
4.761
4.734
4.763
4.789
4.780
4.765
4.626
4.644
4.553
4.597
4.750
4.771
4.803
4.723
4.714
4.710
4.795
4.847
4.777
4.817
4.686
4.707
4.540
4.602
4.709
4.586
4.478
4.605
4.689
4.763
4.778
4.742
4.810
4.823
4.700
4.725
4.834
4.908
4.872
4.822
4.797
4.676
4.535
4.588
4.800
4.796
4.773
4.707
4.739
4.820
4.774
4.773
4.910
4.862
4.709
4.729
4.750
4.652
4.624
4.643
4.719
4.712
4.753
4.826
4.852
4.833
4.791
4.877
4.814
4.728
4.618
4.540
4.546
4.560
4.600
4.643
4.696
4.756
4.912
4.821
4.881
4.869
4.831
4.896
4.738
4.733
4.709
4.718
4.831
4.649
4.667
4.531
4.552
4.674
4.657
4.736
4.797
4.983
4.920
4.888
4.841
4.880
4.837
4.718
4.679
4.627
4.556
4.576
4.575
4.619
4.707
4.814
4.940
5.002
4.982
4.992
4.997
4.938
4.834
4.835
4.706
4.596
4.529
4.472
4.613
4.604
4.721
4.864
4.786
4.853
4.812
4.684
4.792
4.888
4.798
4.901
4.751
4.608
4.777
4.709
4.631
4.591
4.704
4.813
4.929
4.872
4.917
4.887
4.903
4.806
4.691
4.817
4.816
4.663
4.739
4.646
4.599
4.664
4.685
4.793
4.909
4.945
5.045
5.105
5.124
5.114
5.078
5.061
5.031
4.955
4.896
4.887
4.787
4.736
4.913
4.988
5.026
5.095
5.059
4.979
4.980
4.940
4.867
4.862
4.974
4.884
4.817
4.794
4.674
4.788
4.822
4.807
4.746
4.726
4.813
4.824
4.819
4.901
4.783
4.977
5.000
4.991
4.976
4.843
4.818
4.741
4.702
4.616
4.716
4.851
4.843
4.913
4.958
4.959
4.970
4.882
4.795
4.836
4.718
4.701
4.660
4.561
4.601
4.665
4.868
4.936
4.989
5.006
4.973
4.894
4.917
4.876
4.898
4.824
4.830
4.989
4.965
4.784
4.820
4.753
4.631
4.820
4.901
4.868
4.915
4.875
4.918
4.898
4.919
4.835
4.706
4.760
4.568
4.582
4.622
4.576
4.586
4.701
4.875
4.738
4.861
5.004
5.003
4.846
4.851
4.854
4.781
4.711
4.774
4.697
4.669
4.554
4.575
4.663
4.814
4.846
5.028
5.126
5.388
5.449
5.442
5.568
5.667
5.866
5.920
6.150
6.503
6.657
6.824
7.274
7.379
7.541
7.859
8.140
8.295
8.590
8.609
8.684
8.797
8.642
8.671
8.866
8.847
8.918
9.090
8.699
9.074
9.060
9.030
9.162
9.059
9.148
9.281
9.120
9.032
9.095
9.025
9.249
9.276
9.234
9.444
9.051
9.099
9.061
9.183
9.315
9.270
9.136
9.424
9.374
9.195
9.093
9.131
9.156
9.235
9.253
9.338
9.348
9.446
9.543
9.526
9.443
9.444
9.197
9.183
8.933
9.058
9.181
9.125
9.198
9.284
9.149
9.193
9.114
9.209
9.317
8.939
8.993
9.155
8.981
8.962
9.112
9.169
9.091
9.051
8.969
9.132
9.044
9.169
9.175
9.049
8.985
9.015
9.093
9.348
9.137
9.052
9.256
9.146
8.960
8.877
8.665
8.904
8.987
9.141
9.501
9.565
9.634
9.636
9.455
9.417
9.267
9.090
9.241
8.934
9.143
9.106
9.222
9.207
9.205
9.165
9.151
8.985
9.134
9.017
9.014
9.053
9.301
9.191
9.346
9.119
8.958
9.087
9.218
9.138
9.457
9.451
9.289
9.318
9.138
9.199
9.190
9.129
9.127
9.047
9.165
9.262
9.143
9.323
9.096
8.900
9.277
9.134
8.999
9.374
9.139
9.293
9.154
9.021
8.965
8.983
8.625
8.867
8.934
8.921
9.125
9.198
9.178
9.112
9.374
9.272
9.199
9.117
9.458
9.237
9.198
9.524
9.277
9.055
9.269
9.175
8.975
9.010
9.180
9.091
8.874
8.949
8.940
8.948
8.859
8.930
9.011
9.085
8.807
8.789
8.750
8.789
8.872
9.113
9.130
9.043
8.907
9.135
9.158
8.995
9.228
9.188
9.140
9.036
8.898
9.254
9.072
8.968
8.990
9.080
8.903
9.060
8.933
9.007
9.279
9.056
8.891
9.094
9.059
8.938
8.964
8.727
8.940
8.861
9.079
9.068
9.275
9.223
9.268
9.119
9.094
9.036
8.950
9.072
8.893
8.843
8.934
9.001
9.176
9.184
9.205
9.221
9.290
9.197
9.474
9.444
9.308
9.377
9.185
9.149
9.132
9.106
9.255
9.123
9.056
9.203
8.995
8.906
9.073
9.121
9.146
9.275
9.464
9.202
9.197
9.338
9.221
8.791
8.902
9.026
9.149
9.237
9.035
9.203
8.955
8.845
8.883
8.792
8.722
8.758
8.769
8.670
8.848
8.768
8.627
8.634
8.871
9.196
8.951
9.084
9.250
9.024
8.984
9.043
8.879
9.144
8.838
8.786
9.003
8.899
8.782
8.869
8.958
9.064
8.987
8.838
8.903
9.099
8.838
9.028
8.865
9.007
9.112
8.971
8.848
8.815
8.508
8.598
8.917
8.698
8.868
8.813
8.901
8.974
8.947
8.917
8.976
8.965
9.045
9.017
8.796
9.036
8.670
8.779
9.169
9.164
9.167
9.005
9.099
9.301
9.247
9.269
9.396
9.322
9.280
9.286
8.790
9.095
9.133
9.038
9.299
9.378
9.390
9.385
9.630
9.933
10.318
10.342
10.414
10.375
10.518
10.733
11.068
11.187
11.354
11.374
11.708
12.052
12.539
12.536
12.478
12.657
12.945
13.063
13.312
13.331
13.614
13.657
13.782
13.541
13.907
14.206
14.485
14.647
14.654
14.499
14.573
15.086
15.377
14.968
14.616
14.715
14.621
14.426
14.515
14.630
14.781
14.457
14.942
14.764
15.005
15.084
14.973
15.003
14.940
14.873
14.241
14.688
14.747
15.083
14.661
14.731
14.643
14.867
14.830
15.225
14.962
14.991
15.226
15.154
15.084
14.842
14.630
14.933
14.514
14.918
14.779
14.485
14.583
14.562
14.869
14.979
14.814
14.389
14.469
14.277
14.342
14.643
14.596
14.719
14.922
14.452
14.690
14.686
14.606
15.092
15.192
15.368
15.148
15.077
14.812
14.947
14.884
14.821
14.803
14.680
14.709
14.534
14.893
14.929
14.937
14.865
14.956
15.141
14.851
14.829
14.759
14.650
14.885
14.790
14.244
14.577
14.924
14.396
14.596
15.033
14.586
14.468
14.712
14.679
14.437
14.846
14.579
14.207
14.453
14.219
14.107
14.365
14.609
14.912
14.794
15.227
14.916
14.875
15.060
14.824
14.690
15.031
14.868
14.635
14.686
14.781
14.669
14.863
15.027
14.828
15.159
15.459
14.952
15.122
14.769
14.585
14.901
15.076
15.174
15.117
15.004
15.015
14.963
14.490
14.586
14.735
14.694
14.792
14.481
14.596
14.674
14.691
14.721
14.871
14.918
15.044
14.816
14.609
14.715
15.084
15.069
15.177
15.294
14.960
14.769
14.950
15.135
14.730
14.779
15.101
15.118
15.045
15.063
14.784
15.019
15.002
15.188
15.269
15.108
15.033
15.040
14.907
15.436
14.992
14.858
14.595
14.923
14.982
14.739
14.932
14.831
15.049
14.928
14.792
14.705
14.511
14.388
14.644
14.974
14.759
14.457
14.371
14.086
14.280
14.454
14.391
14.558
14.620
14.983
14.843
14.574
15.090
14.804
14.565
14.386
14.570
14.531
14.753
14.658
14.352
14.676
14.894
15.032
15.196
15.047
14.965
14.657
14.585
14.616
14.767
14.728
14.635
14.825
14.888
14.583
14.837
14.829
14.783
14.826
14.816
14.401
14.633
14.629
14.791
14.473
14.465
14.418
14.607
14.616
14.522
14.609
15.012
14.841
14.646
14.424
14.465
14.439
14.430
14.679
14.881
14.757
14.594
14.514
14.436
14.460
14.750
14.309
14.560
14.740
14.542
14.706
14.753
14.602
14.885
14.997
14.614
14.658
14.701
14.252
14.829
14.773
14.682
14.675
14.608
14.701
15.148
14.913
14.901
15.043
14.990
14.940
14.742
15.005
14.656
14.493
14.482
14.402
14.347
14.666
14.604
14.639
14.723
14.509
14.638
14.649
15.011
14.774
14.386
14.524
14.736
14.533
14.604
14.580
14.655
14.340
14.673
14.583
14.789
14.777
15.039
15.387
15.252
15.458
15.244
15.441
15.522
16.157
16.255
16.467
16.784
16.610
16.745
16.875
17.219
17.065
17.134
16.870
17.160
17.363
16.953
17.485
17.356
17.374
17.560
17.535
17.233
17.257
17.245
17.490
17.468
17.553
17.195
17.267
17.556
17.389
17.391
17.562
17.670
17.709
17.549
17.391
16.992
16.944
17.086
17.420
17.085
17.051
16.573
16.955
17.643
17.371
17.573
17.643
17.377
17.332
17.247
17.491
17.261
17.315
17.035
17.378
17.683
17.506
17.349
17.297
16.908
17.244
17.431
17.669
17.827
17.573
17.647
17.183
17.193
17.346
17.578
17.605
17.865
17.682
17.698
17.499
17.328
17.381
16.893
17.034
17.383
16.997
17.409
17.363
17.194
17.189
16.989
17.246
17.245
17.158
17.106
17.235
17.346
17.490
17.261
17.178
17.206
17.213
17.518
17.599
17.671
17.459
17.572
17.582
17.520
17.649
17.277
17.532
17.606
17.642
17.486
17.208
17.259
17.317
17.607
17.851
17.244
17.539
17.146
17.025
17.132
17.425
17.019
16.894
17.282
17.790
17.674
17.381
17.528
17.342
17.323
17.534
16.999
17.149
17.342
17.782
17.506
17.346
17.200
17.243
16.896
16.935
17.358
17.087
17.374
17.291
17.557
17.351
17.185
16.999
16.987
17.586
17.158
17.438
17.365
17.234
17.322
17.545
17.577
17.273
16.935
17.228
16.863
16.798
17.107
16.673
16.662
17.046
17.065
16.999
17.387
17.191
16.777
16.955
17.356
17.545
17.071
17.351
17.218
17.243
17.451
17.754
17.330
17.064
17.106
16.947
16.897
17.042
17.026
17.064
16.908
16.719
16.902
16.984
16.967
16.368
16.569
16.271
16.722
16.997
16.825
17.150
17.057
17.291
17.050
17.093
17.181
17.391
17.244
17.167
17.489
17.287
17.446
17.328
17.310
17.413
17.471
17.114
17.387
17.642
17.611
17.476
17.656
17.254
16.919
16.109
15.929
16.723
16.700
16.552
16.902
16.908
16.281
15.965
16.293
16.495
16.724
16.847
16.587
15.965
15.946
16.490
16.814
16.625
16.533
16.722
16.254
16.395
16.533
16.688
16.571
16.525
16.760
16.571
16.493
16.721
16.357
16.822
17.020
17.605
17.230
16.974
16.980
17.545
17.152
17.064
16.956
17.095
16.896
17.020
17.267
16.865
16.853
17.212
17.213
17.112
16.543
16.742
16.703
16.479
16.701
16.811
16.735
16.751
16.797
16.904
16.964
16.695
16.796
17.172
17.025
16.928
17.159
17.097
16.967
16.898
16.763
16.756
16.726
16.990
17.115
17.069
16.675
16.743
16.549
17.015
17.178
16.965
16.554
16.507
16.440
16.243
16.028
16.651
16.688
16.246
16.475
16.727
16.482
16.524
16.206
16.204
16.121
15.511
15.461
15.168
14.785
15.074
15.149
14.941
15.181
14.733
14.718
14.668
14.657
14.430
14.286
14.432
14.638
14.757
14.834
14.692
14.884
14.748
14.416
14.539
14.857
14.563
14.766
14.859
14.276
13.806
13.908
13.941
14.063
14.379
14.517
14.822
14.873
15.121
15.002
14.846
14.771
14.670
14.347
14.712
14.283
14.060
14.245
14.218
14.572
14.822
14.904
14.605
14.520
14.675
14.810
14.543
14.780
14.783
14.805
14.872
14.585
14.845
14.781
14.808
15.020
15.122
15.088
15.013
14.769
14.493
14.700
14.571
14.577
15.048
14.821
14.744
14.821
14.789
14.798
14.813
14.608
14.693
14.778
14.899
15.045
14.895
15.026
14.813
14.587
14.645
14.712
14.465
14.588
14.781
14.714
14.781
14.700
15.019
14.761
14.662
14.637
14.490
14.569
14.241
14.845
15.042
15.092
14.593
14.797
14.930
14.796
15.171
14.741
14.778
15.074
15.243
14.834
14.793
14.737
14.907
14.711
14.863
14.253
14.518
14.670
14.770
15.002
15.048
14.793
14.615
14.638
14.868
14.772
14.865
14.697
14.759
14.952
14.852
14.655
14.696
14.619
14.976
15.137
15.295
15.359
15.412
15.193
15.289
14.775
14.742
15.283
14.896
15.135
15.179
15.127
14.868
14.899
14.836
14.814
14.762
14.922
14.649
14.578
14.468
14.691
14.637
14.614
14.835
14.591
14.883
14.886
15.178
14.949
14.850
14.990
14.645
15.175
14.674
14.685
14.853
14.600
14.592
14.563
14.855
15.071
15.191
14.828
15.187
15.103
14.738
14.828
14.664
14.419
14.642
14.839
14.522
14.749
14.529
14.351
14.675
14.738
14.910
15.010
14.683
14.846
14.473
14.556
14.979
14.449
14.378
14.509
14.380
14.856
14.783
14.829
14.368
14.287
14.457
14.336
13.966
13.721
14.228
14.650
14.888
14.978
14.972
14.747
14.493
14.332
14.494
14.225
14.572
14.454
14.136
14.365
13.885
13.620
13.413
13.146
13.229
13.530
13.402
13.179
13.376
13.834
13.587
14.087
13.543
13.351
13.699
14.130
13.916
14.091
14.156
14.417
14.222
14.047
13.770
14.114
13.904
14.081
13.950
14.024
13.676
14.328
13.962
14.298
13.957
13.858
13.894
13.852
13.927
13.924
14.004
13.867
14.139
14.299
14.435
14.772
14.267
14.458
14.217
14.423
14.044
14.473
14.627
14.350
14.671
14.554
14.313
14.758
14.442
14.513
14.737
15.050
14.791
14.851
14.867
14.875
14.754
14.801
14.633
14.828
14.934
15.011
14.604
14.643
14.767
14.983
14.892
14.598
15.037
14.718
14.976
15.077
14.973
15.000
14.972
14.737
14.879
14.704
14.769
14.732
14.574
14.434
14.409
14.200
13.907
13.533
13.803
13.153
13.013
12.884
12.621
12.626
12.271
12.510
12.603
12.429
11.806
11.707
11.205
10.902
10.786
10.462
10.468
10.491
10.463
10.171
9.877
10.110
9.898
9.679
9.691
9.675
9.469
9.436
9.565
9.570
9.577
9.233
9.383
9.093
9.098
9.089
9.011
9.102
9.308
9.453
9.384
9.289
9.285
9.121
9.218
9.188
9.367
9.373
9.183
9.260
9.215
9.331
9.223
9.084
8.946
8.979
8.617
8.587
8.667
8.683
9.067
9.101
9.062
9.278
9.151
9.093
9.332
9.345
9.241
9.442
9.433
9.444
9.418
9.015
9.210
9.061
9.104
9.092
9.018
9.262
9.059
9.013
8.972
8.992
9.025
9.024
9.007
9.100
9.202
9.068
9.225
9.231
9.212
9.257
9.057
9.023
9.108
9.262
9.293
9.391
9.287
9.333
9.307
9.166
9.190
9.191
9.347
9.401
9.286
9.173
9.047
8.984
9.251
9.138
9.007
9.179
9.073
8.888
9.058
8.869
8.889
9.354
9.284
9.277
9.246
9.113
9.461
9.223
9.168
9.214
9.130
8.969
8.893
8.820
8.789
8.890
9.132
9.112
8.948
9.127
9.121
8.970
9.222
9.296
9.087
9.285
9.447
9.370
9.204
9.097
9.083
9.087
9.134
9.269
9.225
9.029
9.245
9.146
8.920
9.125
9.108
9.195
9.221
8.970
9.031
9.129
9.059
9.053
9.111
9.073
9.261
9.238
9.215
9.142
9.212
9.056
