-40.147
-52.178
-60.375
-66.262
-70.196
-72.725
-74.795
-75.944
-76.973
-77.581
-78.232
-78.500
-79.062
-79.081
-79.469
-79.328
-79.342
-79.240
-79.693
-79.560
-79.992
-79.882
-80.180
-80.088
-80.287
-80.126
-80.350
-80.208
-80.408
-80.361
-80.215
-79.963
-80.011
-80.045
-80.182
-79.940
-80.145
-80.177
-80.124
-79.937
-80.181
-79.901
-79.556
-79.727
-79.284
-79.349
-79.244
-79.508
-79.581
-79.631
-79.367
-79.557
-79.577
-79.667
-79.429
-79.563
-79.356
-79.474
-79.445
-79.536
-79.375
-79.675
-79.473
-79.631
-79.517
-79.774
-79.617
-79.994
-79.658
-79.798
-79.634
-80.006
-79.742
-79.819
-79.611
-79.728
-79.584
-79.709
-79.534
-79.786
-79.588
-79.749
-79.712
-79.873
-79.611
-79.840
-79.926
-79.948
-79.551
-79.536
-79.675
-79.735
-79.664
-79.990
-79.993
-80.183
-79.978
-80.359
-80.252
-80.251
-79.838
-80.262
-80.033
-80.061
-80.005
-80.303
-80.212
-80.036
-79.875
-80.250
-80.063
-80.119
-79.971
-79.567
-79.547
-79.270
-79.339
-79.125
-79.200
-78.990
-79.330
-79.044
-79.143
-78.950
-79.228
-79.047
-79.145
-78.877
-79.101
-78.846
-79.192
-79.022
-79.128
-79.014
-79.348
-79.243
-79.395
-79.202
-79.441
-79.534
-79.636
-79.483
-79.525
-79.480
-79.561
-79.318
-79.372
-79.373
-79.561
-79.355
-79.586
-79.373
-79.486
-79.228
-79.459
-79.322
-79.375
-79.263
-79.709
-79.571
-79.662
-79.501
-79.801
-79.523
-79.779
-79.695
-79.786
-79.551
-79.835
-79.735
-79.814
-79.682
-79.965
-79.751
-79.713
-79.424
-79.634
-79.894
-80.076
-79.828
-79.842
-79.777
-79.769
-79.651
-79.943
-79.810
-79.867
-79.719
-79.916
-79.829
-79.918
-79.755
-80.316
-80.296
-79.720
-79.766
-79.574
-79.514
-79.285
-79.424
-79.185
-79.354
-79.173
-79.458
-79.171
-79.345
-79.354
-79.697
-79.263
-79.447
-79.275
-79.643
-79.450
-79.577
-79.404
-79.733
-79.401
-79.468
-79.215
-79.488
-79.379
-79.715
-79.688
-79.744
-79.558
-79.653
-79.570
-79.699
-79.302
-79.436
-79.530
-79.671
-79.320
-79.674
-79.622
-79.848
-79.631
-79.817
-79.609
-79.464
-79.287
-79.651
-79.568
-79.735
-79.365
-79.743
-79.557
-79.578
-79.517
-79.812
-79.718
-79.690
-79.558
-79.503
-79.240
-79.430
-79.339
-79.425
-79.110
-79.302
-79.249
-79.437
-79.268
-79.375
-79.600
-79.645
-79.376
-79.601
-79.458
-79.508
-79.318
-79.485
-79.415
-79.590
-79.413
-79.552
-79.461
-79.098
-79.181
-79.202
-79.291
-78.904
-78.895
-78.814
-78.945
-78.886
-78.808
-78.828
-78.955
-78.856
-79.011
-78.783
-78.961
-78.747
-79.086
-78.872
-79.061
-78.930
-79.363
-79.179
-79.163
-78.777
-79.069
-78.860
-79.052
-78.774
-79.104
-78.886
-79.070
-79.086
-79.323
-79.114
-79.192
-79.134
-79.094
-78.728
-78.997
-79.111
-79.415
-79.215
-79.601
-79.683
-79.741
-79.668
-79.918
-79.755
-79.828
-79.617
-79.620
-79.434
-79.491
-79.231
-79.424
-79.185
-79.279
-79.158
-79.636
-79.370
-79.446
-79.350
-79.545
-79.344
-79.428
-79.225
-79.382
-79.193
-79.510
-79.282
-79.610
-79.427
-79.636
-79.783
-79.810
-79.567
-79.660
-79.874
-79.912
-79.788
-79.964
-79.862
-79.829
-79.693
-79.822
-79.613
-79.842
-79.777
-79.881
-79.692
-79.747
-79.635
-79.970
-79.754
-79.640
-79.485
-79.902
-79.707
-79.270
-79.264
-78.922
-78.945
-78.737
-78.778
-78.695
-78.936
-78.955
-79.231
-79.049
-79.147
-78.915
-79.278
-79.082
-79.133
-79.055
-79.489
-79.154
-79.296
-79.057
-79.302
-79.137
-79.283
-79.161
-79.375
-79.262
-79.446
-79.350
-79.357
-79.100
-79.557
-79.653
-79.757
-79.605
-79.536
-79.263
-79.446
-79.237
-79.466
-79.214
-79.525
-79.405
-79.546
-79.607
-79.800
-79.522
-80.078
-79.867
-79.907
-79.747
-80.086
-79.910
-80.012
-79.896
-80.114
-79.968
-80.202
-80.067
-80.084
-79.834
-80.071
-80.162
-80.301
-80.061
-80.080
-79.981
-80.137
-79.758
-79.868
-79.945
-80.074
-79.939
-80.108
-80.000
-80.150
-79.918
-80.092
-79.840
-80.075
-80.053
-80.262
-79.883
-80.031
-79.984
-80.214
-79.962
-79.973
-79.981
-79.612
-79.653
-79.345
-79.429
-79.225
-79.458
-79.245
-79.397
-79.353
-79.434
-79.229
-79.535
-79.337
-79.386
-79.233
-79.688
-79.369
-79.558
-79.316
-79.558
-79.541
-79.641
-79.449
-79.464
-79.400
-79.805
-79.488
-79.679
-79.438
-79.682
-79.890
-79.773
-79.466
-79.701
-79.678
-79.887
-79.771
-79.877
-79.502
-79.539
-79.564
-79.845
-79.667
-79.767
-79.724
-80.107
-79.775
-79.805
-79.638
-80.122
-79.898
-79.853
-79.635
-79.857
-79.712
-79.986
-79.765
-80.061
-79.892
-79.962
-79.973
-80.094
-79.953
-80.080
-80.056
-80.077
-79.754
-79.902
-79.969
-80.091
-79.951
-79.853
-79.785
-79.924
-79.722
-79.805
-79.526
-79.706
-79.494
-79.758
-79.418
-79.443
-79.197
-79.663
-79.577
-79.704
-79.680
-79.889
-79.547
-79.608
-79.463
-79.512
-79.283
-79.498
-79.386
-79.608
-79.313
-79.482
-79.525
-79.630
-79.366
-79.481
-79.749
-79.862
-79.491
-79.719
-79.390
-79.536
-79.225
-79.345
-79.054
-79.338
-79.199
-79.514
-79.397
-79.391
-79.648
-79.866
-80.019
-79.788
-79.814
-79.795
-79.781
-79.547
-79.758
-79.680
-80.039
-79.877
-79.877
-79.764
-79.797
-79.708
-80.133
-79.868
-79.870
-79.647
-79.828
-79.579
-79.518
-79.250
-79.588
-79.299
-79.397
-79.315
-79.446
-79.349
-79.507
-79.580
-79.818
-79.648
-79.941
-79.771
-79.840
-79.588
-79.824
-79.727
-79.809
-79.529
-79.557
-79.428
-79.637
-79.483
-79.601
-79.346
-79.542
-79.342
-79.727
-79.434
-79.416
-79.029
-79.508
-79.205
-79.331
-79.232
-79.387
-79.271
-79.377
-79.152
-79.181
-79.014
-79.047
-79.108
-79.263
-78.997
-79.110
-79.340
-79.425
-79.110
-79.265
-79.260
-79.407
-79.360
-79.327
-79.004
-79.228
-78.972
-79.055
-78.926
-78.948
-78.776
-79.256
-78.879
-78.878
-78.839
-79.263
-78.959
-78.934
-78.766
-78.949
-78.702
-78.866
-78.681
-78.889
-79.110
-79.002
-79.226
-79.196
-79.212
-79.148
-79.516
-79.324
-79.339
-79.237
-79.654
-79.383
-79.605
-79.424
-79.372
-79.223
-79.343
-79.165
-79.341
-79.313
-79.407
-79.660
-79.649
-79.342
-79.577
-79.741
-80.006
-79.892
-79.962
-79.786
-79.775
-79.580
-79.706
-79.532
-79.672
-79.433
-79.603
-79.460
-79.547
-79.345
-79.692
-79.334
-79.346
-79.092
-79.365
-79.105
-79.224
-79.006
-79.117
-79.044
-79.294
-79.243
-79.433
-79.265
-79.411
-79.587
-79.636
-79.258
-79.518
-79.475
-79.595
-79.416
-79.479
-79.373
-79.486
-79.378
-79.452
-79.166
-79.229
-79.123
-79.311
-79.180
-79.313
-79.032
-79.472
-79.331
-79.494
-79.158
-79.336
-79.085
-79.322
-79.188
-79.319
-79.148
-79.329
-79.193
-79.472
-79.331
-79.531
-79.447
-79.463
-79.174
-79.197
-79.288
-79.276
-78.931
-78.952
-78.854
-79.123
-78.898
-79.079
-78.793
-78.892
-79.262
-79.333
-79.496
-79.460
-79.547
-79.608
-79.575
-79.365
-79.556
-79.539
-79.640
-79.485
-79.715
-79.575
-79.665
-79.503
-79.577
-79.516
-79.549
-79.422
-79.783
-79.548
-79.758
-79.531
-80.122
-79.860
-79.940
-79.695
-79.824
-79.689
-79.670
-79.431
-79.564
-79.283
-79.573
-79.551
-79.723
-79.506
-79.654
-79.533
-79.486
-79.265
-79.335
-79.310
-79.329
-79.230
-79.349
-79.094
-79.253
-79.252
-79.364
-79.105
-79.261
-79.370
-79.709
-79.684
-79.591
-79.489
-79.905
-79.933
-80.028
-80.057
-80.303
-79.949
-79.964
-79.638
-79.596
-79.267
-79.412
-79.326
-79.341
-79.088
-79.287
-79.388
-79.459
-79.096
-79.255
-78.991
-78.994
-78.883
-78.918
-78.793
-78.967
-78.752
-78.901
-78.856
-79.087
-79.023
-79.429
-79.113
-79.154
-78.995
-79.259
-78.956
-78.969
-78.904
-79.157
-78.848
-79.043
-78.955
-79.156
-79.034
-79.099
-78.919
-78.981
-79.137
-79.021
-79.464
-79.363
-79.291
-79.166
-79.529
-79.295
-79.544
-79.418
-79.480
-79.299
-79.359
-79.064
-79.120
-78.934
-79.254
-79.290
-79.540
-79.266
-79.336
-79.498
-79.798
-79.671
-79.732
-79.700
-79.790
-79.591
-79.713
-79.687
-79.856
-79.561
-79.693
-79.410
-79.437
-79.306
-79.889
-79.547
-79.646
-79.527
-79.819
-79.536
-79.675
-79.360
-79.439
-79.270
-79.376
-79.189
-79.432
-79.190
-79.320
-79.262
-79.446
-79.237
-79.541
-79.641
-79.749
-79.562
-79.768
-79.613
-79.691
-79.409
-79.436
-79.268
-79.412
-79.251
-79.363
-79.067
-79.234
-79.164
-79.565
-79.283
-79.385
-79.082
-79.395
-79.126
-79.239
-79.054
-79.038
-78.839
-79.000
-78.850
-79.007
-78.743
-78.857
-78.863
-78.866
-78.569
-78.773
-79.441
-79.309
-79.516
-79.474
-79.744
-79.633
-79.781
-79.884
-80.219
-79.928
-80.025
-79.980
-79.986
-79.878
-79.989
-80.067
-79.935
-79.692
-79.784
-79.811
-79.980
-79.799
-80.009
-79.631
-79.779
-79.583
-79.821
-79.724
-79.695
-79.411
-79.813
-79.831
-79.919
-79.569
-79.885
-79.845
-79.854
-79.598
-79.718
-79.428
-79.487
-79.341
-79.501
-79.351
-79.546
-79.494
-79.759
-79.681
-79.702
-79.829
-79.955
-79.631
-79.892
-79.737
-79.741
-79.556
-79.689
-79.407
-79.623
-79.511
-79.695
-79.486
-79.603
-79.347
-79.693
-79.335
-79.572
-79.250
-79.738
-79.516
-79.699
-79.377
-79.526
-79.293
-79.318
-79.147
-79.291
-79.166
-79.529
-79.332
-79.420
-79.182
-79.277
-79.269
-79.413
-79.252
-79.326
-79.228
-79.310
-78.992
-79.144
-78.913
-78.864
-78.680
-78.851
-78.671
-78.844
-78.704
-79.130
-78.941
-79.071
-79.462
-79.661
-79.838
-79.624
-79.737
-79.703
-79.830
-79.806
-79.751
-79.638
-79.859
-79.789
-79.965
-79.825
-79.953
-79.704
-80.018
-79.788
-79.739
-79.592
-79.939
-79.733
-79.850
-79.670
-79.919
-79.681
-79.777
-79.581
-79.819
-79.423
-79.521
-79.815
-80.095
-79.879
-79.990
-80.068
-79.973
-79.643
-79.750
-79.413
-79.476
-79.371
-79.485
-79.264
-79.485
-79.414
-79.703
-79.567
-79.659
-79.574
-80.077
-79.679
-79.663
-79.614
-79.842
-79.627
-79.776
-79.693
-79.785
-79.437
-79.644
-79.525
-79.668
-79.542
-79.717
-79.764
-79.723
-79.581
-79.744
-79.783
-79.811
-79.568
-79.697
-79.601
-79.720
-79.504
-79.503
-79.165
-79.340
-79.126
-79.575
-79.403
-79.432
-79.302
-79.624
-79.362
-79.478
-79.372
-79.636
-79.407
-79.473
-79.218
-79.228
-79.422
-79.445
-79.649
-79.567
-79.697
-79.788
-80.189
-79.945
-79.849
-79.707
-79.982
-79.912
-80.051
-79.773
-79.766
-79.686
-79.818
-79.647
-79.753
-79.677
-79.774
-79.804
-79.976
-79.720
-79.917
-79.979
-80.060
-79.817
-79.910
-79.824
-79.989
-79.805
-79.826
-79.616
-79.768
-79.538
-79.789
-79.477
-79.559
-79.429
-79.900
-79.743
-79.970
-79.716
-80.064
-79.970
-79.979
-79.760
-79.720
-79.504
-79.728
-79.472
-79.668
-79.467
-79.665
-79.503
-79.464
-79.100
-79.445
-79.536
-79.600
-79.120
-79.384
-79.306
-79.589
-79.338
-79.499
-79.349
-79.657
-79.385
-79.757
-79.530
-79.483
-79.076
-79.466
-79.213
-79.299
-79.135
-79.469
-79.178
-79.162
-78.964
-79.049
-78.960
-79.159
-78.999
-79.074
-79.052
-79.186
-79.168
-79.342
-79.090
-79.400
-79.505
-79.541
-79.379
-79.565
-79.433
-79.566
-79.283
-79.423
-79.184
-79.241
-78.869
-79.058
-79.678
-79.587
-80.011
-80.045
-80.107
-79.925
-79.947
-80.188
-80.244
-80.058
-80.228
-79.897
-79.928
-79.762
-79.983
-79.801
-80.048
-79.921
-80.057
-79.890
-79.961
-79.860
-80.277
-80.044
-80.068
-79.860
-80.090
-79.838
-80.036
-79.913
-80.126
-80.013
-80.497
-80.198
-80.401
-80.243
-80.320
-80.374
-80.337
-80.011
-80.233
-80.313
-80.181
-79.902
-80.119
-79.933
-80.066
-79.746
-79.897
-79.703
-79.867
-79.757
-80.055
-79.926
-80.023
-79.791
-80.229
-79.973
-80.093
-79.878
-80.102
-80.034
-80.174
-80.009
-80.156
-79.884
-79.957
-79.707
-79.757
-79.530
-79.634
-79.744
-79.745
-79.522
-79.740
-79.856
-79.824
-79.689
-79.895
-79.701
-79.753
-79.677
-79.887
-79.733
-79.851
-79.520
-79.814
-79.682
-79.665
-79.578
-79.892
-79.662
-79.651
-79.381
-79.529
-79.333
-79.420
-79.144
-79.326
-79.003
-79.227
-79.121
-79.272
-79.153
-79.332
-79.420
-79.556
-79.277
-79.269
-79.188
-79.357
-79.250
-79.325
-79.190
-79.283
-78.935
-79.217
-79.415
-79.365
-79.406
-79.546
-79.570
-79.436
-79.718
-79.840
-79.926
-79.685
-79.780
-79.733
-79.813
-79.644
-79.901
-79.856
-80.049
-79.922
-79.983
-79.688
-79.781
-79.697
-80.088
-79.949
-79.964
-79.825
-80.177
-80.049
-79.997
-79.773
-79.841
-79.626
-79.663
-79.652
-79.906
-79.859
-80.014
-79.935
-79.992
-79.732
-79.850
-79.970
-79.941
-79.771
-79.915
-79.865
-80.056
-79.814
-79.907
-79.673
-79.696
-79.637
-79.783
-79.736
-79.965
-79.750
-80.125
-79.825
-79.878
-79.764
-80.097
-79.918
-79.830
-79.656
-79.909
-79.749
-79.824
-79.614
-79.693
-79.560
-79.804
-79.675
-79.848
-79.556
-79.764
-79.835
-79.772
-79.540
-79.753
-79.752
-79.676
-79.436
-79.568
-79.472
-79.518
-79.400
-79.580
-79.518
-79.663
-79.502
-79.839
-79.774
-79.805
-79.601
-80.095
-79.767
-79.724
-79.582
-79.707
-79.420
-79.632
-79.480
-79.636
-79.520
-79.776
-79.843
-79.965
-79.638
-79.709
-79.609
-79.726
-79.433
-79.603
-79.460
-79.547
-79.383
-79.493
-79.270
-79.301
-79.286
-79.350
-79.283
-79.423
-79.183
-79.541
-79.379
-79.565
-79.433
-79.903
-79.557
-79.652
-79.307
-79.440
-79.158
-79.260
-79.182
-79.315
-79.108
-79.188
-79.507
-79.655
-79.796
-79.707
-80.170
-80.156
-80.297
-80.133
-80.280
-80.196
-80.175
-79.972
-80.093
-79.840
-80.038
-80.327
-80.454
-80.280
-80.421
-80.445
-80.499
-80.237
-80.353
-80.435
-80.754
-80.490
-80.568
-80.285
-80.312
-80.106
-80.299
-80.247
-80.360
-80.215
-80.375
-80.000
-80.075
-79.828
-80.292
-80.167
-80.079
-80.018
-80.388
-80.046
-80.145
-79.839
-80.075
-79.827
-79.917
-79.679
-79.813
-79.569
-79.773
-79.804
-80.050
-79.810
-79.979
-80.023
-80.091
-79.801
-79.973
-79.644
-79.713
-79.537
-79.788
-79.477
-79.671
-79.432
-79.715
-79.350
-79.358
-79.325
-79.678
-79.512
-79.696
-79.487
-79.753
-79.565
-79.695
-79.412
-79.363
-79.179
-79.388
-79.272
-79.453
-79.242
-79.394
-79.463
-79.549
-79.385
-79.532
-79.522
-79.516
-79.173
-79.271
-78.927
-79.024
-78.904
-79.046
-79.407
-79.322
-79.413
-79.552
-79.686
-79.593
-79.752
-79.977
-80.021
-79.715
-79.725
-79.620
-79.697
-79.525
-79.518
-79.287
-79.501
-79.313
-79.594
-79.453
-79.730
-79.548
-79.834
-79.546
-79.607
-79.350
-79.882
-79.618
-79.882
-79.730
-79.961
-79.973
-80.093
-79.915
-79.978
-79.760
-80.019
-79.826
-79.916
-79.603
-79.835
-79.734
-80.039
-79.802
-80.012
-80.083
-80.171
-80.119
-80.234
-79.976
-80.133
-80.018
-80.088
-79.761
-79.908
-79.710
-80.135
-79.907
-79.897
-79.741
-80.081
-79.832
-79.882
-79.767
-79.762
-79.721
-79.730
-79.511
-79.620
-79.434
-79.604
-79.648
-79.941
-79.696
-79.975
-79.982
-80.138
-79.909
-79.899
-79.892
-79.774
-79.767
-79.987
-79.803
-80.050
-79.810
-79.867
-79.644
-79.826
-79.578
-79.855
-79.823
-79.914
-79.565
-80.033
-79.685
-79.780
-79.658
-79.648
-79.379
-79.603
-79.497
-79.648
-79.341
-79.651
-79.793
-79.968
-79.602
-79.722
-79.843
-79.852
-79.709
-79.759
-80.056
-80.077
-80.316
-80.221
-80.080
-79.943
-80.110
-80.002
-80.264
-80.035
-80.137
-80.283
-80.311
-80.105
-80.223
-80.681
-80.739
-80.443
-80.497
-80.498
-80.574
-80.402
-80.656
-80.422
-80.558
-80.503
-80.689
-80.633
-80.593
-80.340
-80.763
-80.309
-80.516
-80.249
-80.324
-80.039
-80.290
-80.128
-80.352
-79.984
-80.026
-79.943
-80.260
-79.957
-80.195
-80.436
-80.755
-80.491
-80.606
-80.649
-80.755
-80.453
-80.580
-80.331
-80.269
-79.963
-79.937
-79.768
-79.913
-79.714
-79.912
-79.601
-79.646
-79.677
-79.999
-79.812
-80.056
-79.814
-80.132
-79.905
-79.858
-79.788
-79.964
-79.750
-79.900
-79.817
-80.097
-79.730
-80.036
-80.025
-80.093
-79.802
-79.937
-80.106
-80.111
-79.740
-79.743
-79.520
-79.739
-79.742
-79.820
-79.536
-79.788
-79.551
-79.799
-79.559
-79.879
-79.765
-80.023
-79.754
-79.827
-79.654
-79.870
-79.872
-79.873
-79.686
-79.968
-79.790
-79.853
-79.822
-80.063
-79.819
-79.873
-79.874
-79.949
-79.514
-79.585
-79.672
-79.770
-79.502
-79.726
-79.658
-79.873
-79.761
-79.683
-79.403
-79.470
-79.666
-79.691
-79.859
-79.676
-79.698
-79.864
-79.905
-79.858
-80.088
-80.062
-79.931
-79.876
-80.176
-79.861
-80.052
-79.999
-80.224
-80.045
-80.181
-80.127
-80.464
-80.325
-80.265
-80.073
-80.388
-80.084
-80.134
-79.869
-79.908
-79.748
-79.936
-79.730
-79.886
-79.883
-79.993
-80.070
-80.011
-79.670
-79.844
-79.591
-79.601
-79.308
-79.403
-79.357
-79.438
-79.156
-79.334
-79.159
-79.374
-79.149
-79.404
-79.171
-79.194
-79.098
-79.444
-79.273
-79.266
-79.149
-79.629
-79.403
-79.432
-79.377
-79.602
-79.271
-79.302
-79.136
-78.983
-78.726
-78.883
-78.843
-79.003
-78.852
-79.046
-79.370
-79.409
-78.986
-79.065
-78.933
-79.028
-78.757
-79.130
-78.791
-78.929
-78.838
-78.999
-78.812
-78.943
-78.623
-78.998
-79.224
-79.269
-79.488
-79.567
-79.472
-79.255
-79.366
-79.369
-79.521
-79.402
-79.431
-79.339
-79.388
-79.271
-79.602
-79.384
-79.344
-79.241
-79.768
-79.688
-79.594
-79.528
-79.820
-79.649
-79.867
-79.644
-79.863
-79.717
-79.839
-79.625
-79.662
-79.426
-79.486
-79.527
-79.707
-79.382
-79.568
-79.622
-79.736
-79.590
-79.788
-79.589
