30.180
30.180
30.158
30.158
30.158
30.192
30.192
30.192
30.192
30.160
30.160
30.160
30.160
30.250
30.250
30.250
30.250
30.173
30.173
30.173
30.173
30.162
30.162
30.162
30.185
30.185
30.185
30.185
30.140
30.140
30.140
30.140
30.207
30.207
30.207
30.207
30.186
30.186
30.186
30.118
30.118
30.118
30.118
30.208
30.208
30.208
30.208
30.208
30.208
30.208
30.208
30.241
30.241
30.241
30.241
30.230
30.230
30.230
30.141
30.141
30.141
30.141
30.208
30.208
30.208
30.208
30.141
30.141
30.141
30.141
30.197
30.197
30.197
30.197
30.130
30.130
30.130
30.130
30.130
30.130
30.130
30.152
30.152
30.152
30.152
30.152
30.152
30.152
30.152
30.175
30.175
30.175
30.175
30.175
30.175
30.175
30.220
30.220
30.220
30.220
30.208
30.208
30.208
30.208
30.163
30.163
30.163
30.163
30.175
30.175
30.175
30.163
30.163
30.163
30.163
30.186
30.186
30.186
30.186
30.242
30.242
30.242
30.242
30.197
30.197
30.197
30.197
30.152
30.152
30.152
30.163
30.163
30.163
30.163
30.130
30.130
30.130
30.130
30.152
30.152
30.152
30.152
30.152
30.152
30.152
30.152
30.175
30.175
30.175
30.152
30.152
30.152
30.152
30.187
30.187
30.187
30.187
30.175
30.175
30.175
30.175
30.208
30.208
30.208
30.163
30.163
30.163
30.163
30.163
30.163
30.163
30.163
30.163
30.163
30.163
30.163
30.175
30.175
30.175
30.175
30.174
30.174
30.174
30.107
30.107
30.107
30.107
30.152
30.152
30.152
30.152
30.196
30.196
30.196
30.196
30.130
30.130
30.130
30.130
30.130
30.130
30.130
30.208
30.208
30.208
30.208
30.197
30.197
30.197
30.197
30.163
30.163
30.163
30.163
30.175
30.175
30.175
30.107
30.107
30.107
30.107
30.197
30.197
30.197
30.197
30.084
30.084
30.084
30.084
30.208
30.208
30.208
30.208
30.130
30.130
30.130
30.152
30.152
30.152
30.152
30.163
30.163
30.163
30.163
30.152
30.152
30.152
30.152
30.141
30.141
30.141
30.141
30.220
30.220
30.220
30.208
30.208
30.208
30.208
30.208
30.208
30.208
30.208
30.175
30.175
30.175
30.175
30.220
30.220
30.220
30.220
30.118
30.118
30.118
30.197
30.197
30.197
30.197
30.141
30.141
30.141
30.141
30.186
30.186
30.186
30.186
30.197
30.197
30.197
30.118
30.118
30.118
30.118
30.175
30.175
30.175
30.175
30.131
30.131
30.131
30.131
30.141
30.141
30.141
30.141
30.197
30.197
30.197
30.164
30.164
30.164
30.164
30.208
30.208
30.208
30.208
30.186
30.186
30.186
30.186
30.130
30.130
30.130
30.130
30.107
30.107
30.107
30.152
30.152
30.152
30.152
30.186
30.186
30.186
30.186
30.264
30.264
30.264
30.264
30.118
30.118
30.118
30.163
30.163
30.163
30.163
30.152
30.152
30.152
30.152
30.197
30.197
30.197
30.197
30.186
30.186
30.186
30.186
30.163
30.163
30.163
30.152
30.152
30.152
30.152
30.186
30.186
30.186
30.186
30.141
30.141
30.141
30.141
30.052
30.052
30.052
30.052
30.186
30.186
30.186
30.186
30.186
30.186
30.186
30.175
30.175
30.175
30.175
30.130
30.130
30.130
30.130
30.163
30.163
30.163
30.175
30.175
30.175
30.175
30.152
30.152
30.152
30.152
30.163
30.163
30.163
30.163
30.118
30.118
30.118
30.118
30.186
30.186
30.186
30.175
30.175
30.175
30.175
30.175
30.175
30.175
30.175
30.163
30.163
30.163
30.163
30.152
30.152
30.152
30.152
30.186
30.186
30.186
30.152
30.152
30.152
30.152
30.142
30.142
30.142
30.142
30.163
30.163
30.163
30.163
30.096
30.096
30.096
30.096
30.130
30.130
30.130
30.175
30.175
30.175
30.175
30.142
30.142
30.142
30.142
30.197
30.197
30.197
30.197
30.187
30.187
30.187
30.107
30.107
30.107
30.107
30.186
30.186
30.186
30.186
30.142
30.142
30.142
30.142
30.152
30.152
30.152
30.152
30.186
30.186
30.186
30.209
30.209
30.209
30.209
30.141
30.141
30.141
30.141
30.141
30.141
30.141
30.141
30.141
30.141
30.141
30.141
30.163
30.163
30.163
30.208
30.208
30.208
30.208
30.141
30.141
30.141
30.141
30.175
30.175
30.175
30.175
30.186
30.186
30.186
30.152
30.152
30.152
30.152
30.163
30.163
30.163
30.163
30.152
30.152
30.152
30.152
30.131
30.131
30.131
30.131
30.163
30.163
30.163
30.119
30.119
30.119
30.119
30.152
30.152
30.152
30.152
30.107
30.107
30.107
30.107
30.164
30.164
30.164
30.142
30.141
30.141
30.141
30.187
30.187
30.187
30.187
30.176
30.176
30.176
30.176
30.131
30.131
30.131
30.131
30.220
30.220
30.220
30.131
30.131
30.131
30.131
30.242
30.242
30.242
30.242
30.175
30.175
30.175
30.175
30.187
30.187
30.187
30.164
30.164
30.164
30.164
30.175
30.175
30.175
30.175
30.175
30.175
30.175
30.175
30.141
30.141
30.141
30.141
30.141
30.141
30.141
30.165
30.165
30.165
30.165
30.175
30.175
30.175
30.175
30.152
30.152
30.152
30.152
30.152
30.152
30.152
30.220
30.220
30.220
30.220
30.175
30.175
30.175
30.175
30.186
30.186
30.186
30.186
30.187
30.187
30.187
30.187
30.130
30.130
30.130
30.187
30.187
30.187
30.187
30.141
30.141
30.141
30.141
30.163
30.163
30.163
30.163
30.108
30.108
30.108
30.152
30.152
30.152
30.152
30.119
30.119
30.119
30.119
30.141
30.141
30.141
30.141
30.163
30.163
30.163
30.163
30.141
30.141
30.141
30.197
30.197
30.197
30.197
30.208
30.208
30.208
30.208
30.152
30.152
30.152
30.152
30.141
30.141
30.141
30.175
30.175
30.175
30.175
30.142
30.142
30.142
30.142
30.130
30.130
30.130
30.130
30.164
30.164
30.164
30.164
30.197
30.197
30.197
30.209
30.209
30.209
30.209
30.142
30.142
30.142
30.142
30.163
30.163
30.163
30.163
30.163
30.163
30.163
30.163
30.164
30.164
30.164
30.152
30.152
30.152
30.152
30.175
30.175
30.175
30.175
30.242
30.242
30.242
30.242
30.130
30.130
30.130
30.197
30.197
30.197
30.197
30.142
30.142
30.142
30.142
30.186
30.186
30.186
30.186
30.220
30.220
30.220
30.163
30.163
30.163
30.163
30.131
30.131
30.131
30.131
30.130
30.130
30.130
30.130
30.186
30.186
30.186
30.186
30.186
30.186
30.186
30.197
30.197
30.197
30.197
30.152
30.152
30.152
30.152
30.186
30.186
30.186
30.186
30.220
30.220
30.220
30.163
30.164
30.164
30.164
30.152
30.152
30.152
30.152
30.186
30.186
30.186
30.186
30.230
30.230
30.230
30.230
30.175
30.175
30.175
30.197
30.197
30.197
30.197
30.175
30.175
30.175
30.175
30.187
30.187
30.187
30.187
30.152
30.152
30.152
30.175
30.175
30.175
30.175
30.197
30.197
30.197
30.197
30.186
30.186
30.186
30.186
30.152
30.152
30.152
30.152
30.163
30.163
30.163
30.230
30.230
30.230
30.230
30.175
30.175
30.175
30.175
30.197
30.197
30.197
30.197
30.209
30.209
30.209
30.197
30.197
30.197
30.197
30.198
30.198
30.198
30.198
30.197
30.197
30.197
30.197
30.141
30.141
30.141
30.141
30.186
30.186
30.186
30.152
30.152
30.152
30.152
30.142
30.142
30.142
30.142
30.141
30.141
30.141
30.141
30.208
30.208
30.208
30.130
30.130
30.130
30.130
30.163
30.163
30.163
30.163
30.175
30.175
30.175
30.175
30.152
30.152
30.152
30.152
30.141
30.141
30.141
30.187
30.187
30.187
30.187
30.197
30.197
30.197
30.197
30.164
30.164
30.164
30.164
30.187
30.187
30.187
30.164
30.164
30.164
30.164
30.152
30.152
30.152
30.152
30.220
30.220
30.220
30.220
30.163
30.163
30.163
30.163
30.152
30.152
30.152
30.209
30.209
30.209
30.209
30.197
30.197
30.197
30.197
30.119
30.119
30.119
30.119
30.209
30.209
30.209
30.197
30.198
30.198
30.198
30.164
30.164
30.164
30.164
30.152
30.152
30.152
30.152
30.130
30.130
30.130
30.130
30.186
30.186
30.186
30.175
30.175
30.175
30.175
30.096
30.096
30.096
30.096
30.175
30.175
30.175
30.175
30.187
30.187
30.187
30.187
30.187
30.187
30.187
30.152
30.152
30.152
30.152
30.175
30.175
30.175
30.175
30.163
30.163
30.163
30.163
30.152
30.152
30.152
30.164
30.164
30.164
30.164
30.175
30.175
30.175
30.175
30.175
30.175
30.175
30.175
30.142
30.142
30.142
30.152
30.152
30.152
30.152
30.220
30.220
30.220
30.220
30.175
30.175
30.175
30.175
30.253
30.253
30.253
30.253
30.164
30.164
30.164
30.165
30.165
30.165
30.165
30.242
30.242
30.242
30.242
30.152
30.152
30.152
30.152
30.197
30.197
30.197
30.197
30.197
30.197
30.197
30.187
30.187
30.187
30.187
30.175
30.175
30.175
30.175
30.187
30.187
30.187
30.187
30.175
30.175
30.175
30.187
30.187
30.187
30.187
30.175
30.175
30.175
30.175
30.186
30.186
30.186
30.186
30.186
30.186
30.186
30.197
30.197
30.197
30.197
30.175
30.175
30.175
30.175
30.231
30.231
30.231
30.231
30.163
30.163
30.163
30.163
30.175
30.175
30.175
30.175
30.175
30.175
30.175
30.164
30.164
30.164
30.164
30.152
30.152
30.152
30.152
30.141
30.141
30.141
30.187
30.187
30.187
30.187
30.164
30.164
30.164
30.164
30.175
30.175
30.175
30.175
30.164
30.164
30.164
30.164
30.186
30.186
30.186
30.175
30.175
30.175
30.175
30.197
30.197
30.197
30.197
30.187
30.187
30.187
30.187
30.175
30.175
30.175
30.187
30.187
30.187
30.187
30.108
30.108
30.108
30.108
30.164
30.164
30.164
30.164
30.220
30.220
30.220
30.220
30.197
30.197
30.197
30.175
30.175
30.175
30.175
30.164
30.164
30.164
30.164
30.220
30.220
30.220
30.220
30.220
30.220
30.220
30.209
30.209
30.209
30.209
30.187
30.187
30.187
30.187
30.152
30.152
30.152
30.152
30.197
30.197
30.197
30.197
30.197
30.197
30.197
30.153
30.153
30.153
30.153
30.130
30.130
30.130
30.130
30.286
30.286
30.286
30.286
30.163
30.163
30.163
30.163
30.163
30.163
30.163
30.164
30.164
30.164
30.164
30.187
30.187
30.187
30.187
30.164
30.164
30.164
30.164
30.163
30.163
30.163
30.197
30.197
30.197
30.197
30.152
30.152
30.152
30.152
30.197
30.197
30.197
30.197
30.164
30.164
30.164
30.142
30.142
30.142
30.142
30.131
30.131
30.131
30.131
30.086
30.086
30.086
30.086
30.187
30.187
30.187
30.187
30.197
30.197
30.197
30.130
30.130
30.130
30.130
30.186
30.186
30.186
30.186
30.187
30.187
30.187
30.187
30.164
30.164
30.164
30.198
30.198
30.198
30.198
30.175
30.175
30.175
30.175
30.175
30.175
30.175
30.175
30.164
30.164
30.164
30.164
30.175
30.175
30.175
30.164
30.164
30.164
30.164
30.097
30.097
30.097
30.097
30.175
30.175
30.175
30.175
30.142
30.142
30.142
30.208
30.208
30.208
30.208
30.187
30.187
30.187
30.187
30.208
30.208
30.208
30.208
30.152
30.152
30.152
30.152
30.230
30.230
30.230
30.152
30.152
30.152
30.152
30.197
30.197
30.197
30.197
30.175
30.175
30.175
30.175
30.175
30.175
30.175
30.142
30.142
30.142
30.142
30.175
30.175
30.175
30.175
30.197
30.197
30.197
30.197
30.107
30.107
30.107
30.107
30.186
30.186
30.186
30.186
30.186
30.186
30.186
30.107
30.107
30.107
30.107
30.163
30.163
30.163
30.163
30.197
30.197
30.197
30.164
30.164
30.164
30.164
30.118
30.118
30.118
30.118
30.141
30.141
30.141
30.141
30.197
30.197
30.197
30.197
30.152
30.152
30.152
30.197
30.197
30.197
30.197
30.208
30.208
30.208
30.208
30.220
30.220
30.220
30.220
30.118
30.118
30.118
30.175
30.175
30.175
30.175
30.131
30.131
30.131
30.131
30.163
30.163
30.163
30.163
30.175
30.175
30.175
30.175
30.186
30.186
30.186
30.164
30.164
30.164
30.164
30.130
30.130
30.130
30.130
30.142
30.142
30.142
30.142
30.163
30.163
30.163
30.175
30.175
30.175
30.175
30.085
30.085
30.085
30.085
30.175
30.175
30.175
30.175
30.130
30.130
30.130
30.130
30.163
30.163
30.163
30.187
30.187
30.187
30.187
30.141
30.141
30.141
30.141
30.108
30.108
30.108
30.108
30.152
30.152
30.152
30.119
30.118
30.118
30.118
30.186
30.186
30.186
30.186
30.152
30.152
30.152
30.152
30.131
30.131
30.131
30.131
30.119
30.119
30.119
30.153
30.153
30.153
30.153
30.131
30.131
30.131
30.131
30.197
30.197
30.197
30.197
30.131
30.131
30.131
30.164
30.164
30.164
30.164
30.120
30.120
30.120
30.120
30.119
30.119
30.119
30.119
30.175
30.175
30.175
30.175
30.186
30.186
30.186
30.164
30.164
30.164
30.164
30.152
30.152
30.152
30.152
30.141
30.141
30.141
30.141
30.152
30.152
30.152
30.142
30.142
30.142
30.142
30.163
30.163
30.163
30.163
30.141
30.141
30.141
30.141
30.152
30.152
30.152
30.152
30.152
30.152
30.152
30.152
30.152
30.152
30.152
30.220
30.220
30.220
30.220
30.131
30.131
30.131
30.131
30.086
30.086
30.086
30.097
30.097
30.097
30.097
30.142
30.142
30.142
30.142
30.197
30.197
30.197
30.197
30.152
30.152
30.152
30.152
30.175
30.175
30.175
30.131
30.131
30.131
30.131
30.131
30.131
30.131
30.131
30.175
30.175
30.175
30.175
30.142
30.142
30.142
30.131
30.131
30.131
30.131
30.197
30.197
30.197
30.197
30.142
30.142
30.142
30.142
30.175
30.175
30.175
30.175
30.118
30.118
30.118
30.186
30.186
30.186
30.186
30.118
30.118
30.118
30.118
30.175
30.175
30.175
30.175
30.097
30.097
30.097
30.208
30.208
30.208
30.208
30.086
30.086
30.086
30.086
30.131
30.131
30.131
30.131
30.152
30.152
30.152
30.152
30.141
30.141
30.141
30.152
30.152
30.152
30.152
30.131
30.131
30.131
30.131
30.142
30.142
30.142
30.142
30.197
30.197
30.197
30.131
30.131
30.131
30.131
30.187
30.187
30.187
30.187
30.164
30.164
30.164
30.164
30.141
30.141
30.141
30.141
30.220
30.220
30.220
30.118
30.118
30.118
30.118
30.130
30.130
30.130
30.130
30.052
30.052
30.052
30.052
30.209
30.209
30.209
30.131
30.131
30.131
30.131
30.096
30.096
30.096
30.096
30.152
30.152
30.152
30.152
30.141
30.141
30.141
30.141
30.130
30.130
30.130
30.142
30.142
30.142
30.142
30.175
30.175
30.175
30.175
30.152
30.152
30.152
30.152
30.208
30.208
30.208
30.107
30.108
30.108
30.108
30.152
30.152
30.152
30.152
30.119
30.119
30.119
30.119
30.164
30.164
30.164
30.164
30.141
30.141
30.141
30.086
30.086
30.086
30.086
30.187
30.187
30.187
30.187
30.119
30.119
30.119
30.119
30.097
30.097
30.097
30.131
30.131
30.131
30.131
30.187
30.187
30.187
30.187
30.164
30.164
30.164
30.164
30.141
30.141
30.141
30.141
30.130
30.130
30.130
30.152
30.152
30.152
30.152
30.187
30.187
30.187
30.187
30.152
30.152
30.152
30.152
30.142
30.142
30.142
30.142
30.141
30.141
30.141
30.119
30.119
30.119
30.119
30.142
30.142
30.142
30.142
30.141
30.141
30.141
30.141
30.175
30.175
30.175
30.119
30.119
30.119
30.119
30.152
30.152
30.152
30.152
30.152
30.152
30.152
30.152
30.163
30.163
30.163
30.163
30.175
30.175
30.175
30.142
30.142
30.142
30.142
30.119
30.119
30.119
30.119
30.164
30.164
30.164
30.164
30.175
30.175
30.175
30.143
30.143
30.143
30.143
30.152
30.152
30.152
30.152
30.231
30.231
30.231
30.231
30.142
30.142
30.142
30.142
30.220
30.220
30.220
30.187
30.187
30.187
30.187
30.141
30.141
30.141
30.141
30.187
30.187
30.187
30.187
30.141
30.141
30.141
30.175
30.175
30.175
30.175
30.163
30.163
30.163
30.163
30.152
30.152
30.152
30.152
30.152
30.152
30.152
30.164
30.163
30.163
30.163
30.142
30.142
30.142
30.142
30.186
30.186
30.186
30.186
30.142
30.142
30.142
30.142
30.097
30.097
30.097
30.164
30.164
30.164
30.164
30.164
30.164
30.164
30.164
30.108
30.108
30.108
30.108
30.118
30.118
30.118
30.118
30.118
30.118
30.118
30.152
30.152
30.152
30.152
30.141
30.141
30.141
30.141
30.141
30.141
30.141
30.141
30.085
30.085
