100859.718
100856.429
100856.429
100856.429
100856.429
100857.656
100857.656
100857.656
100857.656
100861.195
100861.195
100861.195
100861.195
100860.187
100860.187
100860.187
100860.187
100861.468
100861.468
100861.468
100861.812
100861.812
100861.812
100861.812
100859.937
100859.937
100859.937
100859.937
100856.820
100856.820
100856.820
100856.820
100858.578
100858.578
100858.578
100858.578
100866.250
100866.250
100866.250
100860.812
100860.812
100860.812
100860.812
100854.859
100854.859
100854.859
100854.859
100866.164
100866.164
100866.164
100866.164
100861.250
100861.250
100861.250
100861.250
100861.656
100861.656
100861.656
100864.804
100864.804
100864.804
100864.804
100865.242
100865.242
100865.242
100865.242
100864.804
100864.804
100864.804
100864.804
100862.523
100862.523
100862.523
100855.734
100856.570
100856.570
100856.570
100856.171
100856.171
100856.171
100856.171
100859.281
100859.281
100859.281
100859.281
100857.093
100857.093
100857.093
100857.093
100862.000
100862.000
100862.000
100855.648
100855.648
100855.648
100855.648
100857.921
100857.921
100857.921
100857.921
100859.804
100859.804
100859.804
100859.804
100859.281
100859.281
100859.281
100859.281
100855.218
100855.218
100855.218
100861.078
100861.078
100861.078
100861.078
100857.921
100857.921
100857.921
100857.921
100857.531
100857.531
100857.531
100857.531
100860.242
100860.242
100860.242
100860.242
100860.640
100860.640
100860.640
100856.171
100856.171
100856.171
100856.171
100861.164
100861.164
100861.164
100861.164
100860.242
100860.242
100860.242
100860.242
100864.312
100864.312
100864.312
100865.242
100865.242
100865.242
100865.242
100855.648
100855.648
100855.648
100855.648
100864.234
100864.234
100864.234
100864.234
100854.812
100854.812
100854.812
100854.812
100863.882
100863.882
100863.882
100859.375
100859.375
100859.375
100859.375
100860.296
100860.296
100860.296
100860.296
100862.085
100862.085
100862.085
100862.085
100864.804
100864.804
100864.804
100864.804
100861.250
100861.250
100861.250
100859.375
100859.375
100859.375
100859.375
100859.375
100859.375
100859.375
100859.375
100858.531
100858.531
100858.531
100858.531
100863.445
100863.445
100863.445
100855.296
100855.296
100855.296
100855.296
100860.734
100860.734
100860.734
100860.734
100859.375
100859.375
100859.375
100859.375
100856.656
100856.656
100856.656
100856.656
100861.656
100861.656
100861.656
100863.015
100863.015
100863.015
100863.015
100856.218
100856.218
100856.218
100856.218
100855.812
100855.812
100855.812
100855.812
100861.656
100861.656
100861.656
100861.656
100863.445
100863.445
100863.445
100859.804
100859.804
100859.804
100859.804
100860.296
100860.296
100860.296
100860.296
100861.656
100861.656
100861.656
100861.656
100857.578
100857.578
100857.578
100857.578
100861.078
100861.078
100861.078
100858.367
100858.367
100858.367
100858.367
100862.000
100862.000
100862.000
100862.000
100859.281
100859.281
100859.281
100859.281
100865.156
100865.156
100865.156
100861.078
100861.078
100861.078
100861.078
100863.796
100863.796
100863.796
100863.796
100862.437
100862.437
100862.437
100862.437
100862.437
100862.437
100862.437
100862.437
100862.000
100862.000
100862.000
100859.726
100859.726
100859.726
100859.726
100862.437
100862.437
100862.437
100862.437
100864.234
100864.234
100864.234
100864.234
100869.234
100869.234
100869.234
100869.234
100860.640
100860.640
100860.640
100860.156
100860.156
100860.156
100860.156
100860.640
100860.640
100860.640
100860.640
100862.000
100862.000
100862.000
100862.000
100866.078
100866.078
100866.078
100860.640
100861.078
100861.078
100861.078
100866.953
100866.953
100866.953
100866.953
100863.796
100863.796
100863.796
100863.796
100862.437
100862.437
100862.437
100862.437
100865.156
100865.156
100865.156
100858.367
100858.367
100858.367
100858.367
100862.437
100862.437
100862.437
100862.437
100862.000
100862.000
100862.000
100862.000
100858.367
100858.367
100858.367
100858.367
100866.515
100866.515
100866.515
100864.718
100864.718
100864.718
100864.718
100860.242
100860.242
100860.242
100860.242
100864.718
100864.718
100864.718
100864.718
100861.078
100861.078
100861.078
100861.078
100860.242
100860.242
100860.242
100865.156
100865.156
100865.156
100865.156
100861.078
100861.078
100861.078
100861.078
100866.515
100866.515
100866.515
100866.515
100863.796
100863.796
100863.796
100860.156
100860.156
100860.156
100860.156
100865.593
100865.593
100865.593
100865.593
100860.640
100860.640
100860.640
100860.640
100858.890
100858.890
100858.890
100858.890
100862.953
100862.953
100862.953
100865.156
100865.156
100865.156
100865.156
100863.796
100863.796
100863.796
100863.796
100857.921
100857.921
100857.921
100857.921
100861.515
100861.515
100861.515
100861.515
100862.437
100862.437
100862.437
100860.156
100860.156
100860.156
100860.156
100860.156
100860.156
100860.156
100860.156
100861.078
100861.078
100861.078
100861.078
100863.359
100863.359
100863.359
100867.031
100867.031
100867.031
100867.031
100868.312
100868.312
100868.312
100868.312
100866.953
100866.953
100866.953
100866.953
100863.359
100863.359
100863.359
100863.359
100865.593
100865.593
100865.593
100863.796
100863.796
100863.796
100863.796
100861.078
100861.078
100861.078
100861.078
100864.234
100864.234
100864.234
100864.234
100863.796
100863.796
100863.796
100863.796
100862.000
100862.000
100862.000
100864.234
100864.234
100864.234
100864.234
100858.367
100858.367
100858.367
100858.367
100862.000
100862.000
100862.000
100862.000
100863.359
100863.359
100863.359
100861.078
100861.078
100861.078
100861.078
100866.078
100866.078
100866.078
100866.078
100859.726
100859.726
100859.726
100859.726
100862.437
100862.437
100862.437
100862.437
100865.156
100865.156
100865.156
100860.640
100860.640
100860.640
100860.640
100863.796
100863.796
100863.796
100863.796
100859.726
100859.726
100859.726
100859.726
100860.156
100860.156
100860.156
100860.156
100862.437
100862.437
100862.437
100866.953
100866.953
100866.953
100866.953
100864.234
100864.234
100864.234
100864.234
100859.726
100859.726
100859.726
100859.726
100861.515
100861.515
100861.515
100866.078
100866.078
100866.078
100866.078
100865.593
100865.593
100865.593
100865.593
100867.796
100867.796
100867.796
100867.796
100865.593
100865.593
100865.593
100865.593
100866.031
100866.031
100866.031
100863.312
100863.312
100863.312
100863.312
100864.234
100864.234
100864.234
100864.234
100861.078
100861.078
100861.078
100861.078
100858.796
100858.796
100858.796
100864.671
100864.671
100864.671
100864.671
100861.515
100861.515
100861.515
100861.515
100866.953
100866.953
100866.953
100866.953
100867.437
100867.437
100867.437
100867.437
100863.796
100863.796
100863.796
100862.796
100862.796
100862.796
100862.796
100864.234
100864.234
100864.234
100864.234
100866.031
100866.031
100866.031
100866.031
100864.234
100864.234
100864.234
100864.234
100864.234
100864.234
100864.234
100866.953
100866.953
100866.953
100866.953
100861.078
100861.078
100861.078
100861.078
100862.875
100862.875
100862.875
100862.875
100862.000
100862.000
100862.000
100858.796
100858.796
100858.796
100858.796
100858.367
100858.367
100858.367
100858.367
100864.718
100864.718
100864.718
100864.718
100864.234
100864.234
100864.234
100865.593
100865.593
100865.593
100865.593
100860.156
100860.156
100860.156
100860.156
100863.796
100863.796
100863.796
100863.796
100863.796
100863.796
100863.796
100861.078
100860.640
100860.640
100860.640
100862.437
100862.437
100862.437
100862.437
100864.718
100864.718
100864.718
100864.718
100862.437
100862.437
100862.437
100862.437
100864.718
100864.718
100864.718
100862.875
100862.875
100862.875
100862.875
100865.593
100865.593
100865.593
100865.593
100862.000
100862.000
100862.000
100862.000
100862.875
100862.875
100862.875
100866.953
100866.515
100866.515
100866.515
100865.593
100865.593
100865.593
100865.593
100860.593
100860.593
100860.593
100860.593
100863.796
100863.796
100863.796
100863.796
100863.796
100863.796
100863.796
100861.515
100861.515
100861.515
100861.515
100864.234
100864.234
100864.234
100864.234
100867.875
100867.875
100867.875
100867.875
100866.515
100866.515
100866.515
100865.156
100864.718
100864.718
100864.718
100860.593
100860.593
100860.593
100860.593
100864.234
100864.234
100864.234
100864.234
100865.156
100865.156
100865.156
100865.156
100862.000
100862.000
100862.000
100865.156
100865.156
100865.156
100865.156
100861.515
100861.515
100861.515
100861.515
100861.601
100861.601
100861.601
100861.601
100867.875
100867.875
100867.875
100867.875
100863.796
100863.796
100863.796
100866.953
100866.953
100866.953
100866.953
100862.875
100862.875
100862.875
100862.875
100863.359
100863.359
100863.359
100863.359
100869.234
100869.234
100869.234
100866.953
100866.953
100866.953
100866.953
100866.953
100866.953
100866.953
100866.953
100865.156
100865.156
100865.156
100865.156
100865.156
100865.156
100865.156
100865.156
100861.078
100861.078
100861.078
100861.953
100861.953
100861.953
100861.953
100863.312
100863.312
100863.312
100863.312
100866.953
100866.953
100866.953
100866.953
100866.515
100866.515
100866.515
100864.234
100864.234
100864.234
100864.234
100859.726
100859.726
100859.726
100859.726
100866.515
100866.515
100866.515
100866.515
100861.078
100861.078
100861.078
100861.078
100863.796
100863.796
100863.796
100859.726
100859.726
100859.726
100859.726
100868.312
100868.312
100868.312
100868.312
100862.437
100862.437
100862.437
100862.437
100864.234
100864.234
100864.234
100865.593
100865.593
100865.593
100865.593
100865.078
100865.078
100865.078
100865.078
100864.718
100864.718
100864.718
100864.718
100867.875
100867.875
100867.875
100867.875
100859.726
100859.726
100859.726
100867.390
100867.390
100867.390
100867.390
100861.515
100861.515
100861.515
100861.515
100862.437
100862.437
100862.437
100862.437
100865.156
100865.156
100865.156
100858.367
100858.367
100858.367
100858.367
100865.156
100865.156
100865.156
100865.156
100864.234
100864.234
100864.234
100864.234
100867.390
100867.390
100867.390
100867.390
100862.437
100862.437
100862.437
100863.312
100863.312
100863.312
100863.312
100864.234
100864.234
100864.234
100864.234
100860.593
100860.593
100860.593
100860.593
100858.796
100858.796
100858.796
100866.031
100866.031
100866.031
100866.031
100862.875
100862.875
100862.875
100862.875
100865.593
100865.593
100865.593
100865.593
100863.796
100863.796
100863.796
100863.796
100864.234
100864.234
100864.234
100870.109
100870.109
100870.109
100870.109
100870.109
100870.109
100870.109
100870.109
100867.390
100867.390
100867.390
100867.390
100867.390
100867.390
100867.390
100863.718
100863.718
100863.718
100863.718
100864.234
100864.234
100864.234
100864.234
100866.953
100866.953
100866.953
100866.953
100867.875
100867.875
100867.875
100867.875
100859.726
100859.726
100859.726
100864.234
100864.234
100864.234
100864.234
100861.078
100861.078
100861.078
100861.078
100865.156
100865.156
100865.156
100865.156
100864.671
100864.671
100864.671
100858.796
100858.796
100858.796
100858.796
100865.593
100865.593
100865.593
100865.593
100863.312
100863.312
100863.312
100863.312
100861.078
100861.078
100861.078
100861.078
100862.875
100862.875
100862.875
100864.234
100864.234
100864.234
100864.234
100864.234
100864.234
100864.234
100864.234
100863.796
100863.796
100863.796
100863.796
100866.031
100866.031
100866.031
100868.312
100868.312
100868.312
100868.312
100860.156
100860.156
100860.156
100860.156
100863.796
100863.796
100863.796
100863.796
100863.359
100863.359
100863.359
100863.359
100867.390
100867.390
100867.390
100859.640
100859.640
100859.640
100859.640
100865.593
100865.593
100865.593
100865.593
100864.718
100864.718
100864.718
100864.718
100865.593
100865.593
100865.593
100861.953
100861.953
100861.953
100861.953
100861.515
100861.515
100861.515
100861.515
100864.234
100864.234
100864.234
100864.234
100864.234
100864.234
100864.234
100864.234
100864.234
100864.234
100864.234
100865.593
100865.593
100865.593
100865.593
100861.078
100861.078
100861.078
100861.078
100862.000
100862.000
100862.000
100862.000
100862.437
100862.437
100862.437
100862.437
100862.437
100862.437
100862.437
100861.515
100861.515
100861.515
100861.515
100860.156
100860.156
100860.156
100860.156
100862.437
100862.437
100862.437
100865.156
100864.718
100864.718
100864.718
100861.515
100861.515
100861.515
100861.515
100862.875
100862.875
100862.875
100862.875
100866.515
100866.515
100866.515
100866.515
100863.796
100863.796
100863.796
100863.312
100863.312
100863.312
100863.312
100864.671
100864.671
100864.671
100864.671
100860.156
100860.156
100860.156
100860.156
100861.515
100861.515
100861.515
100860.156
100859.726
100859.726
100859.726
100854.726
100854.726
100854.726
100854.726
100862.875
100862.875
100862.875
100862.875
100864.671
100864.671
100864.671
100864.671
100861.515
100861.515
100861.515
100858.281
100858.281
100858.281
100858.281
100864.671
100864.671
100864.671
100864.671
100866.953
100866.953
100866.953
100866.953
100866.031
100866.031
100866.031
100864.671
100864.234
100864.234
100864.234
100861.515
100861.515
100861.515
100861.515
100864.234
100864.234
100864.234
100864.234
100866.953
100866.953
100866.953
100866.953
100861.078
100861.078
100861.078
100864.234
100864.234
100864.234
100864.234
100864.234
100864.234
100864.234
100864.234
100862.437
100862.437
100862.437
100862.437
100860.156
100860.156
100860.156
100865.593
100866.031
100866.031
100866.031
100865.078
100865.078
100865.078
100865.078
100862.437
100862.437
100862.437
100862.437
100866.078
100866.078
100866.078
100866.078
100858.367
100858.367
100858.367
100859.726
100859.726
100859.726
100859.726
100860.156
100860.156
100860.156
100860.156
100867.390
100867.390
100867.390
100867.390
100865.593
100865.593
100865.593
100862.875
100862.437
100862.437
100862.437
100862.000
100862.000
100862.000
100862.000
100866.515
100866.515
100866.515
100866.515
100865.593
100865.593
100865.593
100865.593
100864.234
100864.234
100864.234
100862.875
100862.875
100862.875
100862.875
100864.671
100864.671
100864.671
100864.671
100861.953
100861.953
100861.953
100861.953
100862.875
100862.875
100862.875
100869.671
100869.234
100869.234
100869.234
100861.078
100861.078
100861.078
100861.078
100865.156
100865.156
100865.156
100865.156
100868.312
100868.312
100868.312
100868.312
100861.515
100861.515
100861.515
100865.078
100865.078
100865.078
100865.078
100867.390
100867.390
100867.390
100867.390
100862.875
100862.875
100862.875
100862.875
100866.953
100866.953
100866.953
100864.234
100864.234
100864.234
100864.234
100866.031
100866.031
100866.031
100866.031
100860.156
100860.156
100860.156
100860.156
100864.671
100864.671
100864.671
100864.671
100865.593
100865.593
100865.593
100862.437
100862.437
100862.437
100862.437
100862.875
100862.875
100862.875
100862.875
100861.601
100861.601
100861.601
100861.601
100866.078
100866.078
100866.078
100866.078
100866.078
100866.078
100866.078
100866.515
100866.515
100866.515
100866.515
100867.437
100867.437
100867.437
100867.437
100863.312
100863.312
100863.312
100863.312
100868.312
100868.312
100868.312
100861.515
100861.515
100861.515
100861.515
100866.515
100866.515
100866.515
100866.515
100862.437
100862.437
100862.437
100862.437
100866.515
100866.515
100866.515
100862.437
100862.437
100862.437
100862.437
100865.156
100865.156
100865.156
100865.156
100859.804
100859.804
100859.804
100859.804
100862.085
100862.085
100862.085
100862.085
100861.164
100861.164
100861.164
100858.796
100858.796
100858.796
100858.796
100865.156
100865.156
100865.156
100865.156
100866.078
100866.078
100866.078
100866.078
100868.796
100868.796
100868.796
100868.796
100861.164
100861.164
100861.164
100863.796
100863.796
100863.796
100863.796
100862.437
100862.437
100862.437
100862.437
100866.953
100866.953
100866.953
100866.953
100870.593
100870.593
100870.593
100863.312
100863.312
100863.312
100863.312
100863.312
100863.312
100863.312
100863.312
100862.000
100862.000
100862.000
100862.000
100857.445
100857.445
100857.445
100857.445
100862.437
100862.437
100862.437
100866.031
100866.031
100866.031
100866.031
100865.156
100865.156
100865.156
100865.156
100864.671
100864.671
100864.671
100864.671
100860.242
100860.242
100860.242
100863.359
100863.359
100863.359
100863.359
100862.523
100862.523
100862.523
100862.523
100868.390
100868.390
100868.390
100868.390
100867.523
100867.523
100867.523
100867.523
100866.515
100866.515
100866.515
100865.593
100865.593
100865.593
100865.593
100870.593
100870.593
100870.593
100870.593
100862.875
100862.875
100862.875
100862.875
100864.234
100864.234
100864.234
100863.359
100863.359
100863.359
100863.359
100863.796
100863.796
100863.796
100863.796
100859.726
100859.726
100859.726
100859.726
100867.390
100867.390
100867.390
100867.390
100864.234
100864.234
100864.234
100867.796
100867.796
100867.796
100867.796
100865.078
100865.078
100865.078
100865.078
100870.109
100870.109
100870.109
100870.109
100868.312
100868.312
100868.312
100864.234
100864.234
100864.234
100864.234
100865.078
100865.078
100865.078
100865.078
100867.390
100867.390
100867.390
100867.390
100868.312
100868.312
100868.312
100868.312
100862.437
100862.437
100862.437
100866.031
100866.031
100866.031
100866.031
100866.953
100866.953
100866.953
100866.953
100865.156
100865.156
100865.156
100865.156
100863.312
100863.312
100863.312
100867.390
100867.390
100867.390
100867.390
100863.796
100863.796
100863.796
100863.796
100859.281
100859.281
100859.281
100859.281
100865.156
100865.156
100865.156
100865.156
100862.000
100862.000
100862.000
100862.875
100862.875
100862.875
100862.875
100864.234
100864.234
100864.234
100864.234
100864.234
100864.234
100864.234
100864.234
100861.953
100861.953
100861.953
100866.031
100866.031
100866.031
100866.031
100866.953
100866.953
100866.953
100866.953
100866.515
100866.515
100866.515
100866.515
100861.078
100861.078
100861.078
100861.078
100866.031
100866.031
100866.031
100863.312
100863.312
100863.312
100863.312
100861.515
100861.515
100861.515
100861.515
100866.953
100866.953
100866.953
100866.953
100861.515
100861.515
100861.515
100864.234
100864.234
100864.234
100864.234
100866.031
100866.031
100866.031
100866.031
100862.875
100862.875
100862.875
100862.875
100861.515
100861.515
100861.515
100864.234
100863.359
100863.359
100863.359
100862.437
100862.437
100862.437
100862.437
100863.359
100863.359
100863.359
100863.359
100863.359
100863.359
100863.359
100863.359
100866.953
100866.953
100866.953
100866.515
100866.515
100866.515
100866.515
100863.312
100863.312
100863.312
100863.312
100864.671
100864.671
100864.671
100864.671
100865.593
100865.593
100865.593
100864.234
100862.953
100862.953
100862.953
100857.007
100857.007
100857.007
100857.007
100865.593
100865.593
100865.593
100865.593
100866.031
100866.031
100866.031
100866.031
100861.515
100861.515
100861.515
100866.437
100866.437
100866.437
100866.437
100860.593
100860.593
100860.593
100860.593
100859.234
100859.234
100859.234
100859.234
100861.078
100861.078
100861.078
100861.078
100861.078
100861.078
100861.078
100863.796
100863.796
100863.796
100863.796
100861.078
100861.078
100861.078
100861.078
100862.437
100862.437
100862.437
100862.437
100870.109
100870.109
100870.109
100862.875
100862.875
100862.875
100862.875
100862.437
100862.437
100862.437
100862.437
100860.640
100860.640
100860.640
100860.640
100866.078
100866.078
100866.078
100866.078
100863.359
100863.359
100863.359
100864.234
100864.234
100864.234
100864.234
100863.796
100863.796
100863.796
100863.796
100863.359
100863.359
100863.359
100863.359
100863.796
100863.796
100863.796
100860.156
100860.156
100860.156
100860.156
100863.312
100863.312
100863.312
100863.312
100858.796
100858.796
100858.796
100858.796
100860.593
100860.593
100860.593
100860.593
100866.515
100866.515
100866.515
100866.953
100866.953
100866.953
100866.953
100864.671
100864.671
100864.671
100864.671
100864.234
100864.234
100864.234
100864.234
100862.875
100862.875
100862.875
100861.515
100861.515
100861.515
100861.515
100864.234
100864.234
100864.234
100864.234
100865.593
100865.593
100865.593
100865.593
100862.000
100862.000
100862.000
100862.000
100859.726
100859.726
100859.726
100863.796
100863.796
100863.796
100863.796
100865.593
100865.593
100865.593
100865.593
100864.234
100864.234
100864.234
100864.234
100865.593
100865.593
100865.593
100863.796
100863.796
100863.796
100863.796
100861.515
100861.515
100861.515
100861.515
100861.515
100861.515
100861.515
100861.515
100861.078
100861.078
100861.078
100861.078
100865.593
100865.593
100865.593
100865.593
100865.593
100865.593
100865.593
100861.953
100861.953
100861.953
100861.953
100868.312
100868.312
100868.312
100868.312
100858.367
100858.367
100858.367
100861.953
100861.953
100861.953
100861.953
100864.234
100864.234
100864.234
100864.234
100864.234
100864.234
100864.234
100864.234
100863.312
100863.312
100863.312
100863.312
100863.312
100863.312
100863.312
100859.640
100859.640
100859.640
100859.640
100858.796
100858.796
100858.796
100858.796
100864.671
100864.671
100864.671
100864.671
100866.953
100866.953
100866.953
100866.953
100866.953
100866.953
100866.953
100865.593
100865.593
100865.593
100865.593
100863.796
100863.796
100863.796
100863.796
100866.953
100866.953
100866.953
100866.953
100863.796
100863.796
100863.796
100864.234
100864.234
100864.234
100864.234
100863.796
100863.796
100863.796
100863.796
100867.875
100867.875
100867.875
100867.875
100862.875
100862.875
100862.875
100861.078
100861.078
100861.078
100861.078
100864.234
100864.234
100864.234
100864.234
100867.875
100867.875
100867.875
100867.875
100864.234
100864.234
100864.234
100864.234
100867.390
100867.390
100867.390
100866.031
100866.031
100866.031
100866.031
100865.593
100865.593
100865.593
100865.593
100865.593
100865.593
100865.593
100865.593
100866.078
100866.078
100866.078
100866.515
100866.515
100866.515
100866.515
100865.593
100865.593
100865.593
100865.593
100863.359
100863.359
100863.359
100863.359
100862.437
100862.437
100862.437
100862.437
100865.671
100865.671
