-40.875
-41.000
-40.875
-40.500
-40.875
-40.875
-42.250
-41.875
-41.625
-0.125
0.125
0.500
1.750
0.750
0.500
1.000
1.375
1.000
1.750
1.000
0.500
0.250
0.000
-1.125
-1.125
-0.625
-1.000
0.375
0.375
1.250
2.125
0.750
0.500
0.500
0.375
0.750
0.375
0.500
0.875
0.500
0.500
-0.875
-0.625
-0.625
-0.625
-1.125
-0.375
0.500
0.375
0.625
0.750
0.500
0.625
0.625
0.875
0.875
0.500
2.625
0.375
0.250
0.000
-0.375
-0.750
-0.375
-0.125
1.750
0.500
0.875
0.625
1.000
2.000
1.875
1.250
3.000
2.500
2.625
2.500
5.000
4.500
6.000
7.375
7.375
8.375
10.250
11.750
11.625
12.125
14.250
14.875
14.625
14.125
14.500
13.500
13.375
13.125
12.625
13.500
13.250
12.625
13.625
14.875
13.750
14.875
15.750
14.625
14.000
15.250
14.000
12.750
12.750
12.500
11.750
11.750
12.875
12.875
13.500
13.750
14.375
14.750
13.500
15.375
13.750
13.375
14.500
14.000
13.750
14.125
13.125
13.750
13.125
13.625
12.125
14.500
13.000
13.375
13.375
13.750
12.625
14.000
14.125
14.625
14.125
12.375
14.375
13.000
13.375
13.000
12.875
14.875
14.750
13.375
13.000
14.500
15.500
13.250
13.625
13.500
14.375
14.875
11.875
12.750
13.375
12.375
13.375
12.875
13.875
13.250
13.375
14.125
13.875
13.750
14.375
14.125
13.875
15.000
15.000
12.625
14.375
14.375
13.250
12.625
12.250
13.625
13.125
14.125
14.125
14.625
13.375
13.500
14.000
14.125
13.875
13.750
12.250
13.250
12.125
13.125
14.625
14.000
14.250
13.125
13.500
13.500
14.500
14.625
13.500
14.375
12.625
13.625
11.625
13.250
14.125
12.125
11.625
13.625
13.875
14.250
14.000
13.500
14.500
14.250
12.750
13.750
14.875
15.125
14.250
13.875
13.875
12.625
11.750
13.125
15.250
14.000
13.750
13.125
13.875
14.625
13.625
13.875
15.500
14.125
12.625
13.750
13.875
12.625
12.875
13.250
14.000
13.500
14.000
14.625
14.500
14.125
13.750
15.000
13.750
13.125
12.375
12.125
12.625
12.750
13.125
13.375
13.750
14.125
15.625
13.625
14.875
14.375
14.000
15.000
12.750
13.625
13.375
13.625
14.875
12.125
13.375
11.750
12.750
14.000
13.125
14.125
14.375
16.250
14.375
14.375
14.000
14.750
14.000
12.875
13.125
12.750
12.250
12.875
12.750
13.250
14.000
14.750
15.625
15.625
15.000
15.250
15.250
14.500
13.625
14.250
12.750
12.250
12.125
11.875
13.750
12.875
14.250
15.250
13.500
14.750
13.875
12.625
14.625
15.125
13.500
15.250
12.875
12.125
14.875
13.125
12.625
12.625
14.125
14.750
15.500
14.125
15.000
14.375
14.750
13.500
12.750
14.875
14.125
12.375
14.125
12.625
12.625
13.625
13.500
14.625
15.375
15.125
16.125
16.250
16.125
15.875
15.500
15.500
15.250
14.500
14.250
14.500
13.375
13.375
15.750
15.625
15.625
16.250
15.375
14.625
15.125
14.625
14.000
14.375
15.750
14.000
13.750
13.875
12.625
14.625
14.375
14.000
13.375
13.500
14.625
14.250
14.125
15.125
13.250
16.250
15.375
15.125
15.000
13.500
14.000
13.250
13.250
12.500
14.125
15.125
14.250
15.125
15.250
15.000
15.125
14.000
13.500
14.500
12.875
13.375
13.000
12.125
13.125
13.625
15.625
15.250
15.500
15.375
14.875
14.125
14.875
14.250
14.750
13.750
14.250
16.125
14.875
12.875
14.375
13.375
12.375
15.250
15.125
14.250
15.000
14.250
15.000
14.500
14.875
13.750
12.750
14.125
11.625
12.875
13.250
12.500
12.875
14.125
15.500
12.875
15.125
16.125
15.250
13.375
14.375
14.375
13.500
13.125
14.250
13.000
13.125
12.000
12.875
13.750
15.000
14.500
16.500
16.625
19.375
18.500
18.000
19.750
20.250
22.375
21.750
24.750
28.500
28.250
29.750
36.125
34.125
36.125
40.625
43.125
43.500
48.000
45.375
46.750
48.375
43.875
46.125
50.000
47.500
49.250
52.250
41.875
54.250
49.875
49.375
52.625
48.875
52.000
54.000
48.875
48.750
51.125
48.875
54.625
52.750
51.500
56.750
45.500
51.000
49.625
52.750
54.375
51.875
49.375
57.375
53.000
49.500
49.250
51.250
51.375
52.875
52.375
54.125
53.375
55.500
56.625
55.125
53.375
54.375
48.750
51.250
45.875
51.375
52.750
50.125
52.375
53.500
49.500
52.000
49.750
52.750
54.125
44.500
49.875
52.875
47.250
48.750
52.250
51.875
49.500
49.500
48.125
52.625
48.875
52.625
51.375
48.500
48.500
49.875
51.250
56.125
48.500
49.000
54.500
49.750
46.875
47.125
43.500
50.875
50.125
52.625
59.125
56.500
57.375
56.625
52.375
53.625
50.625
48.375
53.750
45.250
53.250
50.125
53.125
51.500
51.625
50.750
50.875
47.375
52.500
48.250
49.500
50.375
55.500
50.250
55.000
48.125
47.125
51.750
53.250
50.000
58.125
54.375
50.750
53.250
48.875
52.250
51.375
50.125
50.750
49.000
52.500
53.375
49.625
55.000
47.875
46.125
56.625
49.250
47.875
57.750
48.250
54.375
49.500
48.125
48.375
49.375
41.500
50.500
49.375
48.375
53.000
52.375
51.125
49.875
56.500
51.250
50.750
49.750
58.375
49.500
51.125
59.000
49.625
47.500
54.750
50.250
46.875
49.875
53.250
49.375
45.625
49.625
48.625
48.875
46.875
49.375
50.375
51.125
44.250
46.875
46.250
47.500
48.875
53.250
51.000
48.875
46.875
53.375
51.375
47.500
54.500
51.000
50.375
48.625
46.750
56.125
48.125
47.875
49.500
51.250
46.375
51.750
47.250
50.250
55.500
47.500
46.375
52.625
49.625
47.375
49.250
43.875
51.000
47.000
52.625
50.000
54.750
51.250
52.875
49.000
50.125
49.125
47.875
51.500
46.250
47.125
49.625
50.125
53.250
51.500
51.875
52.000
53.375
50.500
57.875
54.000
51.250
54.375
49.250
50.625
50.625
50.250
53.875
49.250
49.250
53.250
47.000
47.375
52.000
51.250
51.250
53.875
56.750
48.625
51.500
54.750
50.500
42.375
49.500
51.000
52.375
53.000
47.500
53.500
46.125
46.500
48.500
46.125
45.625
47.125
47.000
44.750
49.625
46.000
43.875
45.500
50.500
55.125
46.125
51.750
54.000
47.125
48.750
50.500
46.250
53.875
44.250
46.500
51.750
47.125
45.750
48.875
49.875
51.250
48.375
46.000
49.000
52.625
44.750
51.750
46.125
51.000
51.750
47.500
46.375
47.000
40.875
46.000
51.875
43.750
49.750
46.750
49.250
49.875
48.500
48.125
49.750
48.875
50.750
49.250
44.750
52.375
41.875
48.125
55.500
51.125
51.250
47.625
51.500
55.000
51.500
52.625
55.250
52.125
52.000
52.625
41.625
53.750
51.250
48.750
55.625
54.500
53.875
53.625
59.375
63.750
69.625
65.500
67.000
65.125
69.250
73.000
79.125
77.875
80.875
79.125
88.250
93.500
103.125
95.750
94.000
100.375
106.625
105.875
112.000
108.625
117.625
114.375
117.875
107.750
124.000
128.125
132.750
133.625
131.000
125.375
130.750
148.000
149.500
129.000
123.875
133.750
128.625
123.375
130.000
132.500
135.875
121.625
144.750
129.625
141.625
140.125
134.625
137.750
134.875
133.625
112.375
139.375
133.625
144.750
123.375
133.500
129.125
138.750
133.375
148.500
131.625
137.500
145.625
138.625
137.375
129.875
126.625
141.375
120.875
142.875
130.625
122.625
131.375
128.875
140.250
138.750
130.750
118.625
129.000
120.875
126.500
136.000
129.000
134.250
139.375
118.875
135.750
131.375
128.625
147.625
142.500
147.250
135.750
137.250
128.875
138.625
133.875
132.750
133.250
129.125
132.375
125.625
141.625
136.500
136.125
133.375
138.000
143.125
129.125
133.625
131.500
128.875
139.250
131.625
114.000
135.375
142.000
116.875
133.375
145.625
121.625
125.500
136.250
130.750
122.750
141.625
124.750
116.500
131.625
119.125
119.375
130.250
134.375
141.000
131.250
149.250
129.875
134.125
141.625
129.625
129.125
143.875
131.750
126.375
132.375
134.875
129.125
138.125
140.625
130.375
146.125
151.250
126.875
142.500
126.500
126.375
141.000
141.750
142.125
138.250
135.125
137.625
135.500
119.500
131.375
135.000
130.875
135.125
122.250
131.875
132.625
131.875
132.625
137.500
136.500
140.250
129.625
126.375
133.875
145.375
138.125
142.375
144.750
130.250
129.500
139.500
143.000
124.875
134.000
144.875
139.625
136.625
138.625
128.125
141.750
136.875
144.000
143.625
136.125
136.375
138.000
133.000
155.000
128.750
132.125
125.125
141.625
137.875
128.000
139.375
132.250
142.000
133.625
130.875
130.250
124.875
124.000
135.250
142.625
128.875
122.000
124.375
116.000
127.625
130.375
125.125
132.125
131.375
143.375
131.750
124.625
148.125
128.375
125.000
123.000
132.625
128.000
136.625
129.250
120.125
137.000
139.125
140.250
143.750
135.250
135.000
125.375
128.375
130.750
135.625
131.500
128.875
137.375
136.250
124.125
138.750
133.875
132.375
134.750
133.625
119.000
134.625
130.375
136.250
122.000
127.375
125.875
133.375
130.375
126.875
131.625
144.625
131.125
127.250
122.875
128.250
126.625
126.750
135.750
138.625
130.500
126.875
127.000
125.625
127.875
137.750
117.000
133.625
135.625
125.375
134.750
133.500
127.250
140.125
139.125
123.250
131.750
132.500
115.875
144.250
132.000
129.750
131.125
128.875
133.375
148.000
131.250
135.125
140.500
136.000
135.125
128.875
142.000
124.625
125.125
127.625
125.000
124.500
136.750
128.875
131.250
133.625
124.500
132.875
131.000
143.875
128.750
119.250
131.000
136.125
125.125
131.250
129.125
132.250
119.750
137.125
128.000
137.000
132.875
142.625
150.750
139.250
149.500
137.625
149.000
148.375
171.375
163.000
169.500
178.125
164.625
173.625
176.250
187.875
174.250
180.375
168.000
185.500
188.000
166.625
197.500
180.875
184.375
191.875
186.875
174.625
182.000
181.000
191.625
185.500
189.625
172.625
183.250
194.000
180.750
184.375
191.625
192.625
192.000
184.250
181.000
167.625
174.000
180.875
192.000
170.875
176.500
157.625
183.000
204.250
178.125
192.500
191.250
178.375
182.125
179.500
191.625
176.750
183.875
171.000
191.250
197.125
183.000
180.125
181.250
166.125
188.250
189.125
195.375
197.125
182.750
191.375
170.125
180.375
186.625
193.250
189.500
200.125
186.625
191.250
182.375
179.375
185.250
163.750
179.750
191.500
168.000
193.375
182.750
176.625
180.000
171.750
186.625
181.250
177.625
177.250
183.750
185.750
189.500
176.750
178.125
181.000
180.750
193.500
190.500
191.875
181.250
190.625
188.625
185.750
192.625
174.000
192.750
190.500
190.500
183.000
174.625
182.625
184.000
195.125
199.500
168.250
193.750
170.875
174.125
181.125
191.250
168.000
171.375
190.125
203.750
187.875
177.875
190.375
179.375
182.500
191.875
164.875
182.375
187.375
202.125
180.875
180.000
177.250
182.125
166.750
175.625
192.500
172.250
190.000
180.500
193.500
179.125
176.500
172.250
175.625
201.125
170.375
191.250
182.250
178.250
184.750
192.375
189.000
175.375
167.750
187.000
165.750
170.625
184.750
160.500
169.000
185.000
177.875
174.750
192.375
176.000
163.000
178.875
192.000
191.625
167.625
189.375
177.875
181.750
190.000
198.625
174.000
171.875
179.250
171.750
173.000
180.000
176.375
178.250
171.000
166.500
177.875
177.500
175.125
151.125
171.375
155.375
179.500
181.750
169.000
186.000
175.375
187.125
172.125
179.000
181.750
188.750
178.125
178.000
193.250
177.875
188.875
180.500
182.250
187.000
187.250
171.000
190.000
195.125
188.375
183.250
193.875
172.875
167.500
141.875
151.125
186.250
169.500
164.000
181.250
174.375
148.875
149.125
168.250
169.875
175.125
175.500
162.375
143.000
154.625
176.500
178.875
164.625
164.750
174.250
151.625
166.625
169.375
172.875
165.000
165.500
176.000
163.500
164.250
175.000
155.750
181.875
180.625
201.250
173.000
170.250
175.875
199.500
171.000
175.625
173.000
181.000
169.875
179.125
186.875
165.000
172.875
188.000
180.625
176.375
155.125
174.875
169.250
161.000
174.500
174.500
169.125
171.375
172.875
176.375
176.625
164.375
174.000
187.500
173.625
172.625
184.250
176.875
172.750
172.625
168.500
171.000
169.875
181.375
181.125
176.625
161.375
172.250
163.000
186.000
183.250
171.000
158.625
165.125
163.375
156.875
152.375
181.375
170.500
152.000
170.000
175.625
160.625
167.250
153.750
160.000
156.750
134.875
144.750
134.750
126.250
143.750
141.250
132.250
144.875
124.125
131.750
130.250
130.750
122.875
121.875
129.500
134.250
134.875
135.500
129.000
138.500
130.125
120.750
131.000
140.250
124.000
136.500
136.250
113.875
108.125
119.625
119.000
122.625
131.500
130.875
139.375
135.750
143.875
135.000
131.500
131.625
129.375
119.750
138.375
116.750
116.625
126.875
122.750
135.625
138.375
136.875
124.625
127.000
134.000
136.125
124.125
137.375
133.250
134.000
136.000
124.500
139.000
132.000
134.125
141.375
141.250
138.125
136.000
128.500
123.125
135.375
127.125
129.625
146.500
129.750
131.125
135.250
132.750
133.625
134.000
126.375
133.125
134.625
137.500
140.625
132.500
140.000
129.875
125.625
131.750
133.125
123.125
131.875
136.625
130.750
134.375
130.250
143.250
128.125
129.250
130.125
125.375
130.750
117.875
145.000
141.500
139.750
120.750
137.125
138.250
131.000
147.125
124.625
133.750
143.875
144.750
126.625
132.625
131.375
138.500
128.375
137.375
113.000
133.125
133.875
134.750
141.375
138.875
128.750
127.000
131.000
138.875
131.250
136.375
128.625
133.875
139.750
132.625
127.375
132.375
128.875
143.125
142.625
145.500
145.000
145.750
136.625
144.250
123.625
131.875
152.250
128.125
144.000
141.250
138.500
130.000
135.875
133.000
133.375
131.875
138.625
125.875
128.250
125.625
135.500
129.625
129.750
138.125
125.375
140.250
135.125
145.750
132.000
132.625
139.500
124.500
150.000
122.125
131.625
137.500
125.375
129.625
128.750
139.750
142.375
142.875
127.375
147.125
137.500
125.750
135.625
128.125
122.375
134.625
137.750
122.875
136.625
124.750
122.375
137.000
133.500
138.625
139.125
125.500
137.250
121.000
130.625
144.375
117.750
124.750
130.625
123.750
143.000
131.875
134.875
117.625
123.000
130.375
123.125
112.500
110.625
132.000
138.250
139.375
138.375
136.500
128.500
123.500
122.375
130.875
118.625
135.500
125.250
116.250
129.750
109.250
108.625
106.250
101.000
108.000
116.500
107.375
102.250
112.250
124.250
108.375
129.375
102.625
105.500
120.125
129.000
114.375
124.000
123.250
131.250
119.875
117.250
110.875
127.250
114.250
123.875
116.375
121.125
108.125
136.250
112.500
130.375
112.875
115.375
118.250
116.250
119.500
118.125
120.875
114.875
126.500
127.375
129.375
139.000
115.125
130.750
119.000
130.375
113.625
135.125
133.125
120.625
136.875
127.000
120.625
140.625
121.500
129.625
136.375
143.750
128.625
135.500
135.000
135.000
130.500
134.375
127.500
137.500
137.875
138.750
122.625
131.375
135.125
140.750
133.500
124.625
145.750
126.250
141.375
140.375
134.750
137.625
136.125
128.125
137.500
128.625
134.125
131.625
126.625
124.500
126.125
119.250
112.875
105.375
120.625
94.750
101.000
99.125
93.000
97.250
86.375
99.000
98.250
91.500
75.750
82.125
69.500
68.375
69.375
62.500
66.875
67.375
66.375
59.375
55.875
65.125
57.125
54.500
57.375
56.875
52.250
53.875
57.250
55.875
56.000
48.000
55.375
47.125
50.500
50.250
48.625
51.500
55.125
56.125
52.875
51.500
52.500
48.875
52.875
51.125
55.500
53.625
49.250
53.125
51.250
54.375
50.625
48.750
47.250
49.500
41.375
44.625
46.625
46.125
54.250
50.875
49.625
54.875
49.625
49.750
55.750
53.375
50.875
56.625
54.125
54.500
53.750
45.000
53.875
48.375
51.000
50.250
48.750
55.000
47.750
49.000
48.625
49.500
50.000
49.625
49.250
51.500
52.750
48.625
53.625
52.000
51.500
52.750
47.750
49.250
51.500
54.000
53.000
54.875
51.375
53.625
52.500
49.625
51.750
51.500
55.000
54.500
51.250
50.000
48.500
48.500
55.125
49.625
48.000
53.250
49.000
46.125
51.875
45.875
48.375
58.500
51.750
52.375
51.750
49.125
58.500
49.125
50.625
52.250
49.875
47.250
47.375
46.625
46.750
49.250
53.500
50.375
47.000
52.750
50.625
47.375
54.625
53.500
48.000
54.750
56.250
52.625
49.750
49.250
50.125
50.375
51.375
53.875
51.375
47.500
54.500
49.875
46.000
53.000
50.375
52.500
52.125
46.250
50.375
51.875
49.250
49.875
51.250
49.750
54.375
51.750
51.500
50.125
52.500
48.250
