-14.775
-20.020
-24.191
-27.453
-30.137
-32.285
-34.278
-35.797
-36.963
-29.595
-23.651
-18.821
-14.707
-11.615
-9.192
-7.154
-5.448
-4.159
-2.977
-2.181
-1.645
-1.266
-1.013
-1.035
-1.053
-0.968
-0.974
-0.704
-0.489
-0.141
0.312
0.400
0.420
0.436
0.424
0.489
0.466
0.473
0.553
0.543
0.534
0.252
0.077
-0.064
-0.176
-0.366
-0.368
-0.194
-0.080
0.061
0.199
0.259
0.332
0.391
0.487
0.565
0.552
0.967
0.848
0.729
0.583
0.391
0.163
0.055
0.019
0.365
0.392
0.489
0.516
0.613
0.890
1.087
1.120
1.496
1.697
1.882
2.006
2.605
2.984
3.587
4.344
4.951
5.635
6.558
7.597
8.402
9.147
10.167
11.109
11.812
12.275
12.720
12.876
12.976
13.005
12.929
13.043
13.085
12.993
13.119
13.470
13.526
13.796
14.187
14.274
14.220
14.426
14.340
14.022
13.768
13.514
13.161
12.879
12.878
12.878
13.002
13.152
13.396
13.667
13.634
13.982
13.935
13.823
13.959
13.967
13.923
13.964
13.796
13.787
13.654
13.649
13.344
13.575
13.460
13.443
13.429
13.493
13.320
13.456
13.590
13.797
13.862
13.565
13.727
13.581
13.540
13.432
13.321
13.632
13.855
13.759
13.607
13.786
14.129
13.953
13.887
13.810
13.923
14.113
13.666
13.482
13.461
13.244
13.270
13.191
13.328
13.312
13.325
13.485
13.563
13.600
13.755
13.829
13.838
14.071
14.256
13.930
14.019
14.090
13.922
13.663
13.380
13.429
13.368
13.520
13.641
13.837
13.745
13.696
13.757
13.830
13.839
13.821
13.507
13.456
13.190
13.177
13.466
13.573
13.708
13.592
13.573
13.559
13.747
13.922
13.838
13.945
13.681
13.670
13.261
13.259
13.432
13.171
12.861
13.014
13.186
13.399
13.519
13.515
13.712
13.820
13.606
13.635
13.883
14.131
14.155
14.099
14.054
13.768
13.365
13.317
13.703
13.763
13.760
13.633
13.681
13.870
13.821
13.832
14.165
14.157
13.851
13.831
13.840
13.597
13.452
13.412
13.529
13.524
13.619
13.820
13.956
13.990
13.942
14.153
14.073
13.883
13.581
13.290
13.157
13.076
13.086
13.143
13.265
13.437
13.874
13.824
14.035
14.103
14.082
14.266
13.963
13.895
13.791
13.758
13.981
13.610
13.563
13.200
13.110
13.288
13.256
13.429
13.619
14.145
14.191
14.228
14.182
14.296
14.237
13.964
13.796
13.587
13.320
13.231
13.135
13.158
13.326
13.611
14.014
14.336
14.469
14.625
14.750
14.700
14.485
14.438
14.100
13.730
13.409
13.102
13.232
13.160
13.378
13.753
13.702
13.912
13.904
13.648
13.844
14.100
13.980
14.234
13.962
13.595
13.851
13.706
13.489
13.317
13.478
13.733
14.086
14.094
14.275
14.295
14.386
14.209
13.917
14.109
14.112
13.764
13.837
13.594
13.400
13.445
13.456
13.690
14.027
14.247
14.622
14.948
15.183
15.322
15.357
15.386
15.359
15.187
14.999
14.900
14.595
14.351
14.630
14.829
14.989
15.241
15.268
15.139
15.136
15.034
14.827
14.737
14.939
14.751
14.551
14.416
14.058
14.171
14.212
14.170
14.011
13.908
14.052
14.091
14.098
14.303
14.093
14.524
14.694
14.780
14.824
14.559
14.448
14.208
14.016
13.713
13.795
14.061
14.099
14.304
14.493
14.595
14.701
14.561
14.348
14.379
14.078
13.937
13.750
13.425
13.365
13.417
13.859
14.137
14.409
14.603
14.657
14.551
14.615
14.542
14.584
14.417
14.384
14.732
14.760
14.383
14.382
14.180
13.819
14.105
14.309
14.297
14.438
14.400
14.520
14.516
14.588
14.420
14.086
14.094
13.600
13.455
13.414
13.231
13.160
13.353
13.782
13.601
13.906
14.349
14.530
14.299
14.314
14.326
14.161
13.954
14.013
13.810
13.673
13.339
13.246
13.347
13.677
13.842
14.373
14.824
15.734
16.287
16.630
17.254
17.853
18.757
19.356
20.435
22.048
23.288
24.581
26.889
28.336
29.894
32.040
34.257
36.106
38.485
39.863
41.240
42.667
42.909
43.552
44.842
45.373
46.149
47.369
46.270
47.866
48.268
48.489
49.316
49.228
49.782
50.626
50.276
49.971
50.201
49.936
50.874
51.249
51.299
52.389
51.011
51.009
50.732
51.136
51.784
51.802
51.316
52.528
52.623
51.998
51.448
51.409
51.402
51.697
51.832
52.291
52.508
53.106
53.810
54.073
53.933
54.022
52.967
52.624
51.274
51.294
51.585
51.293
51.510
51.908
51.426
51.541
51.183
51.496
52.022
50.517
50.389
50.886
50.159
49.877
50.352
50.656
50.425
50.240
49.817
50.379
50.078
50.587
50.745
50.296
49.937
49.924
50.189
51.377
50.801
50.441
51.253
50.952
50.137
49.534
48.327
48.837
49.095
49.801
51.665
52.632
53.581
54.190
53.827
53.786
53.154
52.198
52.509
51.057
51.495
51.221
51.602
51.582
51.590
51.422
51.313
50.525
50.920
50.386
50.209
50.242
51.294
51.085
51.868
51.119
50.320
50.606
51.135
50.908
52.351
52.756
52.355
52.534
51.802
51.892
51.788
51.456
51.314
50.852
51.181
51.620
51.221
51.977
51.156
50.150
51.445
51.006
50.380
51.854
51.133
51.781
51.325
50.685
50.223
50.053
48.343
48.774
48.894
48.790
49.632
50.181
50.370
50.271
51.517
51.463
51.321
51.006
52.480
51.884
51.732
53.186
52.474
51.479
52.133
51.756
50.780
50.599
51.129
50.778
49.748
49.723
49.504
49.378
48.877
48.977
49.256
49.630
48.554
48.218
47.825
47.760
47.983
49.036
49.429
49.318
48.829
49.739
50.066
49.553
50.542
50.634
50.582
50.191
49.502
50.827
50.286
49.804
49.743
50.045
49.311
49.799
49.289
49.481
50.685
50.048
49.313
49.976
49.905
49.399
49.369
48.271
48.816
48.453
49.287
49.430
50.494
50.645
51.091
50.673
50.563
50.276
49.795
50.136
49.359
48.912
49.055
49.269
50.065
50.352
50.657
50.925
51.415
51.232
52.561
52.849
52.529
52.898
52.168
51.860
51.613
51.340
51.847
51.328
50.912
51.380
50.504
49.878
50.302
50.492
50.643
51.290
52.382
51.630
51.604
52.233
51.887
49.984
49.887
50.110
50.563
51.050
50.340
50.972
50.003
49.302
49.142
48.538
47.956
47.790
47.632
47.055
47.569
47.255
46.579
46.363
47.191
48.778
48.247
48.948
49.958
49.391
49.263
49.510
48.858
49.862
48.739
48.291
48.983
48.612
48.039
48.206
48.540
49.082
48.941
48.352
48.482
49.311
48.398
49.069
48.480
48.984
49.537
49.130
48.579
48.263
46.785
46.628
47.678
46.892
47.464
47.321
47.707
48.140
48.212
48.195
48.506
48.580
49.014
49.061
48.199
49.034
47.602
47.707
49.265
49.637
49.960
49.493
49.894
50.915
51.032
51.351
52.131
52.129
52.104
52.208
50.091
50.823
50.908
50.477
51.506
52.105
52.459
52.692
54.029
55.973
58.703
60.063
61.450
62.185
63.598
65.478
68.208
70.141
72.288
73.655
76.574
79.959
84.592
86.824
88.259
90.682
93.871
96.272
99.417
101.259
104.532
106.501
108.775
108.570
111.656
114.950
118.510
121.533
123.426
123.816
125.203
129.762
133.710
132.768
130.989
131.541
130.958
129.441
129.553
130.143
131.289
129.356
132.435
131.873
133.823
135.084
134.992
135.544
135.410
135.053
130.517
132.289
132.556
134.995
132.671
132.837
132.094
133.425
133.415
136.432
135.471
135.877
137.826
137.986
137.864
136.266
134.338
135.745
132.771
134.792
133.959
131.692
131.628
131.078
132.912
134.080
133.414
130.456
130.165
128.307
127.945
129.556
129.445
130.406
132.200
129.535
130.778
130.897
130.443
133.879
135.603
137.933
137.496
137.447
135.733
136.311
135.824
135.209
134.817
133.679
133.418
131.859
133.812
134.350
134.705
134.439
135.151
136.746
135.222
134.902
134.222
133.152
134.372
133.823
129.858
130.961
133.169
129.910
130.603
133.608
131.211
130.069
131.305
131.194
129.505
131.929
130.493
127.695
128.481
126.610
125.163
126.180
127.819
130.455
130.614
134.341
133.448
133.583
135.192
134.078
133.088
135.245
134.546
132.912
132.804
133.219
132.400
133.545
134.961
134.044
136.460
139.418
136.909
138.027
135.722
133.853
135.282
136.576
137.685
137.798
137.264
137.336
136.969
133.475
133.055
133.444
132.930
133.369
131.145
131.291
131.558
131.621
131.822
132.958
133.666
134.983
133.911
132.404
132.698
135.234
135.812
137.124
138.650
136.970
135.476
136.281
137.624
135.074
134.860
136.863
137.415
137.257
137.531
135.649
136.870
136.871
138.296
139.362
138.715
138.247
138.197
137.158
140.726
138.331
137.090
134.697
136.082
136.441
134.753
135.677
134.992
136.393
135.840
134.847
133.927
132.117
130.493
131.445
133.681
132.720
130.576
129.336
126.668
126.860
127.563
127.075
128.085
128.743
131.669
131.686
130.273
133.844
132.750
131.200
129.560
130.173
129.738
131.116
130.742
128.619
130.295
132.061
133.699
135.709
135.617
135.494
133.470
132.451
132.111
132.814
132.551
131.816
132.928
133.592
131.699
133.109
133.262
133.085
133.418
133.459
130.567
131.379
131.178
132.192
130.154
129.598
128.854
129.758
129.881
129.280
129.749
132.724
132.404
131.373
129.674
129.389
128.836
128.419
129.885
131.633
131.406
130.500
129.800
128.965
128.747
130.548
127.838
128.995
130.321
129.332
130.416
131.032
130.276
132.246
133.622
131.547
131.588
131.770
128.591
131.723
131.778
131.373
131.323
130.834
131.342
134.673
133.989
134.216
135.473
135.578
135.488
134.165
135.732
133.511
131.833
130.992
129.793
128.735
130.338
130.045
130.286
130.954
129.663
130.305
130.444
133.130
132.254
129.653
129.923
131.163
129.955
130.214
129.996
130.447
128.308
130.071
129.657
131.126
131.475
133.705
137.114
137.541
139.933
139.471
141.377
142.777
148.496
151.397
155.018
159.639
160.636
163.234
165.837
170.245
171.046
172.912
171.929
174.643
177.315
175.177
179.641
179.888
180.785
183.003
183.778
181.947
181.958
181.766
183.738
184.090
185.197
182.683
182.796
185.037
184.180
184.219
185.700
187.085
188.068
187.304
186.043
182.360
180.688
180.725
182.980
180.559
179.747
175.323
176.858
182.337
181.494
183.695
185.206
183.840
183.497
182.698
184.483
182.936
183.124
180.699
182.809
185.673
185.138
184.135
183.558
180.072
181.707
183.191
185.628
187.927
186.892
187.788
184.256
183.480
184.109
185.937
186.650
189.345
188.801
189.291
187.907
186.201
186.011
181.559
181.197
183.257
180.206
182.840
182.822
181.582
181.266
179.363
180.815
180.902
180.247
179.647
180.468
181.524
183.119
181.846
181.101
181.081
181.015
183.512
184.910
186.303
185.292
186.359
186.812
186.600
187.805
185.044
186.585
187.368
187.994
186.995
184.521
184.142
184.114
186.316
188.953
184.812
186.600
183.455
181.589
181.496
183.447
180.357
178.561
180.874
185.449
185.934
184.322
185.533
184.301
183.941
185.528
181.397
181.593
182.749
186.624
185.474
184.379
182.954
182.788
179.580
178.789
181.531
179.675
181.740
181.492
183.894
182.940
181.652
179.771
178.942
183.379
180.778
182.872
182.748
181.848
182.429
184.418
185.334
183.342
180.224
181.579
178.413
176.856
178.434
174.848
173.678
175.942
176.329
176.013
179.285
178.628
175.503
176.177
179.342
181.798
178.964
181.046
180.412
180.679
182.543
185.760
183.408
181.101
180.731
178.935
177.748
178.198
177.834
177.917
176.533
174.527
175.196
175.657
175.551
170.666
170.807
167.721
170.077
172.411
171.729
174.583
174.742
177.218
176.200
176.760
177.758
179.956
179.590
179.272
182.068
181.229
182.758
182.307
182.295
183.236
184.039
181.431
183.145
185.541
186.108
185.536
187.204
184.338
180.970
173.151
168.746
172.247
171.697
170.158
172.376
172.776
167.996
164.222
165.027
165.997
167.822
169.358
167.961
162.969
161.300
164.340
167.247
166.723
166.328
167.912
164.655
165.049
165.914
167.306
166.845
166.576
168.461
167.469
166.825
168.460
165.918
169.109
171.412
177.380
176.504
175.253
175.378
180.202
178.362
177.814
176.851
177.681
176.120
176.721
178.752
176.001
175.376
177.901
178.446
178.032
173.450
173.735
172.838
170.471
171.276
171.921
171.362
171.364
171.667
172.608
173.412
171.604
172.083
175.167
174.858
174.412
176.379
176.478
175.733
175.111
173.789
173.231
172.560
174.323
175.683
175.872
172.972
172.828
170.862
173.890
175.762
174.809
171.573
170.283
168.901
166.496
163.672
167.213
167.870
164.696
165.757
167.730
166.309
166.497
163.948
163.158
161.877
156.476
154.131
150.255
145.454
145.113
144.340
141.922
142.513
138.835
137.418
135.985
134.938
132.525
130.395
130.216
131.023
131.793
132.535
131.828
133.162
132.555
130.194
130.355
132.334
130.667
131.834
132.717
128.949
124.784
123.752
122.802
122.766
124.513
125.785
128.503
129.953
132.737
133.190
132.852
132.606
131.960
129.518
131.289
128.382
126.030
126.199
125.509
127.532
129.701
131.136
129.834
129.267
130.213
131.396
129.942
131.428
131.793
132.234
132.987
131.290
132.832
132.665
132.957
134.641
135.963
136.395
136.316
134.753
132.427
133.017
131.838
131.396
134.417
133.483
133.012
133.459
133.317
133.379
133.503
132.077
132.287
132.755
133.704
135.088
134.570
135.656
134.500
132.725
132.530
132.649
130.744
130.970
132.101
131.831
132.340
131.922
134.187
132.975
132.230
131.809
130.522
130.568
128.029
131.423
133.439
134.701
131.911
132.954
134.013
133.410
136.153
133.848
133.828
135.837
137.620
135.421
134.862
134.164
135.031
133.700
134.435
130.148
130.743
131.370
132.046
133.912
134.904
133.673
132.339
132.071
133.432
132.995
133.671
132.662
132.905
134.274
133.944
132.630
132.579
131.838
134.096
135.801
137.741
139.193
140.504
139.728
140.633
137.231
136.160
139.378
137.127
138.502
139.051
138.941
137.153
136.897
136.118
135.569
134.830
135.589
133.646
132.567
131.179
132.043
131.559
131.197
132.583
131.141
132.963
133.395
135.866
135.093
134.599
135.580
133.364
136.691
133.778
133.347
134.178
132.417
131.859
131.237
132.940
134.827
136.436
134.624
137.124
137.199
134.909
135.053
133.667
131.409
132.052
133.191
131.128
132.228
130.732
129.061
130.648
131.219
132.700
133.985
132.288
133.280
130.824
130.784
133.503
130.352
129.232
129.510
128.358
131.287
131.404
132.098
129.204
127.963
128.445
127.381
124.405
121.649
123.719
126.625
129.175
131.015
132.112
131.390
129.812
128.324
128.834
126.793
128.534
127.877
125.552
126.391
122.963
120.095
117.326
114.061
112.849
113.579
112.338
110.321
110.706
113.415
112.407
115.801
113.166
111.632
113.331
116.465
116.047
117.637
118.760
121.258
120.981
120.235
118.363
120.140
118.962
119.945
119.231
119.610
117.313
121.100
119.380
121.579
119.838
118.946
118.806
118.295
118.536
118.454
118.938
118.125
119.800
121.315
122.927
126.142
123.938
125.301
124.041
125.307
122.971
125.402
126.946
125.682
127.921
127.736
126.314
129.176
127.641
128.038
129.705
132.514
131.736
132.489
132.991
133.393
132.814
133.126
132.001
133.101
134.056
134.995
132.521
132.291
132.858
134.437
134.249
132.324
135.009
133.258
134.881
135.980
135.734
136.112
136.115
134.517
135.113
133.816
133.877
133.427
132.067
130.553
129.668
127.584
124.642
120.789
120.756
115.555
112.644
109.940
106.552
104.692
101.028
100.623
100.148
98.418
93.885
91.533
87.126
83.376
80.576
76.961
74.943
73.430
72.019
69.490
66.767
66.439
64.576
62.561
61.524
60.594
58.925
57.915
57.782
57.401
57.120
55.296
55.312
53.675
53.040
52.482
51.710
51.668
52.360
53.113
53.065
52.752
52.702
51.936
52.124
51.924
52.639
52.836
52.119
52.320
52.106
52.560
52.173
51.488
50.641
50.412
48.605
47.809
47.572
47.283
48.676
49.116
49.218
50.349
50.204
50.113
51.241
51.668
51.509
52.532
52.851
53.181
53.294
51.636
52.083
51.342
51.273
51.069
50.605
51.484
50.737
50.390
50.037
49.929
49.943
49.880
49.754
50.103
50.632
50.231
50.910
51.128
51.202
51.512
50.759
50.457
50.666
51.333
51.666
52.308
52.121
52.422
52.438
51.875
51.850
51.780
52.424
52.839
52.521
52.017
51.314
50.751
51.626
51.226
50.580
51.114
50.691
49.778
50.197
49.333
49.141
51.013
51.160
51.403
51.473
51.003
52.502
51.827
51.587
51.719
51.350
50.530
49.899
49.244
48.745
48.846
49.777
49.897
49.317
50.004
50.128
49.577
50.587
51.169
50.536
51.378
52.353
52.407
51.876
51.351
51.105
50.959
51.042
51.609
51.562
50.750
51.500
51.175
50.140
50.712
50.644
51.016
51.237
50.240
50.267
50.589
50.321
50.232
50.435
50.298
51.114
51.241
51.293
51.059
51.347
50.728
