-30.750
-35.875
-38.375
-39.437
-40.156
-40.516
-41.383
-41.629
-41.627
-20.876
-10.376
-4.938
-1.594
-0.422
0.039
0.519
0.947
0.974
1.362
1.181
0.840
0.545
0.273
-0.426
-0.776
-0.700
-0.850
-0.238
0.069
0.659
1.392
1.071
0.785
0.643
0.509
0.629
0.502
0.501
0.688
0.594
0.547
-0.164
-0.395
-0.510
-0.567
-0.846
-0.611
-0.055
0.160
0.392
0.571
0.536
0.580
0.603
0.739
0.807
0.653
1.639
1.007
0.628
0.314
-0.030
-0.390
-0.383
-0.254
0.748
0.624
0.750
0.687
0.844
1.422
1.648
1.449
2.224
2.362
2.494
2.497
3.748
4.124
5.062
6.218
6.797
7.586
8.918
10.334
10.979
11.552
12.901
13.888
14.256
14.191
14.345
13.923
13.649
13.387
13.006
13.253
13.251
12.938
13.282
14.078
13.914
14.394
15.072
14.849
14.424
14.837
14.419
13.584
13.167
12.833
12.292
12.021
12.448
12.661
13.081
13.415
13.895
14.323
13.911
14.643
14.196
13.786
14.143
14.071
13.911
14.018
13.571
13.661
13.393
13.509
12.817
13.658
13.329
13.352
13.363
13.557
13.091
13.545
13.835
14.230
14.177
13.276
13.826
13.413
13.394
13.197
13.036
13.955
14.353
13.864
13.432
13.966
14.733
13.991
13.808
13.654
14.015
14.445
13.160
12.955
13.165
12.770
13.072
12.974
13.424
13.337
13.356
13.740
13.808
13.779
14.077
14.101
13.988
14.494
14.747
13.686
14.030
14.203
13.726
13.176
12.713
13.169
13.147
13.636
13.880
14.253
13.814
13.657
13.828
13.977
13.926
13.838
13.044
13.147
12.636
12.880
13.753
13.876
14.063
13.594
13.547
13.523
14.012
14.318
13.909
14.142
13.384
13.504
12.565
12.907
13.516
12.821
12.223
12.924
13.399
13.825
13.912
13.706
14.103
14.176
13.463
13.606
14.241
14.683
14.466
14.171
14.023
13.324
12.537
12.831
14.040
14.020
13.885
13.505
13.690
14.157
13.891
13.883
14.691
14.408
13.517
13.633
13.754
13.190
13.032
13.141
13.570
13.535
13.768
14.196
14.348
14.236
13.993
14.497
14.123
13.624
12.999
12.562
12.594
12.672
12.898
13.137
13.443
13.784
14.705
14.165
14.520
14.447
14.224
14.612
13.681
13.653
13.514
13.569
14.222
13.174
13.274
12.512
12.631
13.315
13.220
13.673
14.024
15.137
14.756
14.565
14.283
14.516
14.258
13.566
13.346
13.048
12.649
12.762
12.756
13.003
13.501
14.126
14.875
15.250
15.125
15.187
15.219
14.859
14.242
14.246
13.498
12.874
12.499
12.187
12.969
12.922
13.586
14.418
13.959
14.354
14.115
13.370
13.997
14.561
14.031
14.640
13.758
12.941
13.908
13.517
13.071
12.848
13.486
14.118
14.809
14.467
14.733
14.554
14.652
14.076
13.413
14.144
14.134
13.255
13.690
13.157
12.891
13.258
13.379
14.002
14.688
14.907
15.516
15.883
16.004
15.939
15.720
15.610
15.430
14.965
14.607
14.554
13.964
13.670
14.710
15.167
15.396
15.823
15.599
15.112
15.118
14.872
14.436
14.405
15.078
14.539
14.144
14.010
13.317
13.971
14.173
14.086
13.731
13.615
14.120
14.185
14.155
14.640
13.945
15.097
15.236
15.180
15.090
14.295
14.148
13.699
13.474
12.987
13.556
14.340
14.295
14.710
14.980
14.990
15.057
14.529
14.014
14.257
13.566
13.470
13.235
12.680
12.903
13.264
14.444
14.847
15.173
15.274
15.075
14.600
14.737
14.494
14.622
14.186
14.218
15.171
15.023
13.949
14.162
13.768
13.072
14.161
14.643
14.446
14.723
14.486
14.743
14.622
14.748
14.249
13.499
13.812
12.718
12.797
13.023
12.762
12.818
13.472
14.486
13.680
14.403
15.264
15.257
14.316
14.345
14.360
13.930
13.528
13.889
13.444
13.285
12.642
12.759
13.254
14.127
14.313
15.407
16.016
17.695
18.098
18.049
18.899
19.575
20.975
21.362
23.056
25.778
27.014
28.382
32.253
33.189
34.657
37.641
40.383
41.941
44.971
45.173
45.961
47.168
45.522
45.823
47.912
47.706
48.478
50.364
46.119
50.185
50.030
49.702
51.164
50.019
51.010
52.505
50.690
49.720
50.422
49.649
52.137
52.443
51.972
54.361
49.930
50.465
50.045
51.397
52.886
52.381
50.878
54.126
53.563
51.532
50.391
50.820
51.098
51.986
52.181
53.153
53.264
54.382
55.503
55.314
54.345
54.360
51.555
51.402
48.639
50.007
51.378
50.752
51.563
52.532
51.016
51.508
50.629
51.689
52.907
48.703
49.289
51.082
49.166
48.958
50.604
51.239
50.370
49.935
49.030
50.827
49.851
51.238
51.306
49.903
49.201
49.538
50.394
53.260
50.880
49.940
52.220
50.985
48.930
48.027
45.764
48.319
49.222
50.924
55.024
55.762
56.569
56.597
54.486
54.055
52.340
50.357
52.054
48.652
50.951
50.538
51.831
51.666
51.645
51.198
51.036
49.206
50.853
49.551
49.526
49.950
52.725
51.487
53.244
50.684
48.905
50.327
51.789
50.894
54.510
54.442
52.596
52.923
50.899
51.574
51.475
50.800
50.775
49.887
51.194
52.284
50.955
52.977
50.426
48.276
52.450
50.850
49.362
53.556
50.903
52.639
51.070
49.597
48.986
49.180
45.340
47.920
48.647
48.511
50.756
51.565
51.345
50.610
53.555
52.402
51.576
50.663
54.519
52.009
51.567
55.284
52.454
49.977
52.364
51.307
49.091
49.483
51.366
50.371
47.998
48.811
48.718
48.797
47.836
48.605
49.490
50.307
47.279
47.077
46.663
47.082
47.978
50.614
50.807
49.841
48.358
50.866
51.121
49.310
51.905
51.452
50.914
49.769
48.260
52.192
50.159
49.017
49.258
50.254
48.314
50.032
48.641
49.445
52.473
49.986
48.181
50.403
50.014
48.694
48.972
46.424
48.712
47.856
50.240
50.120
52.435
51.843
52.359
50.679
50.402
49.764
48.819
50.160
48.205
47.665
48.645
49.385
51.317
51.409
51.642
51.821
52.598
51.549
54.712
54.356
52.803
53.589
51.419
51.022
50.823
50.537
52.206
50.728
49.989
51.619
49.310
48.342
50.171
50.711
50.980
52.428
54.589
51.607
51.553
53.152
51.826
47.100
48.300
49.650
51.012
52.006
49.753
51.626
48.876
47.688
48.094
47.109
46.367
46.746
46.873
45.811
47.718
46.859
45.367
45.433
47.967
51.546
48.835
50.293
52.146
49.636
49.193
49.846
48.048
50.962
47.606
47.053
49.401
48.263
47.007
47.941
48.908
50.079
49.227
47.613
48.307
50.466
47.608
49.679
47.902
49.451
50.600
49.050
47.712
47.356
44.116
45.058
48.466
46.108
47.929
47.339
48.295
49.085
48.792
48.459
49.104
48.990
49.870
49.560
47.155
49.765
45.820
46.972
51.236
51.180
51.215
49.420
50.460
52.730
52.115
52.370
53.810
52.967
52.484
52.554
47.090
50.420
50.835
49.792
52.709
53.604
53.740
53.682
56.529
60.139
64.882
65.191
66.095
65.610
67.430
70.215
74.670
76.272
78.574
78.849
83.550
88.525
95.825
95.787
94.894
97.634
102.130
104.002
108.001
108.313
112.969
113.672
115.773
111.762
117.881
123.003
127.876
130.751
130.875
128.125
129.437
138.719
144.109
136.555
130.215
131.982
130.304
126.839
128.420
130.460
133.167
127.396
136.073
132.849
137.237
138.681
136.653
137.201
136.038
134.831
123.603
131.489
132.557
138.653
131.014
132.257
130.691
134.720
134.048
141.274
136.449
136.975
141.300
139.962
138.669
134.272
130.448
135.912
128.393
135.634
133.130
127.877
129.626
129.251
134.750
136.750
133.750
126.187
127.594
124.234
125.367
130.684
129.842
132.046
135.710
127.293
131.521
131.448
130.036
138.831
140.665
143.958
139.854
138.552
133.713
136.169
135.022
133.886
133.568
131.346
131.861
128.743
135.184
135.842
135.983
134.679
136.340
139.732
134.429
134.027
132.763
130.819
135.034
133.330
123.665
129.520
135.760
126.317
129.846
137.736
129.680
127.590
131.920
131.335
127.042
134.334
129.542
123.021
127.323
123.224
121.299
125.775
130.075
135.537
133.394
141.322
135.598
134.862
138.243
133.934
131.529
137.702
134.726
130.550
131.463
133.169
131.147
134.636
137.630
134.003
140.064
145.657
136.266
139.383
132.941
129.658
135.329
138.539
140.332
139.291
137.208
137.416
136.458
127.979
129.677
132.338
131.607
133.366
127.808
129.841
131.233
131.554
132.089
134.795
135.647
137.949
133.787
130.081
131.978
138.676
138.401
140.388
142.569
136.409
132.955
136.227
139.614
132.244
133.122
138.998
139.312
137.968
138.297
133.211
137.480
137.178
140.589
142.107
139.116
137.745
137.873
135.436
145.218
136.984
134.554
129.840
135.732
136.804
132.402
135.888
134.069
138.035
135.830
133.352
131.801
128.338
126.169
130.709
136.667
132.771
127.386
125.880
120.940
124.283
127.329
126.227
129.176
130.275
136.825
134.288
129.456
138.791
133.583
129.291
126.146
129.385
128.693
132.659
130.954
125.540
131.270
135.197
137.724
140.737
137.993
136.497
130.936
129.655
130.203
132.914
132.207
130.541
133.958
135.104
129.614
134.182
134.029
133.202
133.976
133.800
126.400
130.513
130.444
133.347
127.673
127.524
126.700
130.037
130.206
128.541
130.083
137.354
134.239
130.745
126.810
127.530
127.077
126.914
131.332
134.978
132.739
129.807
128.403
127.014
127.445
132.597
124.799
129.212
132.418
128.897
131.823
132.662
129.956
135.040
137.083
130.166
130.958
131.729
123.802
134.026
133.013
131.382
131.253
130.064
131.720
139.860
135.555
135.340
137.920
136.960
136.042
132.459
137.229
130.927
128.026
127.826
126.413
125.456
131.103
129.989
130.619
132.122
128.311
130.593
130.796
137.336
133.043
126.146
128.573
132.349
128.737
129.993
129.559
130.904
125.327
131.226
129.613
133.306
133.091
137.858
144.304
141.777
145.638
141.632
145.316
146.845
159.110
161.055
165.277
171.701
168.163
170.894
173.572
180.723
177.487
178.931
173.465
179.483
183.741
175.183
186.342
183.608
183.992
187.933
187.404
181.014
181.507
181.254
186.439
185.970
187.797
180.211
181.731
187.865
184.308
184.341
187.983
190.304
191.152
187.701
184.350
175.988
174.994
177.934
184.967
177.921
177.210
167.418
175.209
189.729
183.927
188.214
189.732
184.053
183.089
181.294
186.460
181.605
182.740
176.870
184.060
190.592
186.796
183.461
182.355
174.240
181.245
185.185
190.280
193.702
188.226
189.801
179.963
180.169
183.397
188.323
188.912
194.518
190.572
190.911
186.643
183.009
184.129
173.940
176.845
184.172
176.086
184.731
183.740
180.183
180.091
175.921
181.273
181.261
179.443
178.347
181.048
183.399
186.449
181.600
179.862
180.431
180.591
187.045
188.773
190.324
185.787
188.206
188.415
187.083
189.854
181.927
187.338
188.919
189.710
186.355
180.490
181.557
182.779
188.952
194.226
181.238
187.494
179.184
176.655
178.890
185.070
176.535
173.955
182.040
192.895
190.385
184.130
187.252
183.314
182.907
187.391
176.133
179.254
183.314
192.720
186.797
183.399
180.324
181.225
173.987
174.806
183.653
177.951
183.976
182.238
187.869
183.497
179.998
176.124
175.874
188.500
179.437
185.344
183.797
181.023
182.887
187.631
188.315
181.845
174.798
180.899
173.324
171.975
178.362
169.431
169.215
177.108
177.491
176.121
184.248
180.124
171.562
175.218
183.609
187.617
177.621
183.498
180.686
181.218
185.609
192.117
183.058
177.467
178.358
175.054
174.027
177.013
176.694
177.472
174.236
170.368
174.121
175.811
175.468
163.296
167.336
161.355
170.428
176.089
172.544
179.272
177.324
182.224
177.175
178.087
179.919
184.334
181.230
179.615
186.432
182.154
185.514
183.007
182.629
184.814
186.032
178.516
184.258
189.691
189.033
186.142
190.008
181.442
174.471
158.173
154.649
170.449
169.975
166.987
174.119
174.247
161.561
155.343
161.796
165.836
170.480
172.990
167.683
155.341
154.983
165.741
172.308
168.467
166.608
170.429
161.027
163.826
166.600
169.738
167.369
166.434
171.217
167.358
165.804
170.402
163.076
172.475
176.550
188.900
180.950
175.600
175.737
187.619
179.309
177.467
175.233
178.117
173.996
176.560
181.718
173.359
173.117
180.558
180.592
178.483
166.804
170.840
170.045
165.522
170.011
172.256
170.690
171.033
171.954
174.164
175.395
169.885
171.942
179.721
176.673
174.649
179.449
178.162
175.456
174.040
171.270
171.135
170.505
175.940
178.532
177.579
169.477
170.863
166.932
176.466
179.858
175.429
167.027
166.076
164.725
160.800
156.588
168.981
169.741
160.870
165.435
170.530
165.577
166.414
160.082
160.041
158.395
146.635
145.692
140.221
133.235
138.493
139.871
136.061
140.468
132.296
132.023
131.137
130.943
126.909
124.392
126.946
130.598
132.736
134.118
131.559
135.030
132.577
126.664
128.832
134.541
129.270
132.885
134.568
124.221
116.173
117.899
118.449
120.537
126.019
128.447
133.911
134.830
139.353
137.176
134.338
132.982
131.178
125.464
131.919
124.335
120.480
123.677
123.214
129.419
133.897
135.386
130.005
128.503
131.251
133.688
128.907
133.141
133.195
133.598
134.799
129.649
134.325
133.162
133.644
137.509
139.380
138.752
137.376
132.938
128.031
131.703
129.414
129.520
138.010
133.880
132.502
133.876
133.313
133.469
133.734
130.055
131.590
133.107
135.304
137.964
135.232
137.616
133.745
129.685
130.718
131.921
127.523
129.699
133.162
131.956
133.165
131.708
137.479
132.802
131.026
130.575
127.975
129.362
123.619
134.309
137.905
138.827
129.789
133.457
135.853
133.427
140.276
132.450
133.100
138.488
141.619
134.122
133.373
132.374
135.437
131.906
134.640
123.820
128.473
131.174
132.962
137.168
138.022
133.386
130.193
130.596
134.736
132.993
134.684
131.654
132.765
136.257
134.441
130.908
131.641
130.258
136.692
139.658
142.579
143.790
144.770
140.697
142.474
133.049
132.462
142.356
135.240
139.620
140.435
139.467
134.734
135.304
134.152
133.764
132.819
135.722
130.799
129.524
127.575
131.537
130.581
130.166
134.145
129.760
135.005
135.065
140.407
136.204
134.414
136.957
130.728
140.364
131.245
131.435
134.467
129.921
129.773
129.261
134.506
138.440
140.658
134.016
140.571
139.035
132.393
134.009
131.067
126.721
130.673
134.211
128.543
132.584
128.667
125.521
131.260
132.380
135.503
137.314
131.407
134.328
127.664
129.145
136.760
127.255
126.002
128.314
126.032
134.516
133.195
134.035
125.830
124.415
127.395
125.260
118.880
114.752
123.376
130.813
135.094
136.734
136.617
132.559
128.029
125.202
128.039
123.332
129.416
127.333
121.791
125.771
117.510
113.068
109.659
105.329
106.665
111.582
109.479
105.864
109.057
116.653
112.514
120.945
111.785
108.642
114.384
121.692
118.033
121.017
122.133
126.692
123.283
120.267
115.571
121.410
117.830
120.853
118.614
119.869
113.997
125.124
118.812
124.593
118.734
117.054
117.652
116.951
118.225
118.175
119.525
117.200
121.850
124.612
126.994
132.997
124.061
127.405
123.203
126.789
120.207
127.666
130.395
125.510
131.193
129.096
124.861
132.743
127.121
128.373
132.374
138.062
133.343
134.422
134.711
134.855
132.678
133.526
130.513
134.006
135.941
137.345
129.985
130.680
132.902
136.826
135.163
129.894
137.822
132.036
136.705
138.540
136.645
137.135
136.630
132.377
134.939
131.782
132.953
132.289
129.457
126.978
126.552
122.901
117.888
111.631
116.128
105.439
103.219
101.172
97.086
97.168
91.772
95.386
96.818
94.159
84.954
83.540
76.520
72.447
70.911
66.706
66.790
67.083
66.729
63.052
59.463
62.294
59.710
57.105
57.240
57.057
54.654
54.264
55.757
55.816
55.908
51.954
53.664
50.395
50.447
50.349
49.487
50.493
52.809
54.467
53.671
52.585
52.543
50.709
51.792
51.458
53.479
53.552
51.401
52.263
51.756
53.066
51.845
50.298
48.774
49.137
45.256
44.940
45.783
45.954
50.102
50.488
50.057
52.466
51.045
50.398
53.074
53.224
52.050
54.337
54.231
54.365
54.058
49.529
51.702
50.038
50.519
50.384
49.567
52.284
50.017
49.508
49.067
49.283
49.642
49.633
49.442
50.471
51.610
50.118
51.871
51.936
51.718
52.234
49.992
49.621
50.560
52.280
52.640
53.757
52.566
53.096
52.798
51.211
51.481
51.490
53.245
53.872
52.561
51.281
49.890
49.195
52.160
50.892
49.446
51.348
50.174
48.149
50.012
47.943
48.159
53.330
52.540
52.457
52.104
50.614
54.557
51.841
51.233
51.741
50.808
49.029
48.202
47.413
47.082
48.166
50.833
50.604
48.802
50.776
50.700
49.038
51.831
52.666
50.333
52.541
54.396
53.510
51.630
50.440
50.282
50.329
50.852
52.363
51.869
49.685
52.092
50.984
48.492
50.746
50.560
51.530
51.828
49.039
49.707
50.791
50.020
49.948
50.599
50.174
52.275
52.012
51.756
50.940
51.720
49.985
