-39.300
-40.660
-40.832
-40.566
-40.813
-40.863
-41.972
-41.894
-41.679
-8.436
-1.587
0.083
1.416
0.883
0.577
0.915
1.283
1.057
1.611
1.122
0.624
0.325
0.065
-0.887
-1.077
-0.716
-0.943
0.111
0.322
1.064
1.913
0.982
0.596
0.519
0.404
0.681
0.436
0.487
0.797
0.559
0.512
-0.598
-0.620
-0.624
-0.625
-1.025
-0.505
0.299
0.360
0.572
0.714
0.543
0.608
0.622
0.824
0.865
0.573
2.215
0.743
0.348
0.070
-0.286
-0.657
-0.431
-0.186
1.363
0.673
0.834
0.667
0.933
1.787
1.857
1.371
2.674
2.535
2.607
2.521
4.504
4.501
5.700
7.040
7.308
8.162
9.832
11.366
11.573
12.015
13.803
14.661
14.632
14.226
14.445
13.689
13.438
13.187
12.737
13.347
13.269
12.754
13.451
14.590
13.918
14.684
15.537
14.807
14.161
15.032
14.206
13.041
12.808
12.561
11.912
11.782
12.656
12.831
13.366
13.673
14.235
14.647
13.729
15.046
14.009
13.502
14.300
14.060
13.812
14.062
13.312
13.662
13.232
13.546
12.409
14.082
13.216
13.343
13.368
13.674
12.835
13.767
14.053
14.511
14.202
12.740
14.048
13.210
13.342
13.068
12.914
14.483
14.697
13.639
13.128
14.225
15.245
13.649
13.630
13.526
14.205
14.741
12.448
12.690
13.238
12.547
13.209
12.942
13.688
13.338
13.367
13.973
13.895
13.779
14.256
14.151
13.930
14.786
14.957
13.091
14.118
14.324
13.465
12.793
12.359
13.372
13.174
13.935
14.087
14.517
13.603
13.521
13.904
14.081
13.916
13.783
12.557
13.111
12.322
12.964
14.293
14.059
14.212
13.342
13.468
13.494
14.299
14.560
13.712
14.242
12.948
13.490
11.998
12.999
13.900
12.480
11.796
13.259
13.752
14.150
14.030
13.606
14.321
14.264
13.053
13.610
14.622
15.024
14.405
13.981
13.896
12.879
11.976
12.895
14.779
14.156
13.831
13.266
13.753
14.451
13.790
13.858
15.171
14.334
12.967
13.593
13.819
12.864
12.873
13.174
13.835
13.567
13.913
14.483
14.496
14.199
13.840
14.768
13.953
13.291
12.558
12.212
12.542
12.708
13.042
13.308
13.662
14.032
15.306
13.961
14.692
14.438
14.088
14.817
13.163
13.533
13.406
13.581
14.616
12.623
13.224
12.045
12.609
13.722
13.244
13.949
14.290
15.858
14.672
14.434
14.087
14.617
14.123
13.125
13.125
12.825
12.365
12.773
12.755
13.151
13.830
14.566
15.413
15.583
15.116
15.223
15.245
14.649
13.830
14.166
13.033
12.407
12.181
11.936
13.387
12.977
13.995
14.999
13.800
14.560
14.012
12.902
14.280
14.956
13.791
14.958
13.292
12.358
14.372
13.374
12.775
12.655
13.831
14.566
15.313
14.363
14.872
14.474
14.695
13.739
12.948
14.489
14.198
12.739
13.848
12.870
12.674
13.435
13.487
14.397
15.179
15.136
15.927
16.185
16.137
15.927
15.585
15.517
15.303
14.661
14.332
14.466
13.593
13.418
15.284
15.557
15.611
16.122
15.524
14.805
15.061
14.712
14.142
14.328
15.466
14.293
13.858
13.872
12.874
14.275
14.355
14.071
13.514
13.503
14.400
14.280
14.156
14.931
13.586
15.717
15.443
15.189
15.038
13.807
13.961
13.392
13.278
12.656
13.831
14.866
14.373
14.974
15.195
15.039
15.108
14.221
13.644
14.329
13.166
13.333
13.067
12.313
12.963
13.492
15.198
15.240
15.448
15.389
14.978
14.295
14.759
14.352
14.670
13.934
14.187
15.737
15.047
13.309
14.162
13.532
12.606
14.721
15.044
14.409
14.882
14.376
14.875
14.575
14.815
13.963
12.993
13.898
12.080
12.716
13.143
12.628
12.826
13.865
15.173
13.334
14.767
15.853
15.371
13.774
14.255
14.351
13.670
13.234
14.047
13.209
13.142
12.228
12.746
13.549
14.710
14.542
16.108
16.522
18.804
18.561
18.112
19.422
20.084
21.917
21.783
24.157
27.631
28.126
29.425
34.785
34.257
35.751
39.650
42.430
43.286
47.057
45.711
46.542
48.008
44.702
45.840
49.168
47.834
48.967
51.593
43.819
52.164
50.333
49.566
52.013
49.503
51.500
53.500
49.800
48.960
50.692
49.238
53.547
52.909
51.782
55.756
47.551
50.310
49.762
52.152
53.930
52.286
49.957
55.891
53.578
50.316
49.463
50.893
51.278
52.556
52.411
53.782
53.456
55.091
56.318
55.364
53.773
54.254
49.851
50.970
46.894
50.479
52.296
50.559
52.012
53.202
50.240
51.648
50.129
52.226
53.745
46.349
49.170
52.134
48.227
48.645
51.529
51.806
49.961
49.592
48.418
51.784
49.457
51.991
51.498
49.099
48.620
49.624
50.925
55.085
49.817
49.163
53.433
50.486
47.597
47.219
44.244
49.549
50.010
52.102
57.720
56.744
57.249
56.750
53.250
53.550
51.210
48.942
52.788
46.758
51.951
50.490
52.598
51.719
51.644
50.929
50.886
48.077
51.615
48.923
49.385
50.177
54.435
51.087
54.217
49.343
47.569
50.914
52.783
50.556
56.611
54.822
51.564
52.913
49.682
51.736
51.447
50.389
50.678
49.335
51.867
53.073
50.315
54.063
49.112
46.722
54.644
50.329
48.366
55.873
49.775
53.455
50.291
48.558
48.412
49.182
43.036
49.007
49.301
48.560
52.112
52.322
51.364
50.173
55.235
52.047
51.009
50.002
56.700
50.940
51.088
57.418
51.183
48.237
53.447
50.889
47.678
49.436
52.487
49.997
46.499
49.000
48.700
48.840
47.268
48.953
50.091
50.918
45.584
46.617
46.323
47.265
48.553
52.310
51.262
49.352
47.370
52.174
51.535
48.307
53.261
51.452
50.590
49.018
47.203
54.341
49.368
48.174
49.235
50.847
47.269
50.854
47.971
49.794
54.359
48.872
46.874
51.475
49.995
47.899
48.980
44.896
49.779
47.556
51.611
50.322
53.864
51.773
52.654
49.731
50.046
49.309
48.162
50.832
47.166
47.133
49.127
49.925
52.585
51.717
51.843
51.969
53.094
51.019
56.504
54.501
51.900
53.880
50.176
50.535
50.607
50.321
53.164
50.033
49.406
52.481
48.096
47.519
51.104
51.221
51.244
53.349
56.070
50.114
51.223
54.045
51.209
44.142
48.428
50.486
51.997
52.799
48.560
52.512
47.402
46.680
48.136
46.527
45.805
46.861
46.972
45.194
48.739
46.548
44.410
45.282
49.456
53.991
47.698
50.940
53.388
48.377
48.675
50.135
47.027
52.505
45.901
46.380
50.676
47.835
46.167
48.333
49.567
50.913
48.883
46.577
48.515
51.803
46.161
50.632
47.026
50.205
51.441
48.288
46.757
46.951
42.090
45.218
50.544
45.109
48.822
47.164
48.833
49.667
48.733
48.246
49.449
48.990
50.398
49.479
45.696
51.039
43.708
47.241
53.848
51.669
51.334
48.367
50.873
54.175
52.035
52.507
54.701
52.640
52.128
52.526
43.805
51.761
51.352
49.270
54.354
54.471
53.994
53.699
58.240
62.648
68.229
66.046
66.809
65.462
68.492
72.098
77.720
77.844
80.269
79.354
86.471
92.094
100.919
96.784
94.557
99.211
105.142
105.728
110.746
109.049
115.910
114.682
117.236
109.647
121.129
126.726
131.545
133.209
131.442
126.588
129.918
144.384
148.477
132.895
125.679
132.136
129.327
124.565
128.913
131.783
135.057
124.311
140.662
131.832
139.666
140.033
135.707
137.341
135.368
133.973
116.695
134.839
133.868
142.573
127.215
132.243
129.748
136.950
134.090
145.618
134.424
136.885
143.877
139.675
137.835
131.467
127.593
138.619
124.424
139.185
132.337
124.567
130.013
129.103
138.021
138.604
132.321
121.364
127.473
122.194
125.639
133.928
129.986
133.397
138.179
122.736
133.147
131.729
129.246
143.949
142.790
146.358
137.871
137.374
130.575
137.015
134.503
133.100
133.220
129.944
131.889
126.878
138.675
136.935
136.287
133.957
137.191
141.938
131.688
133.237
131.847
129.470
137.294
132.759
117.752
131.850
139.970
121.494
130.999
142.700
125.840
125.568
134.114
131.423
124.484
138.197
127.439
118.688
129.038
121.107
119.721
128.144
133.129
139.426
132.885
145.977
133.095
133.919
140.084
131.717
129.643
141.029
133.606
127.821
131.464
134.193
130.138
136.528
139.806
132.261
143.352
149.670
131.434
140.287
129.257
126.951
138.190
141.038
141.908
138.981
135.896
137.279
135.856
122.771
129.654
133.931
131.486
134.397
124.679
130.436
132.187
131.937
132.487
136.497
136.499
139.500
131.600
127.420
132.584
142.817
139.063
141.713
144.142
133.028
130.206
137.641
141.928
128.285
132.857
142.471
140.194
137.339
138.368
130.173
139.435
137.387
142.677
143.435
137.587
136.617
137.723
133.945
150.789
133.158
132.331
126.566
138.613
138.023
130.005
137.501
133.300
140.260
134.952
131.690
130.538
126.007
124.401
133.080
140.716
131.243
123.849
124.270
117.654
125.631
129.426
125.985
130.897
131.279
140.956
133.591
126.418
143.784
131.457
126.291
123.658
130.832
128.566
135.013
130.402
122.180
134.036
138.107
139.821
142.964
136.793
135.359
127.372
128.174
130.235
134.547
132.109
129.522
135.804
136.161
126.532
136.306
134.361
132.772
134.354
133.771
121.954
132.091
130.718
135.144
124.629
126.826
126.065
131.913
130.683
127.636
130.827
141.865
133.273
128.455
123.991
127.398
126.779
126.756
133.951
137.690
131.938
127.888
127.177
125.935
127.487
135.697
120.739
131.048
134.709
127.242
133.248
133.450
128.490
137.798
138.859
126.372
130.674
132.135
119.127
139.225
133.445
130.489
130.998
129.300
132.560
144.912
133.982
134.896
139.379
136.676
135.435
130.187
139.637
127.627
125.625
127.225
125.445
124.689
134.338
129.968
130.993
133.099
126.220
131.544
131.109
141.322
131.264
121.653
129.130
134.726
127.045
130.409
129.382
131.676
122.135
134.127
129.225
135.445
133.389
140.778
148.755
141.151
147.830
139.666
147.133
148.126
166.725
163.745
168.349
176.170
166.934
172.287
175.457
185.391
176.478
179.596
170.319
182.464
186.893
170.679
192.136
183.127
184.125
190.325
187.565
177.213
181.043
181.009
189.502
186.300
188.960
175.892
181.778
191.556
182.911
184.082
190.116
192.123
192.025
185.805
181.961
170.492
173.298
179.360
189.472
174.594
176.119
161.324
178.665
199.133
182.326
190.465
191.093
180.919
181.884
179.977
189.295
179.259
182.952
173.390
187.678
195.236
185.447
181.189
181.238
169.147
184.429
188.186
193.937
196.487
185.497
190.200
174.140
179.128
185.126
191.625
189.925
198.085
188.917
190.783
184.057
180.311
184.262
167.852
177.370
188.674
172.135
189.127
184.025
178.105
179.621
173.324
183.965
181.793
178.459
177.492
182.498
185.100
188.620
179.124
178.325
180.465
180.693
190.938
190.588
191.618
183.323
189.165
188.733
186.347
191.369
177.474
189.695
190.339
190.468
184.493
176.599
181.420
183.484
192.797
198.159
174.232
189.846
174.669
174.234
179.747
188.949
172.190
171.538
186.408
200.281
190.356
180.371
188.374
181.175
182.235
189.947
169.889
179.878
185.875
198.875
184.475
180.895
177.979
181.296
169.659
174.432
188.886
175.577
187.115
181.823
191.164
181.533
177.506
173.301
175.160
195.932
175.486
188.097
183.419
179.284
183.657
190.631
189.326
178.165
169.833
183.566
169.313
170.363
181.872
164.774
168.155
181.631
178.626
175.525
189.005
178.601
166.120
176.324
188.865
191.073
172.315
185.963
179.492
181.298
188.260
196.552
178.510
173.202
178.040
173.008
173.001
178.600
176.820
177.964
172.393
167.678
175.836
177.167
175.533
156.007
168.301
157.960
175.192
180.438
171.288
183.057
176.911
185.082
174.716
178.143
181.029
187.206
179.941
178.388
190.278
180.355
187.171
181.834
182.167
186.033
187.007
174.201
186.840
193.468
189.394
184.479
191.996
176.699
169.340
147.368
150.374
179.075
171.415
165.483
178.096
175.119
154.124
150.125
164.625
168.825
173.865
175.173
164.935
147.387
153.177
171.835
177.467
167.193
165.239
172.448
155.789
164.458
168.392
171.978
166.396
165.679
173.936
165.587
164.517
172.903
159.181
177.336
179.967
196.993
177.799
171.760
175.052
194.610
175.722
175.644
173.529
179.506
171.801
177.660
185.032
169.006
172.101
184.820
181.464
177.393
159.578
171.816
169.763
162.753
172.151
174.030
170.106
171.121
172.524
175.605
176.421
166.784
172.557
184.511
175.802
173.260
182.052
177.910
173.782
172.856
169.371
170.674
170.035
179.107
180.721
177.444
164.589
170.718
164.543
181.709
182.942
173.388
161.578
164.415
163.583
158.217
153.543
175.809
171.562
155.912
167.182
173.936
163.287
166.457
156.291
159.258
157.252
139.350
143.670
136.534
128.307
140.661
141.132
134.026
142.705
127.841
130.968
130.394
130.679
124.436
122.387
128.077
133.015
134.503
135.301
130.260
136.852
131.470
122.894
129.379
138.076
126.815
134.563
135.913
118.282
110.156
117.731
118.746
121.849
129.570
130.614
137.623
136.124
142.325
136.465
132.493
131.799
129.860
121.772
135.054
120.411
117.382
124.976
123.195
133.139
137.328
136.965
127.093
127.018
132.604
135.421
126.384
135.177
133.635
133.927
135.585
126.717
136.543
132.909
133.882
139.876
140.975
138.695
136.539
130.108
124.521
133.204
128.341
129.368
143.074
132.415
131.383
134.476
133.095
133.519
133.904
127.881
132.076
134.115
136.823
139.865
133.973
138.794
131.659
126.832
130.766
132.653
125.030
130.506
135.401
131.680
133.836
130.967
140.793
130.659
129.532
130.006
126.301
129.860
120.272
140.054
141.211
140.042
124.608
134.622
137.524
132.305
144.161
128.532
132.706
141.641
144.128
130.125
132.125
131.525
137.105
130.121
135.924
117.585
130.017
133.103
134.421
139.984
139.097
130.819
127.764
130.353
137.171
132.434
135.587
130.017
133.103
138.421
133.784
128.657
131.631
129.426
140.385
142.177
144.835
144.967
145.593
138.419
143.084
127.517
131.003
148.000
132.100
141.620
141.324
139.065
131.813
135.063
133.412
133.382
132.176
137.335
128.167
128.233
126.147
133.629
130.426
129.885
136.477
127.595
137.719
135.644
143.729
134.346
132.969
138.194
127.239
145.448
126.789
130.658
136.131
127.526
129.205
128.841
137.568
141.414
142.583
130.416
143.783
138.757
128.351
134.170
129.334
123.767
132.453
136.691
125.638
134.427
126.685
123.237
134.247
133.649
137.630
138.826
128.165
135.433
123.886
129.277
141.355
122.471
124.294
129.359
124.872
139.374
133.375
134.575
121.015
122.603
128.821
124.264
114.853
111.470
127.894
136.179
138.736
138.447
136.889
130.178
124.835
122.867
129.273
120.755
132.551
126.710
118.342
127.468
112.894
109.479
106.896
102.179
106.836
114.567
108.813
103.563
110.512
121.502
111.000
125.700
107.240
105.848
117.269
126.654
116.831
122.566
123.113
129.623
121.824
118.165
112.333
124.267
116.253
122.351
117.570
120.414
110.583
131.117
116.223
127.545
115.809
115.462
117.692
116.538
118.908
118.281
120.356
115.971
124.394
126.779
128.856
136.971
119.494
128.499
120.900
128.480
116.596
131.419
132.784
123.057
134.111
128.422
122.184
136.937
124.587
128.617
134.823
141.965
131.293
134.659
134.932
134.986
131.397
133.779
128.756
135.751
137.450
138.490
125.798
130.259
134.152
139.430
134.686
126.637
141.927
129.385
138.977
140.095
135.819
137.264
136.353
129.770
135.954
130.091
133.318
131.964
127.693
125.138
125.928
120.585
114.417
107.183
117.937
99.387
100.677
99.435
94.287
96.657
88.431
96.886
97.977
92.795
79.159
81.532
71.906
69.081
69.316
63.863
66.273
67.154
66.531
60.806
56.861
63.472
58.394
55.279
56.956
56.891
53.178
53.736
56.547
56.009
56.002
49.600
54.220
48.544
50.109
50.222
48.944
50.989
54.298
55.759
53.452
51.890
52.378
49.575
52.215
51.343
54.668
53.834
50.167
52.533
51.507
53.801
51.260
49.252
47.650
49.130
42.926
44.285
46.157
46.131
52.626
51.225
49.945
53.889
50.478
49.895
54.579
53.616
51.423
55.585
54.417
54.483
53.896
46.779
52.456
49.191
50.638
50.327
49.065
53.813
48.963
48.992
48.698
49.340
49.868
49.674
49.335
51.067
52.413
49.383
52.776
52.155
51.631
52.526
48.705
49.141
51.028
53.406
53.081
54.516
52.003
53.301
52.660
50.232
51.446
51.489
54.298
54.459
51.892
50.378
48.876
48.575
53.815
50.463
48.492
52.298
49.659
46.832
50.866
46.873
48.075
56.415
52.683
52.436
51.887
49.677
56.735
50.647
50.629
51.926
50.285
47.857
47.471
46.794
46.759
48.752
52.550
50.810
47.762
51.752
50.850
48.070
53.314
53.463
49.092
53.618
55.724
53.245
50.449
49.490
49.998
50.300
51.160
53.332
51.766
48.353
53.271
50.554
46.911
51.782
50.656
52.131
52.126
47.425
49.785
51.457
49.691
49.838
50.968
49.993
53.499
52.100
51.620
50.424
52.085
49.017
