-18.000
-21.000
-22.500
-23.250
-29.625
-32.812
-26.406
-25.203
-24.601
-10.301
-11.150
-3.575
0.212
2.106
-4.947
-0.473
-6.237
-3.118
-1.559
1.220
0.610
2.305
1.153
-5.424
-2.712
-9.356
-10.678
-5.339
-8.669
-4.335
-2.167
0.916
-5.542
-2.771
-7.385
-9.693
-2.846
0.577
-5.712
-2.856
-7.428
-3.714
-9.857
-4.928
-8.464
-10.232
-5.116
-10.558
-11.279
-3.639
-7.820
-3.910
-7.955
-1.977
-0.989
1.506
2.753
1.376
2.688
-4.656
-8.328
-10.164
-11.082
-5.541
-10.770
-3.385
-1.693
-0.846
-0.423
-0.212
1.894
0.947
0.474
0.237
2.118
3.059
1.530
2.765
1.382
2.691
1.346
2.673
1.336
2.668
3.334
3.667
1.834
2.917
9.458
12.729
14.365
9.182
6.591
5.296
10.648
7.324
3.662
1.831
2.915
3.458
3.729
9.864
12.932
8.466
6.233
5.116
4.558
4.279
4.140
4.070
2.035
1.017
2.509
3.254
9.627
6.814
5.407
10.703
7.352
5.676
10.838
5.419
4.709
4.355
10.177
13.089
16.544
8.272
6.136
3.068
1.534
2.767
1.383
0.692
2.346
3.173
1.586
2.793
9.397
6.698
5.349
4.675
4.337
4.169
2.084
9.042
4.521
4.261
10.130
7.065
5.533
4.766
10.383
13.192
6.596
3.298
1.649
2.824
3.412
1.706
0.853
2.426
1.213
0.607
8.303
6.152
5.076
4.538
2.269
3.134
3.567
9.784
12.892
8.446
6.223
11.111
5.556
4.778
10.389
7.194
3.597
3.799
3.899
9.950
6.975
3.487
1.744
0.872
2.436
3.218
3.609
9.804
12.902
6.451
11.226
5.613
4.806
4.403
4.202
4.101
4.050
4.025
4.013
10.006
7.003
5.502
4.751
2.375
3.188
1.594
8.797
4.398
2.199
1.100
2.550
3.275
1.637
0.819
2.409
9.205
4.602
10.301
13.151
8.575
6.288
11.144
7.572
5.786
2.893
1.446
2.723
9.362
12.681
8.340
12.170
14.085
9.043
12.521
8.261
6.130
11.065
5.533
2.766
3.383
1.692
0.846
0.423
0.211
8.106
6.053
5.026
4.513
4.257
4.128
10.064
5.032
4.516
2.258
1.129
2.564
3.282
1.641
0.821
0.410
8.205
6.103
5.051
4.526
4.263
10.131
7.066
3.533
9.766
6.883
5.442
4.721
4.360
4.180
4.090
2.045
3.022
1.511
2.756
1.378
2.689
3.344
9.672
12.836
8.418
4.209
10.105
7.052
11.526
5.763
2.882
9.441
6.720
11.360
7.680
13.840
14.920
9.460
4.730
10.365
13.183
8.591
6.296
3.148
3.574
3.787
1.893
0.947
2.473
3.237
1.618
8.809
6.405
5.202
2.601
9.301
6.650
5.325
4.663
2.331
3.166
3.583
1.791
0.896
2.448
3.224
3.612
1.806
8.903
6.451
3.226
1.613
2.806
3.403
3.702
3.851
3.925
1.963
0.981
2.491
1.245
2.623
1.311
2.656
3.328
9.664
14.832
9.416
12.708
6.354
5.177
4.588
4.294
10.147
7.074
5.537
4.768
4.384
4.192
12.096
14.048
15.024
9.512
12.756
6.378
3.189
9.595
6.797
11.399
7.699
5.850
4.925
2.462
3.231
1.616
0.808
2.404
3.202
3.601
3.800
9.900
6.950
11.475
7.738
11.869
13.934
14.967
7.484
5.742
4.871
4.435
4.218
10.109
15.054
15.527
9.764
4.882
4.441
4.220
10.110
7.055
3.528
9.764
6.882
3.441
1.720
0.860
8.430
6.215
11.108
15.554
9.777
6.888
11.444
7.722
3.861
9.931
12.965
8.483
6.241
3.121
9.560
6.780
3.390
3.695
9.848
6.924
5.462
2.731
3.365
3.683
3.841
1.921
2.960
9.480
6.740
3.370
1.685
0.843
0.421
8.211
12.105
8.053
12.026
14.013
7.007
3.503
3.752
9.876
12.938
8.469
12.234
8.117
4.059
4.029
4.015
4.007
4.004
4.002
10.001
7.000
13.500
14.750
15.375
17.688
16.844
16.422
18.211
19.105
17.553
16.776
18.388
27.194
29.597
32.799
32.399
42.200
37.100
42.550
39.275
43.638
45.819
40.909
38.455
43.227
47.614
47.807
49.903
42.952
45.476
40.738
44.369
46.185
41.092
38.546
43.273
45.637
48.818
42.409
45.205
46.602
47.301
47.651
49.825
40.913
46.456
41.228
44.614
46.307
41.154
44.577
48.288
48.144
48.072
48.036
48.018
48.009
50.005
51.002
49.501
48.751
48.375
50.188
49.094
50.547
51.274
49.637
42.818
47.409
47.705
49.852
40.926
46.463
47.232
49.616
42.808
39.404
45.702
46.851
39.426
35.713
41.856
38.928
43.464
45.732
46.866
49.433
50.717
51.358
49.679
42.840
45.420
46.710
49.355
48.678
42.339
45.169
48.585
50.292
51.146
51.573
43.787
47.893
47.947
39.973
43.987
37.993
42.997
45.498
48.749
50.375
49.187
50.594
49.297
40.648
44.324
48.162
48.081
48.041
50.020
49.010
48.505
50.253
49.126
50.563
43.282
47.641
47.820
49.910
50.955
49.478
50.739
49.369
42.685
45.342
48.671
50.336
49.168
50.584
49.292
48.646
50.323
51.162
51.581
49.790
50.895
51.448
49.724
48.862
50.431
51.216
51.608
51.804
49.902
50.951
49.476
50.738
51.369
51.684
51.842
49.921
48.961
50.480
49.240
48.620
50.310
51.155
49.578
50.789
49.394
48.697
48.349
50.174
51.087
49.544
48.772
50.386
49.193
50.597
51.298
51.649
51.825
51.912
51.956
49.978
42.989
47.495
49.747
42.874
45.437
46.718
49.359
50.680
43.340
45.670
46.835
41.418
44.709
40.354
44.177
46.089
47.044
49.522
50.761
51.381
51.690
51.845
49.923
48.961
48.481
40.240
44.120
40.060
44.030
46.015
39.008
37.504
42.752
45.376
48.688
48.344
40.172
46.086
49.043
48.522
50.261
51.130
49.565
50.783
43.391
47.696
47.848
49.924
48.962
50.481
49.241
50.620
49.310
48.655
48.328
48.164
48.082
48.041
48.021
50.010
49.005
48.503
50.251
49.126
50.563
51.281
49.641
50.820
49.410
48.705
50.353
49.176
50.588
49.294
48.647
48.324
40.162
44.081
48.041
42.020
37.010
44.505
48.253
50.126
51.063
51.532
51.766
51.883
49.942
40.971
38.485
43.243
47.621
49.811
50.905
41.453
46.726
41.363
46.682
47.341
41.670
46.835
49.418
48.709
42.354
45.177
46.589
47.294
41.647
36.824
42.412
39.206
43.603
45.802
38.901
37.450
42.725
37.363
44.681
40.341
36.170
44.085
38.043
43.021
47.511
39.755
43.878
45.939
46.970
39.485
43.742
45.871
46.936
41.468
36.734
44.367
40.184
38.092
35.046
33.523
40.762
46.381
41.190
38.595
35.298
41.649
46.824
47.412
49.706
48.853
50.427
49.213
48.607
40.303
44.152
46.076
41.038
46.519
41.260
44.630
40.315
44.158
48.079
48.039
48.020
48.010
50.005
49.003
50.501
43.251
45.625
48.813
50.406
51.203
49.602
50.801
49.400
48.700
56.350
62.175
63.088
57.544
62.772
63.386
63.693
63.847
63.923
71.962
67.981
75.991
79.995
89.998
86.999
85.500
84.750
92.375
96.188
96.094
98.047
107.023
109.512
110.756
113.378
114.689
123.344
125.672
128.836
128.418
128.209
120.105
118.052
133.026
130.513
121.257
126.628
127.314
127.657
127.829
129.914
130.957
121.479
124.739
128.370
138.185
133.092
140.546
134.273
131.137
129.568
112.784
120.392
124.196
134.098
125.049
136.525
118.262
125.131
126.566
135.283
133.641
130.821
139.410
141.705
134.853
125.426
120.713
124.357
118.178
123.089
125.545
120.772
124.386
120.193
134.097
133.048
132.524
122.262
127.131
129.565
122.783
125.391
128.696
128.348
138.174
125.087
128.543
130.272
123.136
125.568
128.784
130.392
129.196
128.598
122.299
125.149
126.575
119.287
125.644
128.822
130.411
131.205
137.603
134.801
125.401
118.700
125.350
134.675
133.338
140.669
134.334
133.167
132.584
130.292
123.146
135.573
131.786
121.893
126.947
135.473
125.737
120.868
126.434
121.217
126.609
127.304
127.652
119.826
115.913
113.957
122.978
119.489
117.745
130.872
129.436
128.718
130.359
121.180
124.590
128.295
122.147
135.074
123.537
125.768
120.884
126.442
127.221
137.611
134.805
131.403
131.701
139.851
133.925
140.963
136.481
132.241
130.120
137.060
142.530
135.265
131.633
131.816
129.908
128.954
120.477
126.238
127.119
121.560
118.780
125.390
128.695
130.347
123.174
127.587
129.793
130.897
123.448
125.724
128.862
138.431
133.216
132.608
132.304
132.152
122.076
127.038
129.519
130.759
131.380
129.690
130.845
139.422
143.711
135.856
139.928
133.964
132.982
132.491
132.245
132.123
132.061
130.031
129.015
120.508
118.254
115.127
121.563
124.782
126.391
129.195
130.598
137.299
134.649
133.325
132.662
132.331
130.166
131.083
139.541
125.771
120.885
116.443
116.221
122.111
127.055
127.528
127.764
119.882
125.941
128.970
122.485
133.243
130.621
131.311
121.655
124.828
120.414
126.207
129.103
120.552
126.276
135.138
139.569
133.785
124.892
134.446
123.223
119.611
125.806
126.903
119.451
117.726
122.863
127.431
119.716
123.858
133.929
130.964
129.482
130.741
123.371
125.685
128.843
130.421
121.211
116.605
116.303
116.151
114.076
121.038
126.519
127.259
129.630
120.815
118.407
115.204
123.602
127.801
121.900
126.950
119.475
125.738
128.869
130.434
123.217
125.609
120.804
124.402
134.201
133.101
130.550
129.275
136.638
134.319
133.159
122.580
125.290
128.645
120.322
126.161
135.081
125.540
128.770
120.385
126.193
135.096
133.548
124.774
128.387
130.193
129.097
130.548
129.274
130.637
129.319
128.659
128.330
122.165
125.082
126.541
127.271
129.635
128.818
130.409
131.204
129.602
130.801
121.401
124.700
126.350
119.175
125.588
118.794
123.397
127.698
127.849
119.925
131.962
123.981
133.991
138.995
141.498
144.749
138.374
149.187
148.594
154.297
157.148
150.574
165.287
164.644
170.322
167.161
171.581
173.790
174.895
167.448
171.724
183.862
179.931
179.966
171.983
175.991
177.996
178.998
177.499
168.750
180.375
180.187
180.094
186.047
173.024
182.512
187.256
181.628
180.814
180.407
186.204
181.102
180.551
178.276
179.138
177.569
178.785
179.392
177.696
168.848
166.424
173.212
184.606
180.303
178.152
177.076
170.538
173.269
176.635
184.317
174.159
175.079
167.540
171.770
183.885
187.943
173.971
174.986
177.493
176.747
178.373
187.187
189.593
182.797
179.398
179.699
179.850
179.925
179.962
179.981
177.991
168.995
190.498
185.249
164.624
180.312
178.156
179.078
177.539
178.770
185.385
182.692
173.346
168.673
174.337
177.168
178.584
171.292
167.646
171.823
165.912
172.956
166.478
173.239
176.620
176.310
186.155
181.078
178.539
179.269
187.635
175.817
175.909
185.954
164.977
178.489
185.244
190.622
183.311
181.656
170.828
175.414
167.707
181.854
178.927
179.463
171.732
175.866
169.933
180.967
172.483
174.242
177.121
186.560
191.280
183.640
179.820
169.910
174.955
185.478
180.739
178.369
177.185
184.592
188.296
182.148
173.074
174.537
175.269
159.634
167.817
163.909
169.954
174.977
177.489
184.744
172.372
166.186
171.093
191.547
177.773
176.887
178.443
187.222
191.611
183.806
187.903
183.951
171.976
165.988
162.994
169.497
164.749
170.374
165.187
162.594
161.297
168.649
172.324
168.162
174.081
175.041
175.520
177.760
168.880
180.440
172.220
168.110
180.055
180.028
180.014
180.007
180.004
170.002
183.001
179.501
171.750
167.875
173.938
168.969
164.484
178.242
171.121
159.561
159.780
159.890
169.945
174.973
175.486
175.743
175.872
175.936
177.968
170.984
173.492
174.746
175.373
169.687
182.843
173.422
166.711
173.355
184.678
180.339
180.170
172.085
174.042
183.021
179.511
177.755
184.878
180.439
162.220
163.110
161.555
170.777
165.389
164.694
164.347
164.174
156.087
160.043
162.022
163.011
161.505
160.753
162.376
155.188
159.594
169.797
174.899
175.449
161.725
170.862
165.431
162.716
161.358
168.679
174.340
169.170
164.585
164.292
162.146
169.073
158.537
169.268
164.634
180.317
178.159
171.079
167.540
179.770
171.885
175.943
169.971
174.986
167.493
155.746
165.873
154.937
159.468
169.734
172.867
184.434
166.217
163.108
161.554
160.777
160.389
170.194
173.097
174.549
177.274
168.637
174.319
175.159
167.580
181.790
170.895
165.448
172.724
176.362
176.181
178.091
179.045
171.523
159.761
167.881
179.940
177.970
168.985
166.493
163.246
171.623
173.812
174.906
159.453
159.727
161.863
154.932
159.466
167.733
173.867
158.933
159.467
167.733
165.867
164.933
154.467
157.233
160.617
146.308
145.154
136.577
116.289
124.144
134.072
125.036
128.518
138.259
133.130
122.565
119.282
125.641
118.821
125.410
128.705
128.353
130.176
129.088
128.544
130.272
123.136
119.568
131.784
121.892
126.946
129.473
120.736
108.368
112.184
112.092
112.046
122.023
127.011
129.506
130.753
129.376
130.688
129.344
130.672
129.336
122.668
117.334
108.667
110.334
121.167
116.583
122.292
133.146
132.573
132.286
130.143
129.072
128.536
130.268
137.134
134.567
133.283
130.642
129.321
130.660
137.330
126.665
129.333
128.666
130.333
131.167
131.583
121.792
124.896
126.448
127.224
135.612
125.806
128.903
130.451
129.226
120.613
134.306
125.153
128.577
128.288
130.144
131.072
129.536
130.768
129.384
122.692
125.346
126.673
127.337
129.668
130.834
129.417
128.709
128.354
128.177
130.089
129.044
122.522
127.261
129.631
122.815
133.408
140.704
142.352
135.176
133.588
132.794
132.397
130.198
129.099
128.550
136.275
142.137
129.069
130.534
129.267
128.634
128.317
130.158
123.079
127.540
129.770
130.885
131.442
129.721
130.861
123.430
125.715
126.858
127.429
129.714
130.857
123.429
135.714
131.857
121.929
118.964
125.482
128.741
128.371
136.185
142.093
143.046
135.523
133.762
132.881
124.440
136.220
134.110
131.055
131.528
131.764
129.882
128.941
130.470
129.235
120.618
124.309
126.154
127.077
121.539
124.769
120.385
116.192
122.096
125.048
126.524
129.262
136.631
134.316
133.158
132.579
130.289
137.145
126.572
127.286
119.643
117.822
124.911
120.455
126.228
135.114
141.557
136.778
132.389
140.195
134.097
133.049
138.524
127.262
135.631
133.816
122.908
117.454
124.727
128.363
128.182
130.091
123.045
127.523
121.761
126.881
119.440
115.720
121.860
124.930
128.465
122.232
119.116
123.558
125.779
128.890
128.445
114.222
121.111
118.556
109.278
110.639
121.319
124.660
126.330
127.165
127.582
127.791
129.896
130.948
131.474
129.737
130.868
129.434
122.717
133.359
124.679
120.340
108.170
102.085
101.043
108.521
102.261
109.130
104.565
108.283
104.141
108.071
102.035
99.018
107.509
117.754
106.877
111.439
113.719
112.860
112.430
114.215
115.107
123.554
111.777
111.888
113.944
122.972
109.486
118.743
115.372
115.686
115.843
115.921
115.961
113.980
114.990
113.495
120.748
116.374
124.187
120.093
126.047
137.023
126.512
127.256
119.628
125.814
120.907
116.453
124.227
128.113
130.057
123.028
127.514
137.757
134.879
133.439
132.720
140.360
126.180
127.090
135.545
123.773
125.886
126.943
119.472
125.736
128.868
136.434
132.217
132.108
130.054
131.027
131.514
121.757
132.878
130.439
131.220
131.610
131.805
129.902
130.951
123.476
125.738
126.869
129.434
122.717
125.359
118.679
117.340
114.670
121.335
116.667
116.334
106.167
103.083
101.542
92.771
88.386
86.193
93.096
96.548
88.274
84.137
76.069
70.034
67.017
67.509
59.754
61.877
62.939
63.469
63.735
57.867
60.934
54.467
53.233
52.617
50.308
51.154
51.577
51.789
49.894
50.947
49.474
48.737
50.368
49.184
48.592
48.296
48.148
50.074
51.037
49.519
50.759
43.380
45.690
46.845
47.423
47.711
47.856
47.928
49.964
42.982
47.491
41.746
44.873
48.436
48.218
42.109
45.055
48.527
50.264
49.132
48.566
48.283
50.142
49.071
48.535
48.268
48.134
50.067
49.034
50.517
51.258
51.629
41.815
46.907
41.454
44.727
48.363
42.182
45.091
48.545
50.273
51.136
51.568
49.784
48.892
50.446
51.223
51.612
49.806
50.903
51.451
49.726
50.863
43.431
45.716
46.858
47.429
49.715
50.857
49.429
50.714
51.357
51.679
51.839
43.920
47.960
47.980
49.990
48.995
42.498
45.249
48.624
48.312
50.156
51.078
51.539
51.770
49.885
50.942
43.471
45.736
48.868
48.434
48.217
50.109
51.054
49.527
48.764
50.382
51.191
51.595
49.798
50.899
49.450
42.725
45.362
48.681
42.341
45.170
46.585
49.293
48.646
50.323
51.162
49.581
48.790
50.395
49.198
50.599
43.299
45.650
48.825
50.412
49.206
42.603
47.302
49.651
48.825
50.413
49.206
50.603
51.302
51.651
49.825
50.913
49.456
48.728
42.364
47.182
49.591
40.796
46.398
49.199
48.600
48.300
