-23.760
-23.976
-23.998
-24.000
-34.800
-35.880
-21.588
-23.759
-23.976
1.202
-10.680
2.532
3.853
3.985
-10.401
2.560
-10.544
-1.054
-0.105
3.589
0.359
3.636
0.364
-10.764
-1.076
-14.508
-12.251
-1.225
-10.922
-1.092
-0.109
3.589
-10.441
-1.044
-10.904
-11.890
2.411
3.841
-10.416
-1.042
-10.904
-1.090
-14.509
-1.451
-10.945
-11.894
-1.189
-14.519
-12.252
2.375
-10.562
-1.056
-10.905
2.509
0.251
3.625
3.962
0.396
3.640
-10.436
-11.843
-11.984
-11.998
-1.200
-14.520
2.148
0.215
0.021
0.002
0.000
3.600
0.360
0.036
0.004
3.600
3.960
0.396
3.640
0.364
3.636
0.364
3.636
0.364
3.636
3.964
3.996
0.400
3.640
14.764
15.876
15.988
5.199
4.120
4.012
14.801
5.080
0.508
0.051
3.605
3.960
3.996
14.800
15.880
5.188
4.119
4.012
4.001
4.000
4.000
4.000
0.400
0.040
3.604
3.960
14.796
5.080
4.108
14.811
5.081
4.108
14.811
1.481
3.748
3.975
14.798
15.880
19.588
1.959
3.796
0.380
0.038
3.604
0.360
0.036
3.604
3.960
0.396
3.640
14.764
5.076
4.108
4.011
4.001
4.000
0.400
14.440
1.444
3.744
14.774
5.077
4.108
4.011
14.801
15.880
1.588
0.159
0.016
3.602
3.960
0.396
0.040
3.604
0.360
0.036
14.404
5.040
4.104
4.010
0.401
3.640
3.964
14.796
15.880
5.188
4.119
14.812
1.481
3.748
14.775
5.077
0.508
3.651
3.965
14.797
5.080
0.508
0.051
0.005
3.600
3.960
3.996
14.800
15.880
1.588
14.559
1.456
3.746
3.975
3.997
4.000
4.000
4.000
4.000
14.800
5.080
4.108
4.011
0.401
3.640
0.364
14.436
1.444
0.144
0.014
3.601
3.960
0.396
0.040
3.604
14.760
1.476
14.548
15.855
5.185
4.118
14.812
5.081
4.108
0.411
0.041
3.604
14.760
15.876
5.188
14.919
15.892
5.189
14.919
5.092
4.109
14.811
1.481
0.148
3.615
0.361
0.036
0.004
0.000
14.400
5.040
4.104
4.010
4.001
4.000
14.800
1.480
3.748
0.375
0.037
3.604
3.960
0.396
0.040
0.004
14.400
5.040
4.104
4.010
4.001
14.800
5.080
0.508
14.451
5.045
4.104
4.010
4.001
4.000
4.000
0.400
3.640
0.364
3.636
0.364
3.636
3.964
14.796
15.880
5.188
0.519
14.452
5.045
14.905
1.490
0.149
14.415
5.041
14.904
5.090
18.509
16.251
5.225
0.523
14.452
15.845
5.184
4.118
0.412
3.641
3.964
0.396
0.040
3.604
3.960
0.396
14.440
5.044
4.104
0.410
14.441
5.044
4.104
4.010
0.401
3.640
3.964
0.396
0.040
3.604
3.960
3.996
0.400
14.440
5.044
0.504
0.050
3.605
3.960
3.996
4.000
4.000
0.400
0.040
3.604
0.360
3.636
0.364
3.636
3.964
14.796
19.480
5.548
14.955
1.495
3.750
3.975
3.997
14.800
5.080
4.108
4.011
4.001
4.000
18.400
16.240
16.024
5.202
14.920
1.492
0.149
14.415
5.041
14.904
5.090
4.109
4.011
0.401
3.640
0.364
0.036
3.604
3.960
3.996
4.000
14.800
5.080
14.908
5.091
14.909
15.891
15.989
1.599
3.760
3.976
3.998
4.000
14.800
19.480
16.348
5.235
0.523
3.652
3.965
14.797
5.080
0.508
14.451
5.045
0.505
0.050
0.005
14.401
5.040
14.904
19.490
5.549
4.155
14.816
5.082
0.508
14.451
15.845
5.184
4.118
0.412
14.441
5.044
0.504
3.650
14.765
5.076
4.108
0.411
3.641
3.964
3.996
0.400
3.640
14.764
5.076
0.508
0.051
0.005
0.001
14.400
15.840
5.184
14.918
15.892
1.589
0.159
3.616
14.762
15.876
5.188
14.919
5.092
0.509
3.651
3.965
3.996
4.000
4.000
14.800
5.080
18.508
16.251
16.025
19.602
16.360
16.036
19.604
19.960
16.396
16.040
19.604
34.360
32.236
35.624
32.362
50.036
33.804
46.580
37.058
46.906
47.891
37.189
36.119
46.812
51.481
48.348
51.635
37.563
46.956
37.096
46.910
47.891
37.189
36.119
46.812
47.881
51.588
37.559
46.956
47.896
47.990
47.999
51.600
33.960
50.196
37.420
46.942
47.894
37.189
46.919
51.492
48.349
48.035
48.004
48.000
48.000
51.600
51.960
48.396
48.040
48.004
51.600
48.360
51.636
51.964
48.396
37.240
50.524
48.252
51.625
33.963
50.196
48.220
51.622
37.562
36.156
50.416
48.242
33.624
32.162
46.416
37.042
46.904
47.891
47.989
51.599
51.960
51.996
48.400
37.240
46.924
47.892
51.589
48.359
37.236
46.924
51.492
51.949
51.995
52.000
37.600
50.560
48.256
33.626
46.563
33.456
46.546
47.855
51.586
51.959
48.396
51.640
48.364
33.636
46.564
51.456
48.346
48.035
51.604
48.360
48.036
51.604
48.360
51.636
37.564
50.556
48.256
51.626
51.963
48.396
51.640
48.364
37.236
46.924
51.492
51.949
48.395
51.640
48.364
48.036
51.604
51.960
51.996
48.400
51.640
51.964
48.396
48.040
51.604
51.960
51.996
52.000
48.400
51.640
48.364
51.636
51.964
51.996
52.000
48.400
48.040
51.604
48.360
48.036
51.604
51.960
48.396
51.640
48.364
48.036
48.004
51.600
51.960
48.396
48.040
51.604
48.360
51.636
51.964
51.996
52.000
52.000
52.000
48.400
37.240
50.524
51.852
37.585
46.959
47.896
51.590
51.959
37.596
46.960
47.896
37.190
46.919
37.092
46.909
47.891
47.989
51.599
51.960
51.996
52.000
52.000
48.400
48.040
48.004
33.600
46.560
37.056
46.906
47.891
33.589
35.759
46.776
47.878
51.588
48.359
33.636
50.164
51.816
48.382
51.638
51.964
48.396
51.640
37.564
50.556
48.256
51.626
48.363
51.636
48.364
51.636
48.364
48.036
48.004
48.000
48.000
48.000
48.000
51.600
48.360
48.036
51.604
48.360
51.636
51.964
48.396
51.640
48.364
48.036
51.604
48.360
51.636
48.364
48.036
48.004
33.600
46.560
51.456
37.546
32.555
50.056
51.806
51.981
51.998
52.000
52.000
52.000
48.400
33.640
35.764
46.776
51.478
51.948
51.995
34.000
50.200
37.420
50.542
48.254
37.225
50.523
51.852
48.385
37.239
46.924
47.892
47.989
37.199
32.520
46.452
37.045
46.905
47.891
33.589
35.759
46.776
33.478
50.148
37.415
32.542
50.054
33.805
46.581
51.458
33.946
46.595
47.860
47.986
33.599
46.560
47.856
47.986
37.199
32.520
50.052
37.405
36.141
32.414
32.041
46.404
51.440
37.544
36.154
32.416
46.442
51.444
48.345
51.634
48.364
51.636
48.364
48.036
33.604
46.560
47.856
37.186
50.519
37.452
46.945
37.095
46.910
51.491
48.349
48.035
48.004
51.600
48.360
51.636
37.564
46.956
51.496
51.950
51.995
48.400
51.640
48.364
48.036
62.404
67.440
64.344
53.234
66.524
64.252
64.025
64.003
64.000
78.400
65.440
82.144
83.815
98.382
85.438
84.144
84.014
98.402
99.840
96.384
99.639
114.364
112.236
112.024
115.602
115.960
130.396
128.240
131.624
128.362
128.036
113.604
115.760
144.776
129.678
113.768
130.177
128.218
128.022
128.002
131.600
131.960
113.996
126.600
131.460
146.346
129.835
146.183
129.818
128.182
128.018
99.202
125.120
127.712
142.371
118.637
145.064
104.507
129.251
128.125
142.413
133.041
128.504
146.050
144.205
129.621
117.362
116.136
126.814
113.481
126.548
127.855
117.185
126.919
117.092
144.909
133.291
132.129
114.013
130.201
131.820
117.582
126.958
131.496
128.350
146.035
115.403
130.340
131.834
117.583
126.958
131.496
131.950
128.395
128.040
117.204
126.920
127.892
113.589
130.159
131.816
131.982
131.998
142.800
133.080
117.708
112.571
130.057
142.606
133.061
146.506
129.851
131.785
131.978
128.398
117.240
144.924
129.692
113.769
130.177
142.618
118.662
116.266
130.427
117.443
130.544
128.254
128.025
113.603
112.160
112.016
130.002
117.400
116.140
141.214
129.321
128.132
131.613
113.961
126.596
131.460
117.546
144.955
115.295
126.730
117.073
130.507
128.251
146.025
133.402
128.540
131.654
146.365
129.837
146.184
133.418
128.542
128.054
142.405
147.441
129.944
128.194
131.619
128.362
128.036
113.604
130.160
128.216
117.222
116.122
130.412
131.841
131.984
117.598
130.560
131.856
131.986
117.599
126.960
131.496
146.350
129.835
131.783
131.978
131.998
114.000
130.200
131.820
131.982
131.998
128.400
131.640
146.364
147.836
129.984
142.598
129.460
131.746
131.975
131.997
132.000
132.000
128.400
128.040
113.604
115.760
112.376
126.438
127.844
127.984
131.598
131.960
142.796
133.080
132.108
132.011
132.001
128.400
131.640
146.364
115.436
115.944
112.394
115.639
126.764
131.476
128.348
128.035
113.603
130.160
131.816
117.582
141.358
129.336
131.734
113.973
126.597
117.060
130.506
131.851
113.985
130.198
142.620
143.862
129.586
117.359
141.336
114.934
115.893
130.389
128.239
113.624
115.762
126.776
131.478
113.948
126.595
142.260
129.426
128.143
131.614
117.561
126.956
131.496
131.950
113.995
112.199
115.620
115.962
112.396
126.440
131.444
128.344
131.634
113.963
115.796
112.380
130.038
131.804
117.580
130.558
113.856
130.186
131.819
131.982
117.598
126.960
117.096
126.910
142.291
133.029
128.503
128.050
142.405
133.040
132.104
114.010
126.601
131.460
113.946
130.195
142.620
118.662
130.666
113.867
130.187
142.619
133.062
117.706
130.571
131.857
128.386
131.639
128.364
131.636
128.364
128.036
128.004
117.200
126.920
127.892
127.989
131.599
128.360
131.636
131.964
128.396
131.640
113.964
126.596
127.860
113.586
130.159
113.816
126.582
131.458
128.346
113.635
140.964
118.496
141.450
143.745
143.975
147.597
133.560
157.356
148.936
158.894
159.889
145.589
176.559
165.256
174.926
165.093
174.909
175.891
175.989
161.599
174.560
193.856
177.786
179.779
165.578
178.558
179.856
179.986
176.399
161.640
188.964
180.896
180.090
190.809
163.081
189.108
191.711
177.571
179.757
179.976
190.798
177.480
179.748
176.375
179.638
176.364
179.636
179.964
176.396
161.640
163.764
178.376
194.238
177.824
176.182
176.018
165.202
174.920
179.492
190.749
166.675
175.068
161.507
174.551
193.855
192.186
163.219
174.722
179.472
176.347
179.635
194.364
192.236
177.624
176.162
179.616
179.962
179.996
180.000
180.000
176.400
161.640
206.964
182.696
147.870
191.187
177.519
179.752
176.375
179.638
190.764
181.076
165.708
164.171
178.417
179.842
179.984
165.598
164.160
174.816
161.482
178.148
161.815
178.182
179.818
176.382
194.038
177.804
176.180
179.618
194.362
167.036
175.104
193.910
148.991
187.699
191.570
195.557
177.956
179.796
161.980
178.198
161.820
192.582
177.658
179.766
165.577
178.558
165.456
189.346
166.535
175.054
179.505
194.351
195.835
177.984
176.198
161.620
178.162
194.216
177.822
176.182
176.018
190.402
191.840
177.584
165.358
174.936
175.894
147.189
173.119
161.312
174.531
179.453
179.945
190.795
163.080
160.308
174.431
208.243
168.424
175.243
179.524
194.353
195.835
177.984
190.598
181.060
162.106
160.211
160.021
174.402
161.440
174.544
161.455
160.146
160.015
174.402
175.840
165.184
178.518
176.252
176.025
179.603
161.960
188.996
166.500
164.250
189.225
180.923
180.092
180.009
180.001
162.000
192.600
177.660
165.366
164.137
178.414
165.441
160.544
188.855
166.485
149.849
158.985
159.899
177.990
179.799
176.380
176.038
176.004
176.001
179.600
165.560
174.956
175.896
175.990
165.199
192.920
166.892
160.689
178.069
194.207
177.821
179.782
165.578
174.958
190.296
177.430
176.143
190.414
177.442
147.344
162.334
160.234
178.023
161.802
163.780
163.978
163.998
149.600
162.560
163.856
163.986
160.399
160.040
163.604
149.560
162.556
178.256
179.826
176.383
150.838
177.084
161.708
160.171
160.017
174.402
179.440
165.544
160.554
163.655
160.366
174.437
150.644
177.064
161.707
192.571
177.657
165.366
164.137
189.214
166.521
178.652
165.465
178.547
161.855
145.786
172.979
146.898
162.290
178.229
176.223
194.022
152.602
159.260
159.926
159.993
159.999
178.000
176.200
176.020
179.602
161.960
178.196
176.220
161.622
192.562
163.256
160.326
178.033
179.803
176.380
179.638
179.964
165.596
149.760
173.376
190.138
177.414
161.741
163.774
160.378
178.038
176.204
176.020
147.202
158.720
163.472
149.547
162.555
174.656
179.466
147.547
158.755
174.276
165.028
164.103
146.010
158.601
163.460
135.146
143.115
129.511
99.351
128.735
142.474
118.647
130.665
146.266
129.827
113.783
115.778
130.378
113.838
130.184
131.818
128.382
131.638
128.364
128.036
131.604
117.560
116.156
141.216
114.922
130.292
131.829
113.983
97.798
114.180
112.218
112.022
130.002
131.800
131.980
131.998
128.400
131.640
128.364
131.636
128.364
117.236
112.524
101.252
110.925
129.893
113.789
126.579
142.258
133.026
132.103
128.410
128.041
128.004
131.600
142.760
133.076
132.108
128.411
128.041
131.604
142.760
118.676
130.668
128.267
131.627
131.963
131.996
114.000
126.600
127.860
127.986
142.399
118.640
130.664
131.866
128.387
113.639
144.564
118.856
130.686
128.269
131.627
131.963
128.396
131.640
128.364
117.236
126.924
127.892
127.989
131.599
131.960
128.396
128.040
128.004
128.000
131.600
128.360
117.236
130.524
131.852
117.585
141.359
147.336
144.334
129.633
131.763
131.976
131.998
128.400
128.040
128.004
142.400
147.440
119.144
130.714
128.271
128.027
128.003
131.600
117.560
130.556
131.856
131.986
131.999
128.400
131.640
117.564
126.956
127.896
127.990
131.599
131.960
117.596
144.960
129.696
113.770
115.777
130.378
131.838
128.384
142.438
147.444
144.344
129.634
131.763
131.976
117.598
144.960
133.296
128.530
131.653
131.965
128.397
128.040
131.604
128.360
113.636
126.564
127.856
127.986
117.199
126.920
117.092
112.509
126.451
127.845
127.985
131.598
142.760
133.076
132.108
132.011
128.401
142.440
118.644
127.064
113.506
115.751
130.375
117.437
130.544
142.654
147.465
133.547
128.555
146.055
129.806
131.781
142.778
118.678
141.468
132.947
114.095
112.209
130.021
131.802
128.380
131.638
117.564
130.556
117.456
130.546
113.855
112.185
126.419
127.842
131.584
117.558
116.156
126.816
127.882
131.588
128.359
102.836
125.484
116.948
101.695
110.969
129.897
128.190
128.019
128.002
128.000
128.000
131.600
131.960
131.996
128.400
131.640
128.364
117.236
141.324
118.532
116.253
98.025
96.202
99.620
114.362
97.836
114.184
101.418
110.942
101.094
110.909
97.491
96.149
114.015
126.602
99.060
114.306
115.831
112.383
112.038
115.604
115.960
130.396
103.040
111.104
115.510
130.351
99.435
125.144
113.314
115.731
115.973
115.997
116.000
112.400
115.640
112.364
126.436
113.444
130.144
117.414
130.541
146.254
119.025
127.103
113.510
130.151
117.415
112.541
130.054
131.805
131.981
117.598
130.560
146.256
133.426
132.143
132.014
146.401
115.440
126.744
142.274
115.027
126.703
127.870
113.587
130.159
131.816
142.782
129.478
131.748
128.375
131.637
131.964
113.996
141.000
129.300
131.730
131.973
131.997
128.400
131.640
117.564
126.956
127.896
131.590
117.559
126.956
113.496
115.750
112.375
126.438
113.444
115.744
97.974
99.798
99.980
85.598
84.160
84.016
98.402
99.840
81.984
80.199
69.220
64.522
64.052
67.605
53.561
62.956
63.896
63.990
63.999
53.200
62.920
49.492
51.749
51.975
48.398
51.640
51.964
51.996
48.400
51.640
48.364
48.036
51.604
48.360
48.036
48.004
48.000
51.600
51.960
48.396
51.640
37.564
46.956
47.896
47.990
47.999
48.000
48.000
51.600
37.560
50.556
37.456
46.946
51.495
48.350
37.235
46.924
51.492
51.949
48.395
48.040
48.004
51.600
48.360
48.036
48.004
48.000
51.600
48.360
51.636
51.964
51.996
34.000
50.200
37.420
46.942
51.494
37.549
46.955
51.496
51.950
51.995
52.000
48.400
48.040
51.604
51.960
51.996
48.400
51.640
51.964
48.396
51.640
37.564
46.956
47.896
47.990
51.599
51.960
48.396
51.640
51.964
51.996
52.000
37.600
50.560
48.256
51.626
48.363
37.236
46.924
51.492
48.349
51.635
51.964
51.996
52.000
48.400
51.640
37.564
46.956
51.496
48.350
48.035
51.604
51.960
48.396
48.040
51.604
51.960
51.996
48.400
51.640
48.364
37.236
46.924
51.492
37.549
46.955
47.896
51.590
48.359
51.636
51.964
48.396
48.040
51.604
48.360
51.636
37.564
46.956
51.496
51.950
48.395
37.240
50.524
51.852
48.385
51.639
48.364
51.636
51.964
51.996
48.400
51.640
48.364
48.036
37.204
50.520
51.852
33.985
50.199
51.820
48.382
48.038
