-12.240
-15.768
-18.238
-19.966
-24.776
-28.143
-25.700
-25.190
-24.833
-16.183
-14.928
-9.250
-5.275
-2.492
-5.345
-2.541
-5.379
-3.765
-2.636
-0.645
-0.451
0.884
0.619
-3.167
-2.217
-6.352
-8.046
-5.632
-7.543
-5.280
-3.696
-1.387
-4.571
-3.200
-5.840
-7.688
-4.181
-1.727
-4.809
-3.366
-5.956
-4.169
-7.719
-5.403
-7.382
-8.767
-6.137
-9.096
-9.967
-5.777
-7.644
-5.351
-7.345
-3.942
-2.759
-0.732
0.688
0.482
1.537
-2.524
-5.367
-7.357
-8.750
-6.125
-9.087
-5.161
-3.613
-2.529
-1.770
-1.239
0.333
0.233
0.163
0.114
1.280
2.096
1.467
2.227
1.559
2.291
1.604
2.323
1.626
2.338
2.837
3.186
2.230
2.761
6.733
9.513
11.459
9.221
7.655
6.558
9.391
7.774
5.442
3.809
3.866
3.906
3.934
7.554
10.088
8.262
6.983
6.088
5.462
5.023
4.716
4.501
3.151
2.206
2.744
3.121
6.985
6.089
5.462
8.624
7.237
6.266
9.186
6.430
5.701
5.191
8.434
10.703
13.492
9.445
7.811
5.468
3.828
3.879
2.715
1.901
2.531
2.971
2.080
2.656
6.659
5.861
5.303
4.912
4.638
4.447
3.113
6.979
4.885
4.620
8.034
6.824
5.977
5.384
8.568
10.798
7.559
5.291
3.704
3.793
3.855
2.698
1.889
2.522
1.766
1.236
5.665
5.166
4.816
4.571
3.200
3.440
3.608
7.326
9.928
8.149
6.905
9.633
6.743
5.920
8.944
7.461
5.223
4.856
4.599
8.019
6.814
4.769
3.339
2.337
2.836
3.185
3.430
7.201
9.841
6.888
9.622
6.735
5.915
5.340
4.938
4.657
4.460
4.322
4.225
7.758
6.630
5.841
5.289
3.702
3.792
2.654
6.658
4.660
3.262
2.284
2.799
3.159
2.211
1.548
2.284
6.398
4.479
7.935
10.355
8.448
7.114
9.780
8.046
6.832
4.782
3.348
3.543
7.280
9.896
8.127
10.489
12.142
9.700
11.590
9.313
7.719
10.203
7.142
5.000
4.700
3.290
2.303
1.612
1.128
5.590
5.113
4.779
4.545
4.382
4.267
7.787
5.451
5.016
3.511
2.458
2.920
3.244
2.271
1.590
1.113
5.579
5.105
4.774
4.542
4.379
7.865
6.706
4.694
8.086
6.860
6.002
5.401
4.981
4.687
4.481
3.136
3.396
2.377
2.864
2.005
2.603
3.022
6.916
9.641
7.949
5.564
8.695
7.286
9.900
6.930
4.851
8.196
6.937
9.656
7.959
11.571
12.900
10.230
7.161
9.813
11.669
9.368
7.758
5.430
5.001
4.701
3.291
2.303
2.812
3.169
2.218
6.353
5.647
5.153
3.607
7.325
6.327
5.629
5.140
3.598
3.719
3.803
2.662
1.864
2.504
2.953
3.267
2.287
6.401
5.681
3.976
2.784
3.148
3.404
3.583
3.708
3.796
2.657
1.860
2.502
1.751
2.426
1.698
2.389
2.872
6.810
10.767
8.737
10.916
7.641
6.549
5.784
5.249
8.474
7.132
6.192
5.535
5.074
4.752
9.326
11.328
12.730
10.111
11.878
8.314
5.820
8.874
7.412
9.988
8.192
6.934
6.054
4.238
4.166
2.916
2.042
2.629
3.040
3.328
3.530
7.271
6.290
9.203
7.642
10.149
11.905
13.133
9.193
7.635
6.545
5.781
5.247
8.473
11.931
13.152
10.406
7.284
6.299
5.609
8.727
7.309
5.116
8.381
7.067
4.947
3.463
2.424
6.497
5.748
8.823
12.176
9.723
8.006
10.404
8.483
5.938
8.957
11.070
8.949
7.464
5.225
8.457
7.120
4.984
4.689
8.082
6.858
6.000
4.200
4.140
4.098
4.069
2.848
3.194
7.036
6.125
4.287
3.001
2.101
1.471
5.829
8.881
7.416
9.991
11.794
8.256
5.779
5.245
8.472
10.730
8.711
10.898
8.828
6.180
5.526
5.068
4.748
4.523
4.366
7.856
6.699
10.690
12.283
13.398
15.379
15.565
15.696
16.987
17.891
17.324
16.927
17.849
23.294
25.906
28.934
29.854
36.498
35.148
39.004
38.103
41.072
43.150
41.005
39.504
42.053
45.037
45.926
47.748
44.224
45.357
42.550
44.185
45.329
42.531
40.571
42.800
44.360
46.652
43.456
44.820
45.774
46.442
46.909
48.436
43.506
46.054
43.038
44.526
45.569
42.698
44.289
46.602
47.021
47.315
47.521
47.664
47.765
49.036
49.925
49.347
48.943
48.660
49.662
49.164
50.015
50.610
49.827
45.679
47.575
47.703
48.992
43.894
46.326
46.828
48.380
44.666
42.066
45.046
45.932
41.753
38.827
41.579
39.905
42.334
44.034
45.224
47.257
48.680
49.676
49.173
45.221
46.055
46.638
48.247
48.173
44.521
45.565
47.495
48.847
49.793
50.455
46.118
47.883
47.918
43.143
44.600
40.820
42.974
44.482
46.737
48.316
48.221
49.355
48.948
43.864
45.105
47.173
47.421
47.595
48.917
48.642
48.449
49.514
49.060
49.942
45.759
47.632
47.742
49.020
49.914
49.340
50.138
49.496
45.448
46.213
47.949
49.165
48.815
49.771
49.239
48.868
49.807
50.465
50.926
50.048
50.634
51.044
50.131
49.491
50.244
50.771
51.140
51.398
50.378
50.865
50.005
50.604
51.023
51.316
51.521
50.465
49.725
50.408
49.685
49.180
50.026
50.618
49.833
50.483
49.738
49.217
48.852
49.796
50.457
49.720
49.204
50.043
49.430
50.201
50.741
51.119
51.383
51.568
51.698
50.588
46.212
47.948
49.164
45.215
46.050
46.635
48.245
49.371
45.360
46.152
46.706
43.494
44.846
42.192
43.935
45.154
46.008
47.806
49.064
49.945
50.561
50.993
50.095
49.467
49.027
43.919
45.143
42.400
44.080
45.256
41.279
39.696
42.187
43.931
46.352
46.846
42.392
45.275
47.292
47.505
48.853
49.797
49.258
50.081
45.856
47.700
47.790
49.053
48.737
49.716
49.201
50.041
49.429
49.000
48.700
48.490
48.343
48.240
48.168
49.318
48.922
48.646
49.652
49.156
50.010
50.607
49.825
50.477
49.734
49.214
50.050
49.435
50.204
49.543
49.080
48.756
43.729
45.011
47.107
43.775
40.243
43.770
46.239
47.967
49.177
50.024
50.617
51.032
50.122
44.686
42.080
43.856
46.299
48.009
49.207
44.045
46.431
43.302
45.911
46.538
43.377
45.964
47.775
47.842
44.290
45.403
46.182
46.727
43.509
40.056
42.440
40.508
42.755
44.329
40.630
39.241
41.869
38.908
42.836
40.785
38.150
42.305
39.213
41.849
44.895
41.026
43.118
44.583
45.608
41.526
43.468
44.828
45.779
42.846
39.592
43.314
41.120
39.584
37.309
35.716
39.401
43.181
41.027
39.519
37.263
40.484
43.939
45.157
47.210
47.447
48.813
48.569
48.398
43.479
44.835
45.785
42.849
45.595
42.716
44.301
41.811
43.668
46.167
46.717
47.102
47.371
48.760
48.532
49.572
45.501
46.251
47.975
49.183
50.028
49.420
50.194
49.536
49.075
53.553
57.887
59.721
57.405
60.583
61.608
62.326
62.828
63.180
68.226
66.958
72.071
75.650
82.955
83.268
83.488
83.642
88.549
91.984
93.189
95.232
101.463
104.624
106.837
109.586
111.510
117.657
120.760
124.132
125.292
126.105
121.873
120.111
128.478
128.335
123.434
126.004
126.603
127.022
127.315
128.721
129.705
124.393
125.475
127.433
133.603
131.922
136.745
134.122
132.285
131.000
120.500
122.750
124.325
130.227
125.959
132.571
122.800
125.560
126.292
131.604
131.723
130.606
135.824
138.277
135.194
129.436
125.405
126.184
121.928
123.750
125.025
122.317
124.022
121.616
129.531
130.272
130.790
125.153
127.207
128.645
124.851
125.796
127.657
127.760
133.832
127.282
128.698
129.688
125.582
126.307
128.015
129.211
128.847
128.593
124.815
125.771
126.439
122.108
125.075
127.153
128.607
129.625
133.937
133.356
128.149
123.305
125.913
131.339
131.537
136.476
133.933
133.353
132.947
131.463
126.824
133.177
131.624
125.737
127.616
132.531
127.572
124.100
126.470
123.329
125.930
126.551
126.986
122.490
119.343
117.140
121.598
119.919
118.743
126.320
126.824
127.177
128.624
123.637
124.946
127.062
123.743
131.020
125.314
126.120
123.084
125.759
126.431
132.902
132.631
131.242
131.469
136.429
133.900
138.130
136.291
133.804
132.063
135.644
139.351
135.945
133.562
133.093
131.565
130.496
124.947
127.063
127.344
123.941
121.559
124.691
126.884
128.419
124.693
126.885
128.420
129.494
125.446
126.212
127.948
133.964
132.175
132.122
132.086
132.060
126.042
127.829
129.081
129.956
130.569
129.799
130.459
135.721
139.405
135.983
138.388
135.272
134.290
133.603
133.122
132.786
132.550
131.185
130.229
124.761
122.132
119.093
121.765
123.635
124.945
127.061
128.543
133.180
132.826
132.578
132.405
132.283
130.998
131.299
136.309
129.016
125.111
121.178
119.625
122.137
125.096
125.967
126.577
122.204
125.143
127.200
123.840
129.888
129.322
130.125
124.688
125.681
122.777
125.544
127.481
122.836
125.586
131.110
134.977
132.884
127.819
132.673
126.471
123.330
125.931
126.552
122.186
120.330
122.631
125.442
121.409
123.386
129.571
129.099
128.770
129.739
125.617
126.332
128.032
129.223
124.056
120.439
119.107
118.175
116.323
119.826
123.478
124.835
126.984
122.489
120.542
117.980
122.186
125.130
122.391
125.274
121.292
124.504
126.753
128.327
124.629
125.640
122.748
124.324
130.227
130.759
129.931
129.352
133.746
133.222
132.856
126.599
127.019
128.513
123.559
126.092
131.464
126.825
128.377
123.464
126.025
131.417
131.592
126.915
128.440
129.508
129.056
129.939
129.357
130.150
129.505
129.054
128.737
124.916
125.841
126.489
126.942
128.460
128.322
129.425
130.198
129.538
130.277
124.794
125.756
126.429
122.100
125.070
121.149
123.204
125.843
126.490
122.143
128.700
124.890
130.623
134.636
137.445
140.612
138.028
144.620
145.634
149.944
152.961
150.272
159.191
160.634
165.244
164.870
168.209
170.547
172.183
168.528
170.770
178.339
177.637
178.346
174.042
175.830
177.081
177.957
177.370
172.159
178.111
178.678
179.075
182.952
176.067
180.847
184.193
181.735
181.214
180.850
184.195
181.737
181.216
179.651
179.756
178.629
179.040
179.328
178.330
172.831
170.182
173.127
179.989
178.792
177.955
177.368
173.358
174.151
175.905
180.734
175.714
175.800
171.060
172.542
179.579
183.306
176.314
176.220
177.354
176.948
177.863
183.304
185.913
182.939
180.858
180.600
180.420
180.294
180.206
180.144
178.901
173.231
184.862
183.403
171.582
178.908
178.035
178.625
177.837
178.486
182.540
181.778
176.445
172.711
174.898
176.429
177.500
173.450
170.615
172.231
168.561
171.993
168.395
171.877
174.314
174.820
181.174
179.622
178.535
178.975
184.082
178.058
177.440
183.008
171.306
177.514
181.860
186.102
183.071
182.150
175.505
176.854
171.798
179.058
178.141
178.699
174.289
176.002
172.402
178.281
173.997
174.598
176.218
182.153
186.307
183.215
181.051
174.735
176.315
182.220
180.354
179.048
178.134
182.294
185.206
182.444
176.911
176.638
176.446
166.712
169.499
166.649
169.454
172.618
174.833
179.983
173.988
169.792
171.654
183.758
177.831
177.281
178.097
183.468
187.228
183.859
186.302
184.411
177.088
171.962
168.373
170.661
167.463
170.024
167.017
164.912
163.438
167.207
169.845
168.091
171.664
172.965
173.875
175.713
170.999
177.299
173.310
170.517
176.962
177.873
178.511
178.958
179.271
173.489
180.243
178.970
174.479
171.335
173.935
170.954
167.668
174.968
171.677
164.574
163.202
162.241
167.569
171.298
172.709
173.696
174.387
174.871
176.410
172.687
173.681
174.377
174.864
171.605
178.923
174.446
170.112
173.079
179.955
178.769
179.138
174.597
175.018
180.112
178.879
178.015
182.211
180.347
169.443
167.810
165.467
169.827
166.879
166.015
165.411
164.988
159.891
161.124
161.987
162.591
161.814
161.270
162.089
157.862
159.703
165.792
170.055
171.838
164.687
169.281
166.497
164.548
163.183
167.028
170.920
168.844
166.191
165.534
163.874
167.512
161.658
167.161
165.012
174.309
174.816
171.571
169.300
176.110
172.477
174.734
171.514
174.060
169.842
162.089
166.263
159.584
160.909
166.636
169.445
177.412
168.588
166.012
164.208
162.946
162.062
167.444
170.010
171.807
174.265
169.986
172.990
173.893
169.725
177.608
172.325
168.628
172.039
174.428
174.899
176.430
177.501
173.451
165.815
168.871
175.810
175.867
171.107
168.975
166.282
170.398
172.078
173.255
164.478
163.135
163.394
158.776
160.343
165.040
169.528
161.870
161.309
165.716
165.201
164.841
158.589
159.012
160.508
151.956
149.569
143.098
128.969
129.878
134.115
128.680
129.676
135.173
133.021
126.715
123.500
126.050
121.835
124.885
127.019
127.313
128.719
128.504
128.353
129.447
125.413
122.589
129.012
123.909
126.336
128.035
123.225
115.057
115.340
114.338
113.637
119.146
123.002
125.701
127.591
127.714
129.000
128.700
129.690
129.183
125.228
121.260
114.882
114.017
119.412
117.188
120.432
127.502
128.852
129.796
129.257
128.880
128.616
129.631
133.942
133.359
132.952
131.466
130.426
130.898
134.829
129.180
130.026
129.418
130.193
130.735
131.114
125.380
126.166
126.716
127.101
132.171
127.320
128.724
129.707
129.195
124.036
131.225
126.658
128.260
128.182
129.328
130.129
129.491
130.243
129.570
125.499
126.249
126.775
127.142
128.600
129.620
129.134
128.794
128.556
128.389
129.472
129.031
125.121
127.185
128.629
124.841
130.588
135.812
138.268
135.188
134.231
133.562
133.093
131.565
130.496
129.747
134.023
138.216
131.551
131.686
130.580
129.806
129.264
130.085
125.859
127.702
128.991
129.894
130.526
129.768
130.438
126.106
126.674
127.072
127.350
128.745
129.722
125.605
132.324
131.027
125.319
122.523
125.366
127.356
127.549
132.485
137.139
139.197
135.838
134.687
133.881
128.516
134.362
133.653
131.957
131.970
131.979
130.785
129.950
130.565
129.795
124.457
125.520
126.264
126.785
123.549
124.884
122.219
119.153
121.807
123.665
124.966
127.076
132.153
132.107
132.075
132.053
130.837
134.786
129.150
128.805
123.764
121.434
124.604
122.023
125.016
130.711
135.898
134.728
132.710
137.297
134.508
133.755
136.829
130.580
134.606
133.824
127.277
122.694
125.486
127.440
127.608
128.926
125.048
127.134
123.793
126.255
121.979
118.985
121.690
123.583
126.108
123.076
120.953
123.067
124.547
126.783
127.148
119.004
121.703
119.992
113.994
113.396
118.977
121.684
123.579
124.905
125.834
126.484
128.138
129.297
130.108
129.475
130.233
129.563
125.494
131.046
126.532
123.372
115.161
109.412
106.589
109.412
105.388
108.572
106.000
107.800
105.460
107.422
103.996
101.597
105.918
112.542
107.580
110.106
111.874
111.912
111.938
113.157
114.010
119.407
113.585
113.109
113.977
119.384
112.368
117.058
115.541
115.678
115.775
115.842
115.890
114.723
115.106
114.174
118.322
116.425
121.098
119.568
123.298
130.708
126.296
126.807
122.365
125.255
122.479
119.335
123.135
125.794
127.656
124.159
126.511
132.958
132.671
132.469
132.329
137.030
129.521
129.065
133.545
127.082
127.357
127.550
122.885
125.620
127.534
132.474
131.132
131.392
130.374
130.862
131.203
125.442
131.010
130.107
130.675
131.072
131.351
130.345
130.842
126.389
126.872
127.211
128.647
124.853
125.797
121.658
119.961
117.572
120.701
118.091
117.463
111.024
107.717
105.402
98.981
94.487
91.341
93.939
95.757
91.030
87.721
81.805
76.463
72.724
71.307
65.515
65.061
64.742
64.520
64.364
60.655
61.658
57.561
55.893
54.725
52.707
52.495
52.347
52.243
50.970
51.279
50.295
49.607
50.325
49.627
49.139
48.797
48.558
49.591
50.314
49.620
50.334
46.034
46.624
47.037
47.326
47.528
47.670
47.769
49.038
45.127
47.189
43.832
45.082
47.158
47.410
43.987
45.191
47.234
48.664
48.465
48.325
48.228
49.359
48.952
48.666
48.466
48.326
49.429
49.000
49.900
50.530
50.971
45.280
47.296
43.907
45.135
47.195
43.836
45.085
47.160
48.612
49.628
50.340
49.638
49.147
50.003
50.602
51.021
50.115
50.680
51.076
50.153
50.707
46.295
46.807
47.165
47.415
48.791
49.754
49.228
50.059
50.641
51.049
51.334
46.734
48.314
48.220
49.354
48.948
45.063
45.944
47.761
47.833
49.083
49.958
50.571
50.999
50.100
50.670
46.269
46.788
48.352
48.246
48.172
49.321
50.125
49.487
49.041
49.929
50.550
50.985
50.090
50.663
49.864
45.705
46.393
48.075
44.453
45.517
46.262
47.983
47.988
49.192
50.034
49.424
48.997
49.898
49.329
50.130
45.891
46.524
48.167
49.317
48.922
45.045
47.132
48.592
48.415
49.490
49.043
49.930
50.551
50.986
50.090
50.663
49.864
49.305
45.313
47.319
48.724
43.707
46.195
47.936
47.955
47.969
