32.741
32.754
32.713
32.714
32.725
32.715
32.715
32.693
32.715
30.700
30.734
30.679
30.669
30.734
30.669
30.646
30.712
30.679
30.701
30.679
30.702
30.679
30.679
30.691
30.723
30.713
30.679
30.669
30.679
30.690
30.658
30.637
30.669
30.637
30.669
30.658
30.679
30.679
30.657
30.701
30.691
30.679
30.658
30.691
30.669
30.679
30.679
30.691
30.658
30.691
30.637
30.723
30.637
30.669
30.702
30.679
30.679
30.669
30.691
30.669
30.679
30.679
30.670
30.659
30.691
30.669
30.691
30.637
30.637
30.637
30.679
30.702
30.691
30.679
30.679
30.679
30.669
30.680
30.679
30.680
30.648
30.659
30.680
30.659
30.670
30.670
30.659
30.648
30.637
30.680
30.659
30.658
30.647
30.637
30.658
30.626
30.648
30.658
30.659
30.670
30.659
30.659
30.626
30.626
30.648
30.681
30.638
30.604
30.659
30.648
30.615
30.615
30.638
30.638
30.659
30.626
30.659
30.648
30.627
30.680
30.626
30.659
30.615
30.626
30.604
30.680
30.648
30.626
30.648
30.626
30.638
30.638
30.637
30.648
30.703
30.638
30.604
30.626
30.637
30.670
30.616
30.659
30.648
30.659
30.681
30.692
30.671
30.671
30.671
30.671
30.616
30.671
30.638
30.715
30.726
30.693
30.648
30.681
30.681
30.704
30.659
30.671
30.693
30.671
30.682
30.671
30.660
30.660
30.671
30.584
30.704
30.616
30.704
30.671
30.671
30.704
30.660
30.671
30.671
30.693
30.682
30.660
30.704
30.715
30.748
30.671
30.737
30.715
30.671
30.704
30.682
30.671
30.671
30.671
30.660
30.693
30.660
30.682
30.693
30.660
30.704
30.737
30.605
30.660
30.682
30.682
30.638
30.682
30.671
30.693
30.671
30.682
30.661
30.661
30.672
30.682
30.694
30.682
30.671
30.693
30.715
30.650
30.693
30.671
30.660
30.649
30.671
30.693
30.672
30.682
30.671
30.672
30.649
30.596
30.705
30.672
30.693
30.693
30.671
30.671
30.682
30.649
30.693
30.672
30.650
30.672
30.661
30.693
30.649
30.672
30.672
30.726
30.672
30.682
30.650
30.672
30.661
30.672
30.705
30.672
30.693
30.672
30.705
30.682
30.694
30.618
30.682
30.716
30.694
30.672
30.672
30.682
30.716
30.683
30.694
30.662
30.694
30.694
30.650
30.673
30.673
30.694
30.672
30.694
30.749
30.662
30.673
30.694
30.694
30.662
30.694
30.683
30.673
30.694
30.705
30.662
30.673
30.717
30.683
30.662
30.683
30.727
30.705
30.683
30.673
30.683
30.694
30.705
30.683
30.683
30.705
30.662
30.694
30.662
30.673
30.749
30.673
30.771
30.738
30.673
30.662
30.705
30.694
30.705
30.683
30.673
30.694
30.694
30.683
30.705
30.705
30.639
30.694
30.673
30.694
30.673
30.694
30.684
30.695
30.683
30.694
30.683
30.683
30.705
30.705
30.706
30.728
30.662
30.695
30.683
30.706
30.684
30.761
30.684
30.705
30.674
30.684
30.695
30.695
30.684
30.695
30.695
30.695
30.695
30.706
30.662
30.728
30.705
30.739
30.683
30.694
30.717
30.717
30.705
30.705
30.705
30.706
30.696
30.706
30.717
30.662
30.761
30.684
30.695
30.684
30.673
30.717
30.728
30.717
30.706
30.706
30.695
30.705
30.727
30.728
30.727
30.717
30.717
30.694
30.694
30.717
30.705
30.694
30.717
30.706
30.707
30.717
30.684
30.696
30.707
30.707
30.696
30.674
30.707
30.641
30.674
30.696
30.641
30.684
30.706
30.684
30.684
30.684
30.696
30.696
30.663
30.674
30.684
30.708
30.641
30.664
30.674
30.707
30.663
30.619
30.696
30.663
30.663
30.674
30.674
30.652
30.684
30.674
30.653
30.674
30.652
30.708
30.696
30.641
30.696
30.597
30.674
30.675
30.684
30.684
30.663
30.675
30.641
30.675
30.696
30.684
30.675
30.675
30.641
30.609
30.631
30.664
30.664
30.653
30.664
30.664
30.663
30.652
30.664
30.664
30.675
30.641
30.641
30.620
30.631
30.653
30.641
30.653
30.641
30.653
30.685
30.641
30.609
30.609
30.641
30.641
30.631
30.631
30.641
30.664
30.597
30.620
30.587
30.587
30.631
30.597
30.587
30.565
30.576
30.587
30.565
30.597
30.576
30.587
30.554
30.597
30.532
30.511
30.543
30.543
30.511
30.521
30.532
30.521
30.511
30.499
30.499
30.511
30.488
30.477
30.511
30.477
30.467
30.456
30.456
30.444
30.434
30.444
30.433
30.433
30.400
30.412
30.400
30.400
30.389
30.400
30.423
30.357
30.357
30.433
30.325
30.368
30.357
30.357
30.335
30.368
30.313
30.313
30.335
30.336
30.335
30.302
30.324
30.291
30.335
30.269
30.291
30.291
30.291
30.280
30.280
30.291
30.269
30.280
30.280
30.280
30.280
30.280
30.302
30.302
30.247
30.259
30.281
30.269
30.280
30.280
30.291
30.281
30.270
30.280
30.270
30.280
30.269
30.303
30.281
30.269
30.248
30.259
30.281
30.281
30.291
30.259
30.248
30.281
30.247
30.269
30.269
30.281
30.259
30.303
30.357
30.303
30.248
30.237
30.281
30.270
30.248
30.280
30.247
30.270
30.292
30.259
30.270
30.281
30.292
30.292
30.248
30.281
30.314
30.293
30.314
30.260
30.259
30.304
30.303
30.281
30.281
30.270
30.293
30.292
30.304
30.270
30.270
30.347
30.281
30.281
30.293
30.292
30.303
30.303
30.304
30.325
30.325
30.347
30.358
30.358
30.293
30.369
30.325
30.358
30.369
30.380
30.402
30.390
30.435
30.390
30.413
30.391
30.446
30.435
30.446
30.468
30.435
30.457
30.457
30.490
30.490
30.478
30.478
30.490
30.501
30.522
30.490
30.490
30.501
30.512
30.501
30.512
30.577
30.545
30.555
30.511
30.534
30.545
30.555
30.534
30.534
30.555
30.566
30.534
30.566
30.556
30.589
30.555
30.578
30.545
30.589
30.501
30.600
30.589
30.599
30.599
30.633
30.643
30.643
30.655
30.643
30.621
30.655
30.643
30.666
30.621
30.666
30.667
30.699
30.711
30.710
30.721
30.687
30.710
30.764
30.743
30.754
30.775
30.743
30.775
30.754
30.808
30.798
30.775
30.819
30.820
30.830
30.841
30.885
30.841
30.842
30.852
30.863
30.875
30.820
30.864
30.886
30.929
30.852
30.886
30.908
30.896
30.896
30.896
30.896
30.908
30.886
30.875
30.885
30.908
30.886
30.820
30.940
30.864
30.963
30.896
30.918
30.863
30.885
30.896
30.874
30.874
30.875
30.896
30.908
30.875
30.820
30.820
30.864
30.852
30.886
30.852
30.886
30.875
30.875
30.852
30.852
30.832
30.864
30.842
30.852
30.852
30.864
30.809
30.798
30.776
30.820
30.820
30.809
30.809
30.831
30.820
30.809
30.831
30.820
30.809
30.809
30.809
30.765
30.787
30.776
30.798
30.744
30.776
30.787
30.787
30.754
30.754
30.743
30.776
30.765
30.776
30.777
30.765
30.755
30.821
30.832
30.777
30.754
30.776
30.787
30.787
30.788
30.799
30.798
30.809
30.788
30.788
30.755
30.809
30.809
30.788
30.765
30.799
30.809
30.809
30.788
30.799
30.809
30.821
30.788
30.788
30.810
30.853
30.765
30.832
30.800
30.809
30.799
30.832
30.765
30.821
30.809
30.809
30.821
30.821
30.855
30.810
30.844
30.799
30.789
30.809
30.832
30.799
30.809
30.821
30.854
30.800
30.822
30.800
30.832
30.733
30.800
30.821
30.810
30.843
30.800
30.821
30.833
30.822
30.789
30.833
30.833
30.865
30.920
30.833
30.877
30.822
30.821
30.822
30.833
30.844
30.822
30.833
30.811
30.822
30.833
30.811
30.821
30.734
30.767
30.844
30.789
30.789
30.789
30.789
30.800
30.800
30.800
30.822
30.822
30.800
30.723
30.789
30.757
30.788
30.777
30.800
30.778
30.789
30.800
30.767
30.811
30.800
30.734
30.767
30.844
30.822
30.789
30.778
30.789
30.789
30.800
30.789
30.800
30.789
30.778
30.822
30.833
30.757
30.844
30.778
30.789
30.767
30.767
30.789
30.778
30.800
30.789
30.778
30.767
30.800
30.734
30.734
30.800
30.833
30.822
30.789
30.757
30.800
30.779
30.789
30.778
30.789
30.811
30.789
30.745
30.745
30.800
30.811
30.811
30.778
30.778
30.800
30.822
30.801
30.767
30.811
30.800
30.701
30.767
30.822
30.779
30.789
30.800
30.790
30.822
30.801
30.811
30.801
30.834
30.812
30.811
30.846
30.846
30.802
30.811
30.834
30.835
30.790
30.801
30.823
30.823
30.790
30.823
30.802
30.823
30.834
30.834
30.834
30.834
30.834
30.823
30.823
30.823
30.823
30.856
30.835
30.846
30.791
30.846
30.922
30.878
30.878
30.845
30.856
30.889
30.878
30.878
30.867
30.846
30.900
30.846
30.900
30.856
30.922
30.900
30.878
30.911
30.889
30.889
30.900
30.900
30.900
30.911
30.900
30.835
30.933
30.933
30.878
30.922
30.900
30.878
30.911
30.933
30.922
30.911
30.889
30.867
30.889
30.867
30.889
30.955
30.889
30.922
30.900
30.900
30.922
30.911
30.944
30.900
30.889
30.889
30.856
30.823
30.889
30.911
30.900
30.911
30.900
30.901
30.867
30.933
30.901
30.868
30.901
30.879
30.812
30.868
30.901
30.868
30.889
30.911
30.912
30.889
30.868
30.890
30.889
30.889
30.900
30.835
30.924
30.880
30.890
30.924
30.901
30.857
30.912
30.901
30.901
30.879
30.901
30.901
30.934
30.901
30.924
30.880
30.869
30.868
30.924
30.890
30.890
30.901
30.901
30.913
30.912
30.824
30.835
30.869
30.890
30.879
30.857
30.890
30.869
30.857
30.901
30.880
30.901
30.869
30.846
30.869
30.978
30.880
30.890
30.890
30.869
30.880
30.880
30.869
30.890
30.880
30.890
30.901
30.836
30.857
30.924
30.880
30.890
30.869
30.869
30.846
30.869
30.869
30.869
30.869
30.880
30.869
30.792
30.781
30.825
30.825
30.814
30.846
30.836
30.846
30.814
30.814
30.825
30.825
30.780
30.824
30.791
30.890
30.814
30.803
30.803
30.803
30.825
30.814
30.792
30.814
30.825
30.814
30.836
30.869
30.781
30.792
30.781
30.835
30.813
30.836
30.803
30.814
30.803
30.836
30.846
30.924
30.880
30.846
30.869
30.836
30.847
30.869
30.880
30.857
30.836
30.847
30.869
30.847
30.847
30.847
30.782
30.913
30.902
30.847
30.869
30.891
30.857
30.869
30.858
30.869
30.858
30.869
30.815
30.826
30.858
30.881
30.837
30.826
30.837
30.847
30.870
30.869
30.870
30.847
30.859
30.848
30.903
30.837
30.826
30.837
30.859
30.848
30.859
30.859
30.848
30.859
30.859
30.882
30.904
30.915
30.871
30.871
30.838
30.926
30.881
30.904
30.914
30.903
30.903
30.882
30.903
30.904
30.904
30.947
30.882
30.882
30.892
30.904
30.904
30.914
30.959
30.904
30.947
30.947
30.947
30.926
30.947
30.926
30.959
30.947
30.959
30.980
30.959
30.947
30.980
30.959
30.959
30.959
30.980
30.970
30.947
30.947
31.003
30.947
30.959
30.936
30.980
31.003
31.003
31.024
31.024
30.991
30.970
31.003
30.980
31.003
31.035
31.013
31.024
30.991
31.024
30.991
30.980
31.014
31.003
31.014
31.013
30.893
31.003
31.035
31.013
31.003
30.970
31.013
30.991
30.991
31.003
30.991
31.014
31.014
30.993
31.003
30.959
31.057
31.003
31.025
30.992
31.003
30.992
31.047
31.014
31.025
31.047
31.036
31.037
31.080
30.949
31.014
31.014
31.037
31.047
31.025
31.037
31.069
31.058
31.025
31.025
30.981
31.048
31.003
30.971
31.014
31.024
31.014
31.025
31.047
31.047
31.025
31.025
31.048
31.025
31.037
31.025
31.081
31.014
31.025
30.982
31.025
30.993
31.048
31.048
31.025
31.014
31.049
30.960
31.069
31.025
30.982
31.025
31.025
31.049
31.004
31.015
30.993
31.048
31.026
31.004
31.025
31.004
31.102
31.048
31.037
31.014
31.004
31.014
31.004
30.993
31.037
31.004
31.014
31.014
30.971
31.037
30.993
31.014
31.025
31.025
31.048
31.025
30.993
31.014
31.014
31.004
30.982
31.025
31.070
30.982
31.016
31.015
31.049
30.950
31.005
31.005
31.005
31.015
30.994
31.016
30.994
30.939
30.982
30.962
31.016
30.995
30.994
30.995
31.016
30.984
31.038
30.995
31.006
31.027
31.039
31.060
30.939
31.038
31.049
30.995
31.038
31.028
31.016
31.006
31.006
31.039
31.006
31.028
31.083
31.016
30.973
31.060
31.006
31.016
31.016
31.006
31.016
31.039
30.984
31.028
30.995
30.962
31.051
30.984
31.006
31.039
31.006
30.995
31.016
31.028
31.006
31.016
31.006
31.039
31.016
31.082
31.016
31.006
31.039
31.016
31.039
31.050
31.072
31.083
31.017
31.040
31.052
31.061
31.040
31.040
31.116
31.105
31.084
31.029
31.095
31.073
31.040
31.062
31.073
31.062
31.040
31.084
31.117
31.117
31.029
31.073
31.029
31.052
31.073
31.052
31.073
31.052
31.052
31.073
31.062
31.106
31.095
31.018
31.062
31.029
31.084
31.040
30.996
31.052
31.062
31.041
31.073
31.052
31.052
31.019
31.117
31.073
31.062
31.074
31.062
31.030
31.074
31.062
31.052
31.062
31.062
31.074
31.042
31.074
31.041
31.074
31.096
31.052
31.062
31.030
31.074
31.085
31.074
31.096
31.118
31.096
31.139
31.062
31.096
31.086
31.086
31.096
31.086
31.086
31.096
31.096
31.086
31.086
31.086
31.042
31.118
31.053
31.107
31.086
31.107
31.118
31.053
31.086
31.063
31.086
31.074
31.086
31.063
31.096
31.074
31.096
31.086
31.053
31.042
31.074
31.086
31.086
31.096
31.053
31.074
31.086
31.063
31.063
31.042
30.998
31.053
31.063
31.096
31.086
31.086
31.053
31.086
31.064
31.064
31.054
31.086
31.054
31.075
31.108
31.020
31.042
31.054
31.031
31.054
31.042
31.042
31.042
31.020
31.020
31.020
31.064
31.020
31.021
31.020
31.031
31.031
30.987
31.021
31.044
31.000
31.011
31.011
30.999
31.000
30.999
30.967
31.020
31.010
31.010
31.031
31.011
31.022
30.999
30.999
30.988
30.999
30.967
30.977
30.933
31.000
30.978
30.988
30.978
30.988
30.989
30.978
30.978
30.967
30.967
31.011
31.011
30.955
30.945
30.967
30.988
30.978
30.977
30.944
30.956
30.956
30.967
30.967
30.967
30.989
30.978
30.945
30.944
30.945
30.967
30.956
30.978
30.944
30.923
30.989
30.945
30.978
30.944
30.934
31.000
30.956
30.956
30.967
30.967
30.956
30.912
30.955
30.978
30.923
30.956
30.978
30.978
30.934
31.000
30.978
30.967
30.934
30.945
30.934
30.956
30.945
30.912
30.934
30.956
30.978
31.011
30.956
30.934
30.923
30.956
30.956
30.945
30.923
30.923
30.923
30.923
30.945
30.934
30.967
30.934
30.956
30.945
30.934
30.923
30.880
30.956
30.890
30.912
30.934
30.912
30.912
30.946
30.901
30.857
30.813
30.890
30.923
30.901
30.901
30.901
30.924
30.880
30.890
30.880
30.869
30.912
30.814
30.824
30.880
30.880
30.857
30.880
30.846
30.846
30.902
30.880
30.869
30.868
30.858
30.859
30.902
30.924
30.890
30.880
30.868
30.868
30.858
30.890
30.847
30.881
30.870
30.890
30.880
30.890
30.836
30.847
30.891
30.859
30.880
30.869
30.924
30.891
30.847
30.847
30.870
30.870
30.870
30.902
30.859
30.870
30.847
30.859
30.847
30.870
30.837
30.869
30.815
30.891
30.847
30.837
30.837
30.859
30.815
30.793
30.925
30.847
30.837
30.847
30.837
30.847
30.847
30.826
30.826
30.847
30.859
30.826
30.826
30.859
30.815
30.902
30.826
30.870
30.859
30.826
30.826
30.804
30.837
30.847
30.837
30.826
30.847
30.838
30.870
30.815
30.870
30.826
30.859
30.838
30.870
30.881
30.859
30.859
30.870
30.859
30.847
30.837
30.859
30.870
30.859
30.859
30.902
30.881
30.891
30.891
30.881
30.815
30.859
30.847
30.870
30.838
30.859
30.838
30.848
30.838
30.859
30.870
30.793
30.892
30.870
30.826
30.826
30.815
30.859
30.815
30.859
30.848
30.826
30.848
30.827
30.870
30.859
30.859
30.848
30.804
30.827
30.859
30.847
30.848
30.848
30.827
30.848
30.838
30.838
30.837
30.859
30.804
30.793
30.881
30.914
30.859
30.815
30.847
30.847
30.859
30.847
30.837
30.870
30.859
30.847
30.847
30.870
30.914
30.859
30.804
30.870
30.847
30.891
30.826
30.870
30.902
30.847
30.837
30.859
30.859
30.870
30.870
30.870
30.826
30.870
30.838
30.926
30.849
30.860
30.838
30.882
30.870
30.859
30.871
30.860
30.871
30.871
30.838
30.838
30.816
30.849
30.838
30.838
