37.058
37.098
37.098
37.058
37.072
37.130
37.111
37.098
37.086
30.753
30.700
30.700
30.703
30.726
30.714
30.700
30.731
30.689
30.700
30.740
30.727
30.712
30.714
30.689
30.691
30.741
30.731
30.677
30.700
30.712
30.714
30.689
30.741
30.677
30.703
30.673
30.705
30.726
30.727
30.717
30.705
30.717
30.703
30.700
30.703
30.717
30.673
30.717
30.705
30.727
30.731
30.727
30.741
30.689
30.677
30.727
30.744
30.705
30.691
30.689
30.686
30.691
30.691
30.717
30.744
30.731
30.666
30.653
30.731
30.689
30.731
30.666
30.653
30.691
30.666
30.703
30.705
30.691
30.731
30.717
30.705
30.705
30.731
30.703
30.727
30.689
30.691
30.691
30.691
30.676
30.727
30.666
30.705
30.636
30.677
30.662
30.677
30.666
30.677
30.677
30.666
30.653
30.666
30.677
30.639
30.639
30.666
30.636
30.625
30.653
30.599
30.639
30.666
30.666
30.611
30.625
30.613
30.622
30.639
30.613
30.613
30.639
30.666
30.627
30.677
30.639
30.653
30.668
30.653
30.627
30.627
30.653
30.677
30.599
30.691
30.654
30.613
30.666
30.636
30.653
30.668
30.666
30.666
30.705
30.691
30.677
30.639
30.668
30.666
30.668
30.705
30.677
30.732
30.705
30.691
30.680
30.640
30.691
30.705
30.666
30.677
30.677
30.705
30.691
30.677
30.718
30.717
30.705
30.627
30.705
30.663
30.677
30.691
30.691
30.639
30.689
30.691
30.691
30.718
30.705
30.708
30.694
30.677
30.732
30.691
30.691
30.653
30.677
30.677
30.654
30.680
30.694
30.668
30.677
30.691
30.691
30.680
30.668
30.668
30.694
30.677
30.666
30.705
30.694
30.680
30.653
30.677
30.666
30.666
30.668
30.694
30.666
30.691
30.708
30.694
30.627
30.666
30.680
30.708
30.708
30.677
30.680
30.708
30.668
30.639
30.677
30.680
30.705
30.653
30.666
30.680
30.640
30.668
30.653
30.666
30.668
30.639
30.677
30.694
30.640
30.691
30.668
30.668
30.654
30.705
30.708
30.694
30.653
30.732
30.708
30.677
30.680
30.708
30.708
30.718
30.694
30.705
30.654
30.668
30.668
30.717
30.680
30.708
30.694
30.653
30.708
30.668
30.691
30.677
30.694
30.705
30.732
30.708
30.694
30.682
30.718
30.746
30.718
30.694
30.668
30.718
30.731
30.668
30.680
30.680
30.694
30.694
30.732
30.718
30.709
30.694
30.691
30.718
30.694
30.680
30.680
30.680
30.694
30.732
30.668
30.708
30.680
30.708
30.682
30.718
30.708
30.732
30.708
30.694
30.695
30.708
30.746
30.694
30.691
30.694
30.732
30.732
30.708
30.718
30.746
30.717
30.718
30.718
30.718
30.718
30.718
30.721
30.694
30.735
30.708
30.746
30.705
30.708
30.732
30.718
30.746
30.717
30.732
30.746
30.735
30.718
30.735
30.758
30.735
30.709
30.721
30.718
30.718
30.694
30.732
30.708
30.732
30.708
30.694
30.718
30.732
30.758
30.732
30.718
30.758
30.758
30.746
30.746
30.721
30.760
30.735
30.773
30.758
30.718
30.732
30.773
30.723
30.732
30.682
30.746
30.718
30.758
30.746
30.749
30.750
30.718
30.718
30.758
30.772
30.772
30.758
30.773
30.760
30.758
30.718
30.760
30.749
30.760
30.735
30.773
30.732
30.735
30.787
30.758
30.760
30.746
30.746
30.760
30.732
30.718
30.746
30.758
30.760
30.721
30.732
30.760
30.758
30.732
30.760
30.709
30.731
30.708
30.708
30.732
30.735
30.721
30.749
30.718
30.695
30.712
30.718
30.708
30.695
30.695
30.695
30.709
30.709
30.708
30.721
30.680
30.709
30.718
30.749
30.709
30.668
30.732
30.668
30.682
30.721
30.735
30.721
30.708
30.695
30.760
30.680
30.709
30.721
30.680
30.680
30.682
30.682
30.746
30.721
30.750
30.709
30.671
30.694
30.709
30.682
30.657
30.695
30.682
30.682
30.682
30.668
30.735
30.631
30.657
30.644
30.709
30.657
30.644
30.682
30.657
30.644
30.631
30.654
30.631
30.680
30.607
30.695
30.671
30.671
30.695
30.671
30.671
30.644
30.644
30.618
30.631
30.621
30.616
30.618
30.631
30.604
30.590
30.631
30.644
30.618
30.566
30.593
30.595
30.604
30.563
30.554
30.602
30.576
30.579
30.579
30.554
30.567
30.540
30.502
30.515
30.488
30.515
30.502
30.499
30.462
30.526
30.462
30.462
30.425
30.451
30.439
30.462
30.421
30.476
30.398
30.384
30.384
30.370
30.384
30.357
30.360
30.346
30.332
30.332
30.332
30.357
30.332
30.268
30.270
30.360
30.241
30.293
30.306
30.242
30.204
30.256
30.204
30.204
30.218
30.204
30.206
30.140
30.178
30.178
30.167
30.218
30.126
30.151
30.167
30.164
30.128
30.140
30.164
30.126
30.100
30.128
30.114
30.140
30.126
30.128
30.113
30.113
30.062
30.126
30.100
30.126
30.100
30.071
30.062
30.087
30.142
30.113
30.062
30.073
30.073
30.100
30.073
30.076
30.073
30.087
30.062
30.076
30.073
30.142
30.087
30.087
30.090
30.100
30.073
30.064
30.090
30.103
30.073
30.048
30.100
30.064
30.100
30.076
30.100
30.103
30.103
30.087
30.073
30.113
30.100
30.076
30.103
30.100
30.103
30.114
30.128
30.113
30.100
30.100
30.048
30.103
30.142
30.100
30.128
30.142
30.113
30.100
30.103
30.178
30.142
30.126
30.140
30.128
30.151
30.142
30.154
30.164
30.192
30.164
30.181
30.192
30.181
30.181
30.206
30.232
30.232
30.218
30.256
30.232
30.256
30.256
30.219
30.268
30.283
30.270
30.293
30.259
30.306
30.296
30.296
30.306
30.309
30.296
30.325
30.361
30.323
30.361
30.384
30.384
30.346
30.387
30.425
30.398
30.401
30.412
30.438
30.439
30.425
30.425
30.451
30.448
30.451
30.479
30.489
30.517
30.489
30.529
30.503
30.515
30.529
30.529
30.543
30.543
30.584
30.557
30.557
30.581
30.598
30.567
30.621
30.581
30.621
30.595
30.607
30.622
30.659
30.698
30.685
30.662
30.723
30.740
30.740
30.740
30.764
30.776
30.776
30.790
30.792
30.840
30.814
30.840
30.879
30.856
30.842
30.879
30.918
30.906
30.892
30.906
30.906
30.918
30.933
30.918
30.970
30.970
30.918
30.984
30.982
31.023
31.034
30.959
30.970
31.037
31.020
30.982
30.996
31.011
30.998
30.996
30.982
30.984
31.051
31.010
30.984
30.998
31.023
30.982
31.020
30.998
31.020
30.998
30.982
30.998
30.959
30.959
30.984
31.011
30.982
30.932
31.010
30.959
30.970
30.998
31.020
30.982
30.973
30.998
30.984
30.959
30.959
30.956
30.973
30.959
30.956
30.932
30.956
30.943
30.959
30.933
30.882
30.933
30.933
30.920
30.956
30.933
30.946
30.895
30.920
30.909
30.895
30.856
30.923
30.840
30.842
30.895
30.918
30.879
30.869
30.869
30.879
30.882
30.879
30.868
30.845
30.882
30.856
30.856
30.854
30.817
30.856
30.833
30.856
30.833
30.882
30.856
30.842
30.842
30.856
30.856
30.886
30.831
30.909
30.840
30.869
30.868
30.856
30.817
30.869
30.856
30.842
30.883
30.895
30.882
30.831
30.906
30.911
30.869
30.909
30.882
30.895
30.856
30.911
30.869
30.882
30.933
30.882
30.911
30.882
30.920
30.883
30.883
30.909
30.909
30.923
30.882
30.897
30.895
30.897
30.895
30.938
30.895
30.882
30.882
30.918
30.895
30.909
30.883
30.909
30.911
30.882
30.909
30.924
30.869
30.946
30.911
30.895
30.909
30.933
30.933
30.883
30.920
30.909
30.946
30.869
30.920
30.923
30.897
30.933
30.897
30.909
30.906
30.882
30.923
30.920
30.909
30.886
30.869
30.909
30.856
30.947
30.909
30.872
30.856
30.933
30.872
30.869
30.895
30.869
30.859
30.883
30.882
30.856
30.897
30.895
30.869
30.886
30.882
30.882
30.895
30.882
30.869
30.869
30.883
30.869
30.845
30.859
30.869
30.909
30.856
30.872
30.882
30.872
30.856
30.833
30.860
30.859
30.831
30.842
30.882
30.836
30.842
30.856
30.842
30.845
30.859
30.883
30.833
30.845
30.860
30.895
30.805
30.882
30.883
30.886
30.831
30.872
30.900
30.842
30.883
30.874
30.872
30.860
30.833
30.886
30.845
30.845
30.833
30.860
30.869
30.883
30.874
30.897
30.859
30.856
30.897
30.856
30.897
30.874
30.886
30.874
30.860
30.842
30.845
30.869
30.846
30.860
30.860
30.874
30.845
30.859
30.897
30.883
30.874
30.846
30.900
30.924
30.900
30.859
30.900
30.860
30.872
30.882
30.915
30.886
30.914
30.923
30.900
30.924
30.869
30.924
30.924
30.914
30.938
30.863
30.900
30.872
30.914
30.924
30.938
30.900
30.924
30.923
30.886
30.964
30.938
30.975
30.938
30.923
30.950
30.938
30.947
30.923
30.938
30.978
30.938
30.938
30.938
30.964
30.947
30.978
30.964
30.964
30.924
31.001
30.988
30.978
30.964
31.001
31.016
30.964
30.987
31.016
30.988
31.002
30.978
31.016
30.988
30.975
30.978
31.016
30.964
30.988
30.964
30.988
30.987
30.978
31.001
30.988
30.950
30.975
30.988
30.964
30.978
30.964
30.978
30.966
30.978
30.950
31.016
31.001
31.002
30.938
30.950
30.964
30.978
30.938
30.927
30.964
30.950
31.002
30.964
30.988
30.938
30.952
30.975
30.966
30.988
30.988
30.988
30.978
30.950
30.978
30.950
30.978
30.964
30.979
31.001
30.950
31.016
30.988
30.988
31.002
30.938
30.979
30.978
30.923
30.950
31.002
30.991
30.978
30.979
30.966
30.978
30.952
30.978
30.979
30.924
30.978
30.924
30.950
30.988
30.924
30.966
30.950
30.978
30.938
30.952
30.927
30.900
30.964
30.966
30.941
30.924
30.900
30.938
30.927
30.900
30.941
30.900
30.914
30.927
30.927
30.924
30.901
30.927
30.914
30.900
30.886
30.877
30.877
30.874
30.901
30.901
30.888
30.877
30.927
30.874
30.863
30.846
30.888
30.900
30.824
30.846
30.863
30.850
30.874
30.846
30.863
30.863
30.810
30.863
30.863
30.846
30.836
30.824
30.850
30.860
30.837
30.874
30.837
30.877
30.863
30.863
30.901
30.837
30.851
30.877
30.915
30.901
30.888
30.901
30.877
30.901
30.927
30.927
30.927
30.915
30.927
30.915
30.888
30.901
30.888
30.863
30.888
30.888
30.888
30.901
30.915
30.943
30.927
30.888
30.915
30.901
30.918
30.901
30.901
30.888
30.888
30.927
30.929
30.929
30.914
30.901
30.901
30.904
30.915
30.901
30.941
30.901
30.901
30.941
30.927
30.941
30.888
30.850
30.891
30.941
30.927
30.918
30.915
30.941
30.955
30.943
30.969
30.904
30.927
30.955
30.901
30.941
30.941
30.952
30.952
30.969
30.927
30.952
30.969
30.955
30.952
30.955
30.982
30.955
30.966
30.927
30.969
30.991
31.005
30.979
31.010
30.993
30.979
30.979
30.979
31.005
30.979
30.993
30.993
31.033
31.060
31.033
31.030
31.020
31.033
31.048
31.033
31.030
31.007
31.060
31.071
31.020
31.007
31.060
31.033
31.085
31.062
31.030
31.020
31.020
31.048
31.060
31.097
31.030
31.071
31.071
31.071
31.060
31.046
31.071
31.071
31.088
31.060
31.030
31.060
31.046
31.046
31.098
31.085
31.112
31.098
31.062
31.098
31.098
31.110
31.085
31.085
31.088
31.110
31.101
31.033
31.098
31.085
31.098
31.112
31.110
31.085
31.071
31.098
31.034
31.083
31.074
31.085
31.126
31.123
31.098
31.110
31.112
31.110
31.101
31.088
31.110
31.110
31.101
31.085
31.085
31.110
31.110
31.150
31.136
31.112
31.112
31.126
31.112
31.123
31.136
31.126
31.088
31.139
31.149
31.101
31.110
31.101
31.110
31.101
31.149
31.126
31.101
31.123
31.101
31.123
31.136
31.123
31.126
31.088
31.126
31.139
31.112
31.074
31.101
31.126
31.103
31.101
31.139
31.126
31.101
31.123
31.112
31.126
31.139
31.101
31.112
31.150
31.088
31.112
31.062
31.112
31.074
31.088
31.115
31.071
31.060
31.088
31.101
31.139
31.075
31.074
31.088
31.088
31.088
31.088
31.127
31.062
31.071
31.088
31.074
31.088
31.051
31.103
31.062
31.074
31.115
31.074
31.101
31.034
31.074
31.075
31.062
31.103
31.062
31.074
31.088
31.062
31.062
31.101
31.037
31.062
31.062
31.088
31.034
31.048
31.048
31.075
31.088
31.062
31.048
31.065
31.101
31.075
31.088
31.103
31.051
31.089
31.065
31.088
31.011
31.051
31.048
31.112
31.075
31.075
31.065
31.089
31.075
31.075
31.103
31.062
31.062
31.065
31.051
31.065
31.065
31.037
31.089
31.115
31.089
31.089
31.103
31.115
31.088
31.115
31.115
31.103
31.065
31.115
31.115
31.066
31.052
31.065
31.065
31.103
31.127
31.065
31.089
31.106
31.065
31.103
31.117
31.103
31.115
31.080
31.117
31.092
31.115
31.127
31.089
31.117
31.141
31.112
31.092
31.103
31.115
31.115
31.130
31.115
31.089
31.115
31.074
31.146
31.130
31.141
31.141
31.106
31.127
31.115
31.127
31.089
31.089
31.167
31.144
31.115
31.078
31.127
31.141
31.103
31.155
31.144
31.075
31.153
31.155
31.144
31.155
31.150
31.130
31.092
31.115
31.144
31.132
31.141
31.115
31.144
31.155
31.092
31.146
31.118
31.155
31.146
31.155
31.155
31.118
31.075
31.155
31.144
31.141
31.132
31.144
31.117
31.144
31.141
31.168
31.144
31.158
31.172
31.132
31.155
31.158
31.107
31.155
31.172
31.132
31.159
31.132
31.107
31.094
31.182
31.103
31.168
31.167
31.132
31.107
31.107
31.158
31.130
31.172
31.132
31.107
31.094
31.110
31.135
31.118
31.132
31.146
31.146
31.146
31.146
31.089
31.118
31.158
31.144
31.107
31.089
31.110
31.118
31.092
31.159
31.118
31.130
31.094
31.132
31.094
31.078
31.132
31.107
31.056
31.069
31.094
31.132
31.080
31.080
31.056
31.094
31.069
31.094
31.056
31.094
31.107
31.066
31.106
31.080
31.039
31.092
31.056
31.002
31.042
31.042
31.094
31.056
31.043
31.066
31.056
31.080
31.016
31.056
31.083
31.056
31.056
31.080
31.043
31.016
31.030
31.042
31.016
31.056
30.964
31.030
30.991
31.042
31.016
30.952
30.978
31.030
31.016
31.016
31.016
30.988
31.005
31.016
31.030
31.016
30.991
31.016
31.002
31.005
31.016
31.016
30.993
30.964
31.002
31.030
30.979
30.964
30.964
30.950
31.033
30.979
30.978
30.978
30.952
31.001
30.978
30.966
30.978
30.978
30.978
30.964
30.993
30.955
30.961
30.964
30.952
30.966
30.964
30.964
31.002
30.978
30.964
30.952
30.991
30.952
30.952
30.952
30.952
30.927
30.964
30.966
30.964
30.952
30.966
30.979
30.952
30.929
30.964
30.941
30.929
30.929
30.901
30.888
30.932
30.914
30.938
30.901
30.927
30.955
30.964
30.915
30.938
30.929
30.915
30.900
30.914
30.911
30.904
30.938
30.938
30.901
30.877
30.851
30.874
30.863
30.901
30.915
30.851
30.874
30.891
30.891
30.837
30.891
30.918
30.888
30.874
30.851
30.874
30.886
30.891
30.822
30.851
30.851
30.901
30.863
30.874
30.837
30.851
30.891
30.863
30.877
30.837
30.872
30.837
30.850
30.863
30.837
30.824
30.891
30.863
30.863
30.851
30.877
30.851
30.863
30.863
30.863
30.837
30.863
30.851
30.851
30.851
30.837
30.863
30.824
30.860
30.879
30.850
30.850
30.865
30.877
30.837
30.837
30.851
30.851
30.801
30.840
30.837
30.851
30.837
30.850
30.824
30.851
30.824
30.851
30.851
30.837
30.827
30.891
30.799
30.854
30.813
30.851
30.773
30.851
30.824
30.785
30.863
30.801
30.863
30.827
30.840
30.837
30.851
30.813
30.837
30.851
30.785
30.837
30.824
30.837
30.799
30.840
30.814
30.827
30.813
30.827
30.837
30.863
30.891
30.854
30.879
30.865
30.799
30.851
30.827
30.877
30.863
30.799
30.863
30.837
30.814
30.865
30.837
30.824
30.824
30.824
30.837
30.837
30.813
30.851
30.863
30.824
30.840
30.813
30.827
30.854
30.827
30.840
30.863
30.827
30.813
30.813
30.854
30.824
30.854
30.837
30.824
30.814
30.837
30.813
30.840
30.813
30.813
30.837
30.814
30.827
30.892
30.837
30.827
30.851
30.854
30.863
30.827
30.801
30.851
30.851
30.877
30.879
30.854
30.824
30.851
30.877
30.863
30.891
30.837
30.851
30.865
30.865
30.879
30.892
30.851
30.827
30.840
30.895
30.854
30.863
30.854
30.851
30.865
30.837
30.840
30.891
30.840
30.879
30.840
30.865
30.840
30.879
30.854
30.827
30.851
30.865
30.892
30.882
