17.840
17.860
17.910
17.910
17.920
17.930
17.930
17.930
17.940
19.200
19.200
19.200
19.210
19.200
19.200
19.210
19.200
19.200
19.200
19.210
19.210
19.210
19.210
19.210
19.210
19.210
19.210
19.210
19.210
19.210
19.210
19.210
19.210
19.210
19.220
19.210
19.210
19.210
19.200
19.200
19.210
19.210
19.210
19.210
19.210
19.210
19.210
19.210
19.210
19.220
19.220
19.220
19.220
19.220
19.210
19.210
19.220
19.220
19.220
19.220
19.220
19.220
19.220
19.220
19.220
19.220
19.220
19.220
19.220
19.220
19.220
19.220
19.220
19.220
19.220
19.220
19.220
19.220
19.220
19.220
19.220
19.220
19.220
19.220
19.220
19.220
19.220
19.220
19.220
19.220
19.220
19.220
19.220
19.220
19.220
19.220
19.220
19.220
19.220
19.220
19.220
19.230
19.220
19.230
19.230
19.230
19.230
19.230
19.220
19.230
19.230
19.220
19.230
19.230
19.230
19.230
19.230
19.230
19.230
19.230
19.230
19.230
19.230
19.230
19.230
19.220
19.220
19.220
19.220
19.220
19.230
19.230
19.220
19.220
19.230
19.230
19.220
19.220
19.230
19.230
19.230
19.230
19.230
19.230
19.230
19.230
19.230
19.230
19.230
19.230
19.230
19.240
19.230
19.230
19.240
19.240
19.230
19.230
19.230
19.240
19.230
19.230
19.240
19.240
19.240
19.240
19.240
19.240
19.240
19.240
19.240
19.240
19.240
19.240
19.240
19.240
19.240
19.240
19.240
19.240
19.240
19.240
19.240
19.230
19.240
19.240
19.240
19.240
19.240
19.240
19.240
19.240
19.240
19.240
19.240
19.240
19.240
19.240
19.240
19.240
19.250
19.240
19.250
19.240
19.240
19.250
19.240
19.240
19.240
19.240
19.240
19.250
19.250
19.250
19.250
19.240
19.250
19.240
19.240
19.240
19.250
19.250
19.250
19.250
19.250
19.240
19.240
19.240
19.250
19.240
19.250
19.250
19.250
19.250
19.250
19.250
19.250
19.240
19.250
19.240
19.250
19.240
19.240
19.250
19.250
19.250
19.250
19.250
19.250
19.250
19.250
19.250
19.250
19.250
19.250
19.250
19.250
19.250
19.250
19.250
19.250
19.250
19.250
19.250
19.250
19.260
19.250
19.250
19.250
19.250
19.250
19.250
19.250
19.260
19.250
19.260
19.260
19.260
19.260
19.260
19.260
19.260
19.250
19.260
19.260
19.260
19.260
19.260
19.250
19.260
19.260
19.260
19.260
19.260
19.260
19.260
19.260
19.260
19.260
19.260
19.260
19.260
19.260
19.260
19.270
19.260
19.260
19.260
19.260
19.260
19.260
19.260
19.260
19.260
19.260
19.260
19.260
19.260
19.270
19.260
19.260
19.260
19.260
19.260
19.260
19.260
19.260
19.270
19.260
19.260
19.260
19.270
19.270
19.270
19.260
19.270
19.270
19.270
19.270
19.260
19.260
19.260
19.260
19.270
19.270
19.270
19.270
19.270
19.270
19.270
19.270
19.270
19.270
19.270
19.270
19.270
19.270
19.270
19.270
19.270
19.270
19.270
19.270
19.270
19.270
19.270
19.270
19.260
19.270
19.270
19.260
19.260
19.260
19.260
19.260
19.260
19.270
19.280
19.270
19.270
19.270
19.270
19.270
19.270
19.270
19.270
19.270
19.270
19.270
19.270
19.270
19.270
19.270
19.270
19.270
19.270
19.270
19.270
19.270
19.260
19.260
19.270
19.270
19.260
19.270
19.280
19.270
19.280
19.280
19.280
19.280
19.280
19.280
19.280
19.280
19.280
19.280
19.280
19.280
19.270
19.270
19.280
19.270
19.280
19.280
19.280
19.280
19.280
19.280
19.280
19.280
19.280
19.280
19.280
19.280
19.280
19.280
19.280
19.280
19.280
19.280
19.280
19.280
19.280
19.280
19.280
19.280
19.280
19.280
19.280
19.280
19.280
19.290
19.280
19.280
19.280
19.280
19.280
19.280
19.280
19.280
19.280
19.290
19.280
19.290
19.280
19.280
19.290
19.290
19.280
19.280
19.280
19.280
19.280
19.290
19.290
19.290
19.280
19.280
19.290
19.290
19.290
19.290
19.290
19.290
19.290
19.290
19.290
19.290
19.290
19.290
19.290
19.290
19.290
19.280
19.290
19.290
19.290
19.290
19.290
19.290
19.280
19.280
19.280
19.290
19.290
19.290
19.290
19.280
19.290
19.290
19.290
19.290
19.290
19.290
19.290
19.290
19.280
19.280
19.290
19.290
19.290
19.290
19.290
19.290
19.290
19.290
19.290
19.290
19.290
19.290
19.290
19.290
19.290
19.290
19.290
19.290
19.290
19.290
19.290
19.290
19.290
19.290
19.290
19.290
19.290
19.290
19.290
19.290
19.290
19.290
19.290
19.290
19.290
19.290
19.290
19.290
19.280
19.280
19.280
19.280
19.280
19.290
19.290
19.290
19.290
19.290
19.290
19.290
19.290
19.290
19.290
19.290
19.290
19.280
19.290
19.290
19.290
19.290
19.290
19.290
19.290
19.290
19.300
19.290
19.300
19.290
19.290
19.290
19.290
19.290
19.300
19.290
19.300
19.290
19.290
19.290
19.290
19.290
19.290
19.290
19.290
19.300
19.300
19.290
19.300
19.290
19.290
19.290
19.300
19.300
19.290
19.290
19.290
19.300
19.300
19.290
19.290
19.300
19.300
19.290
19.300
19.300
19.300
19.300
19.300
19.300
19.290
19.300
19.300
19.300
19.300
19.300
19.300
19.300
19.300
19.300
19.300
19.300
19.300
19.300
19.300
19.300
19.300
19.300
19.300
19.300
19.310
19.310
19.310
19.310
19.310
19.310
19.300
19.300
19.300
19.300
19.300
19.300
19.300
19.300
19.300
19.310
19.300
19.300
19.310
19.310
19.310
19.310
19.300
19.300
19.310
19.310
19.310
19.300
19.300
19.300
19.310
19.300
19.300
19.310
19.300
19.310
19.300
19.310
19.300
19.300
19.310
19.310
19.310
19.310
19.310
19.310
19.310
19.310
19.310
19.310
19.310
19.310
19.320
19.320
19.320
19.310
19.310
19.310
19.310
19.310
19.310
19.310
19.320
19.320
19.310
19.310
19.320
19.310
19.310
19.310
19.310
19.320
19.330
19.320
19.320
19.320
19.310
19.310
19.320
19.320
19.320
19.320
19.320
19.320
19.320
19.320
19.320
19.320
19.320
19.320
19.320
19.320
19.320
19.320
19.320
19.320
19.320
19.320
19.330
19.320
19.320
19.320
19.320
19.320
19.330
19.320
19.320
19.320
19.320
19.320
19.330
19.330
19.320
19.320
19.320
19.320
19.330
19.330
19.330
19.320
19.310
19.310
19.320
19.320
19.310
19.310
19.320
19.320
19.330
19.330
19.330
19.330
19.330
19.330
19.330
19.320
19.330
19.320
19.330
19.330
19.330
19.330
19.330
19.330
19.330
19.330
19.330
19.330
19.330
19.330
19.330
19.320
19.320
19.330
19.320
19.320
19.330
19.330
19.330
19.330
19.330
19.330
19.330
19.330
19.330
19.330
19.340
19.330
19.330
19.330
19.330
19.330
19.330
19.330
19.330
19.330
19.330
19.330
19.330
19.330
19.330
19.330
19.330
19.330
19.330
19.330
19.340
19.340
19.330
19.330
19.330
19.340
19.340
19.340
19.340
19.340
19.340
19.340
19.340
19.330
19.330
19.340
19.340
19.340
19.340
19.340
19.340
19.340
19.340
19.340
19.340
19.340
19.340
19.340
19.340
19.340
19.340
19.340
19.340
19.340
19.350
19.340
19.340
19.340
19.340
19.340
19.340
19.340
19.340
19.340
19.340
19.340
19.350
19.340
19.340
19.340
19.340
19.340
19.340
19.340
19.340
19.340
19.350
19.350
19.340
19.350
19.350
19.340
19.340
19.350
19.350
19.350
19.340
19.350
19.350
19.350
19.350
19.350
19.350
19.350
19.350
19.350
19.340
19.350
19.350
19.350
19.350
19.350
19.350
19.350
19.350
19.350
19.350
19.350
19.350
19.350
19.350
19.350
19.350
19.340
19.340
19.350
19.350
19.350
19.350
19.350
19.350
19.350
19.350
19.350
19.350
19.350
19.350
19.350
19.340
19.350
19.350
19.350
19.350
19.350
19.350
19.350
19.350
19.350
19.350
19.350
19.350
19.350
19.350
19.350
19.350
19.350
19.360
19.360
19.360
19.360
19.360
19.360
19.360
19.360
19.360
19.360
19.350
19.350
19.360
19.360
19.360
19.360
19.350
19.350
19.360
19.360
19.360
19.350
19.350
19.350
19.350
19.360
19.360
19.360
19.360
19.360
19.360
19.360
19.360
19.360
19.360
19.360
19.360
19.360
19.360
19.360
19.360
19.360
19.360
19.370
19.360
19.370
19.370
19.370
19.360
19.360
19.370
19.360
19.360
19.360
19.360
19.360
19.360
19.370
19.360
19.360
19.360
19.360
19.360
19.360
19.360
19.360
19.370
19.370
19.370
19.370
19.370
19.370
19.370
19.370
19.370
19.360
19.360
19.370
19.370
19.370
19.370
19.370
19.370
19.370
19.370
19.370
19.370
19.370
19.370
19.370
19.370
19.370
19.370
19.370
19.380
19.370
19.370
19.380
19.380
19.370
19.370
19.380
19.370
19.370
19.370
19.370
19.370
19.370
19.370
19.370
19.380
19.380
19.380
19.380
19.380
19.370
19.370
19.370
19.370
19.370
19.380
19.380
19.380
19.380
19.380
19.380
19.380
19.380
19.370
19.380
19.380
19.380
19.380
19.380
19.380
19.380
19.380
19.380
19.380
19.380
19.380
19.380
19.380
19.380
19.380
19.380
19.380
19.380
19.390
19.370
19.370
19.380
19.380
19.390
19.390
19.390
19.390
19.380
19.380
19.380
19.390
19.390
19.380
19.390
19.390
19.390
19.390
19.390
19.390
19.390
19.380
19.390
19.390
19.390
19.390
19.390
19.390
19.380
19.380
19.380
19.390
19.390
19.380
19.380
19.390
19.390
19.390
19.390
19.390
19.390
19.390
19.390
19.390
19.390
19.390
19.390
19.390
19.390
19.390
19.390
19.400
19.390
19.390
19.390
19.390
19.390
19.390
19.390
19.390
19.390
19.390
19.390
19.390
19.390
19.390
19.390
19.390
19.390
19.390
19.390
19.390
19.390
19.390
19.390
19.390
19.390
19.390
19.400
19.390
19.390
19.390
19.380
19.380
19.380
19.390
19.390
19.390
19.390
19.390
19.390
19.390
19.390
19.390
19.390
19.390
19.390
19.390
19.390
19.390
19.390
19.380
19.380
19.390
19.390
19.390
19.390
19.390
19.390
19.390
19.390
19.390
19.390
19.390
19.400
19.400
19.400
19.400
19.400
19.400
19.400
19.400
19.400
19.400
19.400
19.400
19.400
19.400
19.400
19.400
19.400
19.400
19.400
19.400
19.400
19.400
19.410
19.400
19.400
19.400
19.410
19.400
19.410
19.400
19.410
19.400
19.410
19.400
19.410
19.410
19.410
19.410
19.410
19.400
19.410
19.410
19.410
19.410
19.410
19.410
19.410
19.410
19.420
19.410
19.410
19.420
19.420
19.420
19.410
19.420
19.410
19.410
19.410
19.410
19.410
19.420
19.410
19.410
19.410
19.420
19.410
19.420
19.420
19.410
19.410
19.420
19.410
19.420
19.410
19.420
19.420
19.420
19.420
19.420
19.420
19.420
19.420
19.420
19.420
19.420
19.420
19.420
19.420
19.420
19.420
19.420
19.420
19.420
19.420
19.420
19.420
19.420
19.410
19.420
19.420
19.420
19.420
19.420
19.420
19.420
19.420
19.420
19.420
19.420
19.420
19.420
19.420
19.430
19.420
19.430
19.420
19.430
19.430
19.420
19.420
19.420
19.420
19.420
19.420
19.420
19.420
19.420
19.430
19.430
19.430
19.430
19.430
19.430
19.430
19.430
19.430
19.430
19.430
19.430
19.430
19.430
19.430
19.430
19.440
19.430
19.440
19.430
19.440
19.440
19.430
19.440
19.440
19.430
19.430
19.430
19.440
19.430
19.430
19.430
19.440
19.430
19.420
19.430
19.430
19.430
19.430
19.430
19.430
19.440
19.440
19.440
19.440
19.440
19.440
19.440
19.440
19.440
19.440
19.440
19.440
19.440
19.440
19.450
19.440
19.440
19.440
19.440
19.440
19.440
19.450
19.440
19.450
19.450
19.440
19.450
19.440
19.430
19.430
19.440
19.440
19.440
19.440
19.430
19.440
19.440
19.430
19.440
19.440
19.440
19.440
19.440
19.440
19.440
19.440
19.440
19.430
19.430
19.440
19.440
19.440
19.440
19.440
19.440
19.440
19.450
19.450
19.460
19.450
19.450
19.450
19.450
19.450
19.450
19.450
19.450
19.460
19.450
19.450
19.450
19.450
19.460
19.460
19.460
19.460
19.460
19.460
19.460
19.460
19.460
19.460
19.460
19.460
19.460
19.460
19.460
19.460
19.450
19.460
19.460
19.460
19.460
19.470
19.470
19.460
19.460
19.460
19.470
19.460
19.470
19.470
19.470
19.460
19.470
19.470
19.470
19.470
19.470
19.470
19.470
19.470
19.470
19.470
19.470
19.470
19.470
19.470
19.470
19.470
19.470
19.470
19.460
19.460
19.460
19.460
19.460
19.460
19.460
19.460
19.470
19.460
19.470
19.480
19.480
19.480
19.480
19.480
19.480
19.480
19.480
19.480
19.480
19.480
19.480
19.480
19.490
19.480
19.490
19.480
19.480
19.490
19.490
19.490
19.490
19.490
19.480
19.490
19.480
19.490
19.490
19.490
19.490
19.490
19.490
19.490
19.490
19.490
19.490
19.490
19.490
19.490
19.490
19.490
19.490
19.490
19.490
19.490
19.490
19.490
19.500
19.490
19.490
19.500
19.490
19.500
19.490
19.500
19.490
19.500
19.500
19.500
19.500
19.500
19.490
19.490
19.490
19.500
19.490
19.500
19.500
19.500
19.500
19.500
19.500
19.500
19.500
19.500
19.500
19.500
19.500
19.500
19.500
19.500
19.500
19.500
19.500
19.510
19.510
19.500
19.510
19.510
19.500
19.500
19.500
19.510
19.510
19.510
19.510
19.510
19.510
19.510
19.510
19.510
19.510
19.510
19.500
19.510
19.510
19.510
19.510
19.510
19.510
19.520
19.510
19.510
19.510
19.510
19.510
19.510
19.510
19.510
19.510
19.510
19.510
19.520
19.520
19.520
19.510
19.520
19.520
19.520
19.520
19.510
19.520
19.520
19.520
19.520
19.520
19.520
19.520
19.520
19.520
19.520
19.520
19.520
19.520
19.520
19.510
19.520
19.520
19.530
19.530
19.520
19.520
19.520
19.530
19.520
19.520
19.520
19.520
19.520
19.520
19.520
19.530
19.520
19.520
19.520
19.520
19.530
19.520
19.520
19.530
19.530
19.520
19.530
19.520
19.530
19.530
19.530
19.520
19.530
19.530
19.530
19.520
19.530
19.530
19.520
19.530
19.520
19.520
19.530
19.530
19.530
19.530
19.530
19.530
19.530
19.530
19.520
19.530
19.530
19.530
19.530
19.520
19.530
19.530
19.530
19.530
19.520
19.530
19.530
19.530
19.530
19.520
19.520
19.530
19.530
19.520
19.530
19.530
19.530
19.530
19.530
19.530
19.530
19.530
19.530
19.530
19.530
19.530
19.530
19.530
19.530
19.530
19.530
19.530
19.530
19.530
19.540
19.530
19.530
19.530
19.530
19.530
19.540
19.530
19.540
19.540
19.540
19.540
19.540
19.540
19.530
19.530
19.530
19.530
19.530
19.530
19.530
19.530
19.540
19.530
19.540
19.540
19.530
19.540
19.540
19.540
19.530
19.540
19.540
19.540
19.540
19.540
19.540
19.540
19.540
19.540
19.540
19.540
19.540
19.540
19.540
19.540
19.540
19.540
19.540
19.540
19.540
19.540
19.550
19.540
19.540
19.540
19.540
19.540
19.540
19.540
19.540
19.540
19.550
19.550
19.540
19.540
19.540
19.540
19.540
19.550
19.550
19.540
19.540
19.540
19.550
19.540
19.540
19.550
19.550
19.550
19.550
19.550
19.550
19.550
19.550
19.550
19.550
19.550
19.540
19.550
19.550
19.550
19.550
19.550
19.550
19.550
19.550
19.550
19.550
19.550
19.550
19.550
19.550
19.560
19.550
19.560
19.550
19.550
19.550
19.560
19.550
19.550
19.550
19.550
19.560
19.550
19.550
19.550
19.550
19.550
19.550
19.550
19.550
19.560
19.560
19.560
19.550
19.560
19.550
19.560
19.560
19.560
19.560
19.560
19.560
19.550
19.560
19.560
19.560
19.560
19.560
19.560
19.560
19.560
19.560
19.560
19.560
19.560
19.560
19.560
19.560
19.560
19.560
19.560
19.560
19.560
19.560
19.560
19.560
19.560
19.560
19.560
19.560
19.560
19.560
19.560
19.560
19.560
19.560
19.560
19.560
19.560
19.560
19.560
19.560
19.560
19.560
19.560
19.560
19.560
19.560
19.560
19.560
19.560
19.560
19.560
19.560
19.560
19.560
19.550
19.550
19.560
19.550
19.550
19.550
19.550
19.560
19.560
19.550
19.560
19.560
19.550
19.560
19.560
19.560
19.560
19.560
19.560
19.560
19.560
19.550
19.550
19.560
19.560
19.560
19.560
19.560
19.560
19.560
19.560
19.560
19.560
19.570
19.570
19.570
19.570
19.570
19.570
19.570
19.570
19.570
19.570
19.570
19.570
19.570
19.570
19.570
19.570
19.570
19.570
