2.459
2.459
2.459
2.459
2.459
2.459
2.458
2.458
2.458
2.458
2.458
2.459
2.460
2.459
2.459
2.459
2.460
2.459
2.460
2.459
2.459
2.459
2.458
2.457
2.457
2.458
2.457
2.459
2.459
2.460
2.461
2.459
2.459
2.459
2.459
2.459
2.459
2.459
2.459
2.459
2.459
2.458
2.458
2.458
2.458
2.457
2.458
2.459
2.459
2.459
2.459
2.459
2.459
2.459
2.459
2.459
2.459
2.461
2.459
2.459
2.458
2.458
2.458
2.458
2.458
2.460
2.459
2.459
2.459
2.459
2.460
2.460
2.460
2.461
2.461
2.461
2.461
2.463
2.463
2.464
2.466
2.466
2.467
2.469
2.470
2.470
2.470
2.473
2.473
2.473
2.473
2.473
2.472
2.472
2.471
2.471
2.472
2.472
2.471
2.472
2.473
2.472
2.473
2.474
2.473
2.472
2.474
2.472
2.471
2.471
2.471
2.470
2.470
2.471
2.471
2.472
2.472
2.473
2.473
2.472
2.474
2.472
2.472
2.473
2.472
2.472
2.473
2.471
2.472
2.471
2.472
2.470
2.473
2.471
2.472
2.472
2.472
2.471
2.472
2.473
2.473
2.473
2.471
2.473
2.471
2.472
2.471
2.471
2.473
2.473
2.472
2.471
2.473
2.474
2.472
2.472
2.472
2.473
2.473
2.470
2.471
2.472
2.471
2.472
2.471
2.472
2.472
2.472
2.473
2.472
2.472
2.473
2.473
2.472
2.473
2.473
2.471
2.473
2.473
2.472
2.471
2.471
2.472
2.471
2.473
2.473
2.473
2.472
2.472
2.472
2.473
2.472
2.472
2.471
2.472
2.470
2.471
2.473
2.472
2.473
2.471
2.472
2.472
2.473
2.473
2.472
2.473
2.471
2.472
2.470
2.472
2.473
2.470
2.470
2.472
2.472
2.473
2.472
2.472
2.473
2.473
2.471
2.472
2.473
2.474
2.473
2.472
2.472
2.471
2.470
2.471
2.474
2.472
2.472
2.471
2.472
2.473
2.472
2.472
2.474
2.473
2.471
2.472
2.472
2.471
2.471
2.472
2.472
2.472
2.472
2.473
2.473
2.473
2.472
2.473
2.472
2.471
2.471
2.470
2.471
2.471
2.471
2.472
2.472
2.473
2.474
2.472
2.473
2.473
2.472
2.473
2.471
2.472
2.472
2.472
2.473
2.470
2.472
2.470
2.471
2.472
2.471
2.473
2.473
2.475
2.473
2.473
2.472
2.473
2.472
2.471
2.471
2.471
2.471
2.471
2.471
2.472
2.472
2.473
2.474
2.474
2.473
2.474
2.474
2.473
2.472
2.473
2.471
2.471
2.470
2.470
2.472
2.471
2.473
2.474
2.472
2.473
2.472
2.471
2.473
2.474
2.472
2.474
2.471
2.470
2.473
2.471
2.471
2.471
2.473
2.473
2.474
2.473
2.473
2.473
2.473
2.472
2.471
2.473
2.473
2.471
2.473
2.471
2.471
2.472
2.472
2.473
2.474
2.474
2.474
2.475
2.474
2.474
2.474
2.474
2.474
2.473
2.473
2.473
2.472
2.472
2.474
2.474
2.474
2.475
2.474
2.473
2.474
2.473
2.472
2.473
2.474
2.472
2.472
2.472
2.471
2.473
2.473
2.472
2.472
2.472
2.473
2.473
2.473
2.474
2.472
2.475
2.474
2.474
2.473
2.472
2.472
2.472
2.472
2.471
2.473
2.474
2.473
2.474
2.474
2.473
2.474
2.472
2.472
2.473
2.471
2.472
2.471
2.470
2.471
2.472
2.474
2.474
2.474
2.474
2.473
2.473
2.473
2.473
2.473
2.472
2.473
2.474
2.473
2.471
2.473
2.472
2.471
2.474
2.474
2.473
2.473
2.473
2.473
2.473
2.473
2.472
2.471
2.473
2.470
2.471
2.472
2.471
2.471
2.473
2.474
2.471
2.474
2.474
2.474
2.472
2.473
2.473
2.472
2.471
2.473
2.471
2.471
2.470
2.471
2.472
2.473
2.473
2.475
2.475
2.478
2.477
2.476
2.478
2.479
2.481
2.480
2.483
2.487
2.487
2.488
2.494
2.493
2.494
2.499
2.502
2.502
2.506
2.504
2.505
2.507
2.502
2.505
2.508
2.506
2.508
2.511
2.500
2.513
2.508
2.508
2.511
2.507
2.510
2.512
2.507
2.507
2.510
2.507
2.513
2.511
2.510
2.515
2.504
2.509
2.508
2.511
2.513
2.510
2.508
2.516
2.511
2.508
2.508
2.510
2.510
2.511
2.511
2.513
2.512
2.514
2.515
2.514
2.512
2.513
2.507
2.510
2.504
2.510
2.511
2.509
2.511
2.512
2.508
2.510
2.508
2.511
2.513
2.503
2.508
2.511
2.506
2.507
2.511
2.510
2.508
2.508
2.507
2.511
2.507
2.511
2.510
2.507
2.507
2.508
2.510
2.515
2.507
2.507
2.513
2.508
2.505
2.506
2.502
2.509
2.509
2.511
2.518
2.515
2.516
2.515
2.511
2.512
2.509
2.507
2.512
2.504
2.512
2.509
2.511
2.510
2.510
2.509
2.509
2.506
2.511
2.507
2.508
2.509
2.514
2.509
2.513
2.507
2.506
2.510
2.512
2.508
2.517
2.513
2.509
2.512
2.507
2.511
2.510
2.509
2.509
2.507
2.511
2.512
2.508
2.513
2.506
2.505
2.515
2.508
2.506
2.516
2.507
2.513
2.508
2.507
2.507
2.508
2.500
2.509
2.508
2.507
2.511
2.511
2.510
2.508
2.515
2.510
2.509
2.508
2.517
2.508
2.510
2.517
2.508
2.506
2.513
2.509
2.505
2.508
2.512
2.508
2.504
2.508
2.507
2.507
2.505
2.508
2.509
2.510
2.503
2.505
2.505
2.506
2.507
2.512
2.509
2.507
2.505
2.512
2.510
2.506
2.513
2.509
2.509
2.507
2.505
2.515
2.507
2.506
2.508
2.510
2.505
2.510
2.506
2.509
2.514
2.506
2.505
2.511
2.508
2.506
2.508
2.502
2.509
2.505
2.511
2.508
2.513
2.510
2.511
2.507
2.509
2.507
2.506
2.510
2.505
2.506
2.508
2.509
2.512
2.510
2.510
2.510
2.512
2.509
2.516
2.512
2.510
2.513
2.508
2.509
2.509
2.509
2.512
2.508
2.508
2.512
2.505
2.506
2.510
2.510
2.510
2.512
2.515
2.507
2.510
2.513
2.509
2.501
2.508
2.509
2.511
2.511
2.506
2.512
2.505
2.505
2.507
2.505
2.504
2.506
2.505
2.503
2.508
2.504
2.502
2.504
2.509
2.514
2.505
2.510
2.512
2.506
2.507
2.509
2.505
2.512
2.503
2.505
2.510
2.506
2.504
2.507
2.508
2.510
2.507
2.504
2.507
2.511
2.503
2.510
2.505
2.509
2.510
2.506
2.505
2.505
2.499
2.504
2.510
2.502
2.508
2.505
2.508
2.508
2.507
2.507
2.508
2.507
2.509
2.508
2.503
2.511
2.500
2.507
2.514
2.510
2.510
2.506
2.510
2.513
2.510
2.511
2.514
2.511
2.510
2.511
2.500
2.512
2.510
2.507
2.514
2.513
2.512
2.512
2.518
2.522
2.528
2.524
2.525
2.523
2.528
2.531
2.538
2.536
2.539
2.538
2.547
2.552
2.562
2.554
2.552
2.559
2.565
2.564
2.570
2.567
2.576
2.573
2.576
2.566
2.582
2.587
2.591
2.592
2.589
2.584
2.589
2.606
2.608
2.587
2.582
2.592
2.587
2.582
2.588
2.591
2.594
2.580
2.603
2.588
2.600
2.599
2.593
2.596
2.593
2.592
2.571
2.598
2.592
2.603
2.582
2.592
2.587
2.597
2.592
2.607
2.590
2.596
2.604
2.597
2.596
2.588
2.585
2.600
2.579
2.601
2.589
2.581
2.590
2.587
2.599
2.597
2.589
2.577
2.587
2.579
2.585
2.594
2.587
2.593
2.598
2.577
2.594
2.590
2.587
2.606
2.601
2.606
2.594
2.596
2.587
2.597
2.592
2.591
2.592
2.587
2.591
2.584
2.600
2.595
2.595
2.592
2.596
2.602
2.587
2.592
2.590
2.587
2.598
2.590
2.572
2.594
2.600
2.575
2.592
2.604
2.580
2.584
2.595
2.589
2.581
2.600
2.583
2.575
2.590
2.578
2.578
2.589
2.593
2.599
2.590
2.608
2.588
2.592
2.600
2.588
2.587
2.602
2.590
2.585
2.591
2.593
2.587
2.596
2.599
2.589
2.604
2.610
2.585
2.601
2.585
2.585
2.599
2.600
2.600
2.597
2.594
2.596
2.594
2.578
2.590
2.593
2.589
2.594
2.581
2.590
2.591
2.590
2.591
2.596
2.595
2.599
2.588
2.585
2.592
2.604
2.596
2.601
2.603
2.589
2.588
2.598
2.601
2.583
2.592
2.603
2.598
2.595
2.597
2.587
2.600
2.595
2.602
2.602
2.595
2.595
2.596
2.591
2.613
2.587
2.591
2.583
2.600
2.596
2.586
2.598
2.591
2.600
2.592
2.589
2.589
2.583
2.582
2.594
2.601
2.587
2.580
2.583
2.574
2.586
2.589
2.583
2.591
2.590
2.602
2.590
2.583
2.607
2.587
2.583
2.581
2.591
2.586
2.595
2.588
2.579
2.595
2.598
2.599
2.602
2.594
2.593
2.584
2.587
2.589
2.594
2.590
2.587
2.596
2.595
2.583
2.597
2.592
2.591
2.593
2.592
2.577
2.593
2.589
2.595
2.580
2.586
2.584
2.592
2.589
2.585
2.590
2.603
2.590
2.586
2.581
2.587
2.585
2.585
2.594
2.597
2.589
2.585
2.585
2.584
2.586
2.596
2.575
2.592
2.594
2.584
2.593
2.592
2.586
2.599
2.598
2.582
2.590
2.591
2.574
2.603
2.590
2.588
2.590
2.587
2.592
2.606
2.590
2.594
2.599
2.594
2.594
2.587
2.600
2.583
2.583
2.586
2.583
2.583
2.595
2.587
2.590
2.592
2.583
2.591
2.589
2.602
2.587
2.578
2.589
2.595
2.583
2.590
2.587
2.591
2.578
2.595
2.586
2.595
2.591
2.601
2.609
2.598
2.608
2.596
2.607
2.607
2.630
2.621
2.628
2.636
2.623
2.632
2.635
2.646
2.633
2.639
2.626
2.644
2.646
2.625
2.656
2.639
2.643
2.650
2.645
2.633
2.640
2.639
2.650
2.644
2.648
2.631
2.642
2.652
2.639
2.643
2.650
2.651
2.650
2.643
2.639
2.626
2.632
2.639
2.650
2.629
2.635
2.616
2.641
2.663
2.636
2.651
2.650
2.637
2.640
2.638
2.650
2.635
2.642
2.629
2.650
2.656
2.641
2.639
2.640
2.624
2.647
2.648
2.654
2.656
2.641
2.650
2.628
2.639
2.645
2.652
2.648
2.659
2.645
2.650
2.641
2.638
2.644
2.622
2.638
2.650
2.626
2.652
2.641
2.635
2.638
2.630
2.645
2.640
2.636
2.636
2.642
2.644
2.648
2.635
2.636
2.639
2.639
2.652
2.649
2.650
2.640
2.649
2.647
2.644
2.651
2.632
2.651
2.649
2.649
2.641
2.633
2.641
2.642
2.654
2.658
2.627
2.652
2.629
2.632
2.640
2.650
2.626
2.630
2.648
2.662
2.646
2.636
2.649
2.638
2.641
2.650
2.623
2.641
2.646
2.660
2.639
2.638
2.636
2.640
2.625
2.634
2.651
2.631
2.648
2.639
2.652
2.638
2.635
2.631
2.634
2.660
2.629
2.650
2.641
2.637
2.643
2.651
2.647
2.634
2.626
2.645
2.624
2.629
2.643
2.619
2.627
2.643
2.636
2.633
2.651
2.634
2.621
2.637
2.650
2.650
2.626
2.648
2.636
2.640
2.648
2.657
2.632
2.630
2.638
2.630
2.631
2.638
2.635
2.637
2.629
2.625
2.636
2.636
2.634
2.610
2.630
2.614
2.638
2.640
2.627
2.644
2.634
2.646
2.631
2.637
2.640
2.647
2.636
2.636
2.652
2.636
2.647
2.639
2.641
2.645
2.646
2.629
2.648
2.654
2.647
2.642
2.652
2.631
2.626
2.600
2.610
2.645
2.628
2.622
2.640
2.633
2.607
2.607
2.627
2.628
2.634
2.634
2.621
2.601
2.613
2.635
2.637
2.623
2.623
2.633
2.610
2.625
2.628
2.631
2.623
2.624
2.634
2.622
2.623
2.633
2.614
2.640
2.639
2.660
2.631
2.629
2.634
2.658
2.629
2.634
2.631
2.639
2.628
2.638
2.645
2.623
2.631
2.646
2.639
2.635
2.614
2.633
2.628
2.619
2.633
2.633
2.627
2.630
2.631
2.635
2.635
2.623
2.632
2.646
2.632
2.631
2.643
2.635
2.631
2.631
2.627
2.629
2.628
2.640
2.640
2.635
2.620
2.631
2.621
2.644
2.642
2.629
2.617
2.623
2.622
2.615
2.611
2.640
2.629
2.610
2.628
2.634
2.619
2.626
2.612
2.618
2.615
2.593
2.603
2.593
2.585
2.602
2.600
2.591
2.603
2.583
2.590
2.589
2.589
2.581
2.580
2.588
2.593
2.593
2.594
2.587
2.597
2.588
2.579
2.589
2.599
2.582
2.595
2.595
2.572
2.567
2.578
2.577
2.581
2.590
2.589
2.598
2.594
2.602
2.593
2.590
2.590
2.588
2.578
2.597
2.575
2.575
2.585
2.581
2.594
2.597
2.595
2.583
2.585
2.592
2.595
2.583
2.596
2.592
2.592
2.594
2.583
2.597
2.590
2.592
2.600
2.600
2.596
2.594
2.587
2.582
2.594
2.586
2.588
2.605
2.588
2.590
2.594
2.591
2.592
2.592
2.585
2.591
2.593
2.596
2.599
2.591
2.598
2.588
2.584
2.590
2.591
2.582
2.590
2.595
2.589
2.593
2.589
2.602
2.587
2.588
2.588
2.584
2.589
2.576
2.603
2.600
2.598
2.579
2.595
2.597
2.589
2.606
2.583
2.592
2.602
2.603
2.585
2.591
2.590
2.597
2.587
2.596
2.571
2.591
2.592
2.593
2.600
2.597
2.587
2.585
2.589
2.597
2.590
2.595
2.587
2.592
2.598
2.591
2.586
2.591
2.587
2.602
2.601
2.604
2.603
2.604
2.595
2.603
2.582
2.590
2.611
2.587
2.602
2.600
2.597
2.588
2.594
2.591
2.592
2.590
2.597
2.584
2.587
2.584
2.594
2.588
2.588
2.596
2.584
2.599
2.594
2.604
2.590
2.591
2.598
2.583
2.608
2.580
2.590
2.596
2.584
2.588
2.587
2.598
2.601
2.601
2.586
2.606
2.596
2.584
2.594
2.587
2.581
2.593
2.596
2.581
2.595
2.583
2.581
2.595
2.592
2.597
2.598
2.584
2.596
2.579
2.589
2.603
2.576
2.583
2.589
2.582
2.601
2.590
2.593
2.576
2.581
2.589
2.582
2.571
2.569
2.590
2.597
2.598
2.597
2.595
2.587
2.582
2.581
2.589
2.577
2.594
2.584
2.575
2.588
2.568
2.567
2.565
2.559
2.566
2.575
2.566
2.561
2.571
2.583
2.567
2.588
2.561
2.564
2.579
2.587
2.573
2.582
2.582
2.590
2.578
2.576
2.569
2.586
2.573
2.582
2.575
2.579
2.567
2.595
2.571
2.589
2.571
2.574
2.577
2.575
2.578
2.576
2.579
2.573
2.585
2.586
2.588
2.597
2.574
2.589
2.577
2.589
2.572
2.594
2.591
2.579
2.595
2.585
2.579
2.599
2.580
2.588
2.595
2.602
2.587
2.594
2.593
2.593
2.589
2.593
2.586
2.596
2.596
2.597
2.581
2.590
2.594
2.599
2.592
2.583
2.604
2.585
2.600
2.599
2.593
2.596
2.595
2.587
2.596
2.587
2.592
2.590
2.585
2.583
2.584
2.578
2.571
2.564
2.579
2.553
2.559
2.558
2.551
2.556
2.545
2.557
2.557
2.550
2.534
2.541
2.528
2.527
2.528
2.521
2.525
2.526
2.525
2.518
2.514
2.523
2.515
2.513
2.516
2.515
2.511
2.512
2.516
2.514
2.514
2.506
2.514
2.506
2.509
2.509
2.507
2.510
2.514
2.515
2.511
2.510
2.511
2.507
2.511
2.510
2.514
2.512
2.508
2.511
2.510
2.513
2.509
2.507
2.506
2.508
2.500
2.503
2.505
2.505
2.513
2.509
2.508
2.513
2.508
2.508
2.514
2.512
2.509
2.515
2.513
2.513
2.512
2.503
2.512
2.507
2.509
2.509
2.507
2.513
2.506
2.507
2.507
2.508
2.508
2.508
2.508
2.510
2.511
2.507
2.512
2.510
2.510
2.511
2.506
2.508
2.510
2.512
2.511
2.513
2.510
2.512
2.511
2.508
2.510
2.510
2.513
2.513
2.510
2.508
2.507
2.507
2.514
2.508
2.506
2.512
2.507
2.505
2.510
2.504
2.507
2.517
2.510
2.511
2.510
2.507
2.517
2.507
2.509
2.511
2.508
2.506
2.506
2.505
2.505
2.508
2.512
2.509
2.505
2.511
2.509
2.506
2.513
2.512
2.506
2.513
2.515
2.511
2.508
2.508
2.509
2.509
2.510
2.512
2.510
2.506
2.513
2.508
2.504
2.511
2.509
2.511
2.511
2.505
2.509
2.510
2.508
2.508
2.510
2.508
2.513
2.510
2.510
2.509
2.511
2.507
