-28.310
-38.698
-46.858
-53.487
-58.664
-62.656
-66.050
-68.565
-70.727
-72.382
-73.855
-74.909
-76.002
-76.627
-77.376
-77.701
-78.036
-78.229
-78.733
-78.836
-79.269
-79.340
-79.647
-79.693
-79.904
-79.873
-80.074
-80.034
-80.202
-80.212
-80.144
-79.990
-80.017
-80.039
-80.131
-79.980
-80.109
-80.137
-80.110
-79.988
-80.140
-79.962
-79.720
-79.801
-79.491
-79.492
-79.394
-79.540
-79.582
-79.616
-79.442
-79.554
-79.568
-79.630
-79.479
-79.558
-79.421
-79.487
-79.465
-79.522
-79.417
-79.609
-79.487
-79.590
-79.522
-79.692
-79.604
-79.858
-79.661
-79.754
-79.653
-79.898
-79.743
-79.794
-79.661
-79.728
-79.633
-79.706
-79.590
-79.747
-79.623
-79.723
-79.703
-79.813
-79.650
-79.795
-79.861
-79.889
-79.636
-79.609
-79.687
-79.725
-79.680
-79.894
-79.915
-80.057
-79.946
-80.206
-80.165
-80.182
-79.921
-80.186
-80.049
-80.064
-80.026
-80.221
-80.177
-80.067
-79.953
-80.188
-80.075
-80.110
-80.013
-79.735
-79.688
-79.476
-79.480
-79.309
-79.322
-79.158
-79.351
-79.156
-79.200
-79.060
-79.223
-79.103
-79.158
-78.976
-79.106
-78.935
-79.148
-79.043
-79.109
-79.038
-79.255
-79.204
-79.313
-79.201
-79.360
-79.438
-79.526
-79.445
-79.481
-79.460
-79.518
-79.364
-79.392
-79.388
-79.511
-79.383
-79.532
-79.400
-79.470
-79.301
-79.441
-79.353
-79.382
-79.306
-79.595
-79.526
-79.596
-79.501
-79.701
-79.536
-79.704
-79.663
-79.730
-79.584
-79.767
-79.714
-79.771
-79.692
-79.878
-79.753
-79.727
-79.532
-79.650
-79.820
-79.956
-79.815
-79.827
-79.787
-79.779
-79.698
-79.884
-79.807
-79.845
-79.751
-79.876
-79.826
-79.886
-79.783
-80.152
-80.171
-79.812
-79.825
-79.685
-79.623
-79.448
-79.508
-79.332
-79.415
-79.282
-79.451
-79.261
-79.358
-79.362
-79.589
-79.321
-79.432
-79.321
-79.557
-79.445
-79.531
-79.425
-79.640
-79.437
-79.475
-79.305
-79.469
-79.400
-79.620
-79.621
-79.672
-79.562
-79.625
-79.575
-79.660
-79.403
-79.472
-79.528
-79.622
-79.398
-79.618
-79.595
-79.751
-79.625
-79.750
-79.625
-79.525
-79.395
-79.616
-79.568
-79.679
-79.443
-79.680
-79.569
-79.580
-79.539
-79.731
-79.685
-79.673
-79.588
-79.546
-79.361
-79.464
-79.396
-79.442
-79.229
-79.333
-79.291
-79.408
-79.301
-79.366
-79.518
-79.564
-79.401
-79.546
-79.462
-79.494
-79.371
-79.471
-79.427
-79.542
-79.433
-79.522
-79.467
-79.224
-79.254
-79.253
-79.303
-79.042
-79.009
-78.932
-78.995
-78.946
-78.882
-78.881
-78.954
-78.889
-78.986
-78.839
-78.946
-78.807
-79.020
-78.891
-79.013
-78.935
-79.223
-79.129
-79.128
-78.877
-79.052
-78.916
-79.033
-78.852
-79.056
-78.920
-79.036
-79.054
-79.218
-79.099
-79.154
-79.124
-79.099
-78.854
-79.008
-79.082
-79.290
-79.182
-79.446
-79.532
-79.600
-79.580
-79.764
-79.686
-79.749
-79.624
-79.624
-79.499
-79.525
-79.345
-79.451
-79.286
-79.328
-79.238
-79.540
-79.382
-79.431
-79.370
-79.496
-79.371
-79.422
-79.288
-79.380
-79.254
-79.453
-79.313
-79.525
-79.420
-79.561
-79.674
-79.714
-79.571
-79.632
-79.781
-79.824
-79.760
-79.883
-79.831
-79.815
-79.727
-79.806
-79.670
-79.811
-79.774
-79.844
-79.725
-79.755
-79.679
-79.893
-79.765
-79.687
-79.574
-79.834
-79.718
-79.424
-79.389
-79.136
-79.109
-78.937
-78.925
-78.840
-78.972
-78.977
-79.157
-79.051
-79.115
-78.967
-79.199
-79.084
-79.117
-79.069
-79.355
-79.159
-79.252
-79.102
-79.256
-79.155
-79.249
-79.174
-79.314
-79.251
-79.376
-79.326
-79.336
-79.169
-79.460
-79.543
-79.634
-79.557
-79.521
-79.342
-79.448
-79.309
-79.447
-79.283
-79.476
-79.406
-79.500
-79.550
-79.690
-79.527
-79.896
-79.792
-79.834
-79.742
-79.968
-79.875
-79.950
-79.885
-80.033
-79.951
-80.111
-80.039
-80.056
-79.895
-80.041
-80.108
-80.211
-80.069
-80.080
-80.014
-80.111
-79.864
-79.916
-79.958
-80.041
-79.958
-80.066
-80.003
-80.102
-79.957
-80.066
-79.902
-80.047
-80.037
-80.180
-79.944
-80.030
-79.999
-80.149
-79.994
-79.996
-79.996
-79.747
-79.748
-79.523
-79.543
-79.385
-79.508
-79.356
-79.435
-79.398
-79.443
-79.305
-79.494
-79.370
-79.396
-79.292
-79.583
-79.392
-79.513
-79.361
-79.513
-79.511
-79.584
-79.467
-79.474
-79.429
-79.693
-79.504
-79.628
-79.478
-79.632
-79.781
-79.725
-79.530
-79.674
-79.664
-79.806
-79.745
-79.821
-79.582
-79.590
-79.597
-79.778
-79.672
-79.738
-79.715
-79.972
-79.778
-79.797
-79.688
-80.000
-79.875
-79.850
-79.705
-79.839
-79.746
-79.922
-79.787
-79.980
-79.884
-79.932
-79.946
-80.032
-79.950
-80.035
-80.028
-80.047
-79.838
-79.920
-79.961
-80.044
-79.960
-79.893
-79.839
-79.922
-79.787
-79.830
-79.639
-79.736
-79.589
-79.746
-79.522
-79.517
-79.339
-79.621
-79.572
-79.657
-79.651
-79.796
-79.587
-79.619
-79.520
-79.541
-79.383
-79.506
-79.430
-79.569
-79.380
-79.479
-79.508
-79.582
-79.415
-79.482
-79.661
-79.754
-79.528
-79.672
-79.463
-79.545
-79.336
-79.394
-79.190
-79.352
-79.257
-79.455
-79.389
-79.386
-79.559
-79.722
-79.853
-79.732
-79.761
-79.759
-79.757
-79.605
-79.734
-79.687
-79.925
-79.840
-79.847
-79.778
-79.797
-79.738
-80.015
-79.862
-79.865
-79.717
-79.823
-79.659
-79.602
-79.406
-79.600
-79.405
-79.449
-79.384
-79.457
-79.391
-79.488
-79.540
-79.707
-79.616
-79.817
-79.729
-79.783
-79.627
-79.776
-79.721
-79.777
-79.596
-79.602
-79.507
-79.630
-79.529
-79.598
-79.429
-79.543
-79.409
-79.652
-79.472
-79.452
-79.187
-79.475
-79.280
-79.349
-79.279
-79.373
-79.298
-79.364
-79.216
-79.223
-79.103
-79.108
-79.136
-79.234
-79.062
-79.125
-79.275
-79.345
-79.151
-79.246
-79.246
-79.347
-79.328
-79.312
-79.100
-79.230
-79.059
-79.097
-79.003
-79.002
-78.877
-79.176
-78.941
-78.928
-78.892
-79.164
-78.981
-78.960
-78.843
-78.949
-78.784
-78.877
-78.752
-78.877
-79.026
-78.971
-79.127
-79.126
-79.151
-79.121
-79.372
-79.272
-79.293
-79.234
-79.512
-79.360
-79.513
-79.410
-79.378
-79.278
-79.347
-79.228
-79.332
-79.316
-79.377
-79.552
-79.567
-79.378
-79.528
-79.647
-79.843
-79.799
-79.864
-79.766
-79.763
-79.635
-79.708
-79.592
-79.673
-79.514
-79.611
-79.514
-79.561
-79.424
-79.639
-79.411
-79.404
-79.223
-79.378
-79.203
-79.262
-79.110
-79.163
-79.105
-79.259
-79.232
-79.361
-79.264
-79.361
-79.489
-79.541
-79.308
-79.471
-79.452
-79.536
-79.429
-79.468
-79.400
-79.470
-79.401
-79.446
-79.256
-79.280
-79.199
-79.309
-79.222
-79.303
-79.117
-79.394
-79.315
-79.427
-79.217
-79.323
-79.159
-79.302
-79.216
-79.298
-79.188
-79.301
-79.216
-79.397
-79.318
-79.454
-79.413
-79.431
-79.245
-79.246
-79.296
-79.287
-79.055
-79.044
-78.960
-79.118
-78.969
-79.075
-78.885
-78.933
-79.172
-79.237
-79.365
-79.367
-79.443
-79.505
-79.504
-79.378
-79.502
-79.502
-79.576
-79.486
-79.639
-79.561
-79.624
-79.524
-79.569
-79.530
-79.549
-79.464
-79.696
-79.557
-79.696
-79.557
-79.945
-79.806
-79.870
-79.721
-79.802
-79.716
-79.698
-79.533
-79.602
-79.406
-79.575
-79.560
-79.673
-79.538
-79.631
-79.555
-79.519
-79.365
-79.392
-79.363
-79.366
-79.293
-79.359
-79.187
-79.275
-79.270
-79.341
-79.173
-79.263
-79.335
-79.568
-79.580
-79.539
-79.481
-79.760
-79.808
-79.896
-79.942
-80.129
-79.928
-79.942
-79.729
-79.683
-79.446
-79.507
-79.431
-79.419
-79.236
-79.338
-79.396
-79.442
-79.203
-79.288
-79.105
-79.084
-78.992
-78.994
-78.895
-78.991
-78.843
-78.924
-78.889
-79.036
-79.004
-79.278
-79.098
-79.128
-79.027
-79.197
-79.008
-79.006
-78.955
-79.114
-78.916
-79.033
-78.976
-79.106
-79.035
-79.078
-78.962
-78.995
-79.096
-79.027
-79.321
-79.282
-79.251
-79.175
-79.415
-79.282
-79.451
-79.386
-79.433
-79.322
-79.357
-79.161
-79.179
-79.043
-79.234
-79.262
-79.435
-79.273
-79.318
-79.430
-79.644
-79.590
-79.647
-79.643
-79.714
-79.596
-79.677
-79.667
-79.783
-79.602
-79.681
-79.495
-79.496
-79.397
-79.767
-79.564
-79.626
-79.551
-79.741
-79.568
-79.654
-79.448
-79.484
-79.362
-79.414
-79.282
-79.425
-79.265
-79.337
-79.295
-79.411
-79.279
-79.473
-79.553
-79.643
-79.539
-79.681
-79.595
-79.651
-79.471
-79.477
-79.356
-79.435
-79.323
-79.383
-79.182
-79.270
-79.216
-79.473
-79.303
-79.368
-79.169
-79.360
-79.188
-79.251
-79.125
-79.100
-78.955
-79.039
-78.931
-79.020
-78.841
-78.898
-78.893
-78.890
-78.687
-78.799
-79.239
-79.191
-79.353
-79.358
-79.561
-79.524
-79.644
-79.740
-79.992
-79.844
-79.925
-79.915
-79.932
-79.871
-79.946
-80.007
-79.931
-79.769
-79.816
-79.827
-79.937
-79.825
-79.960
-79.718
-79.799
-79.664
-79.806
-79.745
-79.721
-79.527
-79.771
-79.792
-79.859
-79.637
-79.835
-79.818
-79.829
-79.663
-79.731
-79.534
-79.553
-79.442
-79.529
-79.423
-79.538
-79.506
-79.679
-79.644
-79.665
-79.757
-79.855
-79.659
-79.827
-79.737
-79.739
-79.617
-79.693
-79.505
-79.629
-79.553
-79.667
-79.534
-79.602
-79.432
-79.645
-79.416
-79.558
-79.346
-79.652
-79.522
-79.642
-79.439
-79.526
-79.371
-79.372
-79.247
-79.323
-79.233
-79.462
-79.344
-79.400
-79.245
-79.296
-79.287
-79.380
-79.279
-79.323
-79.258
-79.307
-79.095
-79.176
-79.016
-78.963
-78.820
-78.906
-78.775
-78.870
-78.771
-79.042
-78.933
-79.022
-79.292
-79.459
-79.617
-79.519
-79.615
-79.617
-79.718
-79.725
-79.705
-79.639
-79.786
-79.754
-79.878
-79.802
-79.892
-79.738
-79.941
-79.803
-79.767
-79.664
-79.881
-79.755
-79.829
-79.713
-79.870
-79.721
-79.777
-79.647
-79.792
-79.534
-79.577
-79.762
-79.959
-79.842
-79.924
-79.989
-79.941
-79.728
-79.782
-79.551
-79.566
-79.478
-79.532
-79.376
-79.500
-79.450
-79.635
-79.558
-79.622
-79.572
-79.908
-79.676
-79.666
-79.633
-79.781
-79.650
-79.745
-79.696
-79.757
-79.530
-79.649
-79.569
-79.656
-79.574
-79.684
-79.723
-79.703
-79.612
-79.715
-79.747
-79.773
-79.618
-79.694
-79.630
-79.704
-79.564
-79.551
-79.316
-79.402
-79.247
-79.523
-79.418
-79.434
-79.348
-79.553
-79.392
-79.464
-79.396
-79.567
-79.428
-79.468
-79.299
-79.289
-79.406
-79.425
-79.565
-79.527
-79.622
-79.697
-79.983
-79.861
-79.814
-79.726
-79.906
-79.875
-79.975
-79.805
-79.794
-79.735
-79.813
-79.700
-79.760
-79.708
-79.767
-79.788
-79.906
-79.749
-79.875
-79.925
-79.990
-79.842
-79.898
-79.844
-79.950
-79.835
-79.843
-79.699
-79.784
-79.628
-79.777
-79.572
-79.607
-79.511
-79.809
-79.722
-79.877
-79.727
-79.957
-79.915
-79.932
-79.796
-79.762
-79.609
-79.737
-79.565
-79.677
-79.541
-79.658
-79.552
-79.516
-79.263
-79.460
-79.518
-79.565
-79.252
-79.401
-79.346
-79.527
-79.371
-79.472
-79.378
-79.577
-79.412
-79.654
-79.523
-79.494
-79.220
-79.451
-79.286
-79.329
-79.213
-79.420
-79.236
-79.214
-79.071
-79.107
-79.035
-79.153
-79.048
-79.088
-79.070
-79.156
-79.150
-79.270
-79.116
-79.318
-79.404
-79.448
-79.359
-79.487
-79.415
-79.507
-79.330
-79.414
-79.256
-79.280
-79.024
-79.119
-79.520
-79.491
-79.793
-79.859
-79.937
-79.850
-79.880
-80.054
-80.118
-80.019
-80.141
-79.937
-79.950
-79.835
-79.968
-79.849
-80.004
-79.928
-80.018
-79.914
-79.956
-79.890
-80.162
-80.030
-80.049
-79.914
-80.056
-79.895
-80.016
-79.938
-80.075
-80.010
-80.333
-80.166
-80.308
-80.222
-80.277
-80.322
-80.307
-80.096
-80.227
-80.281
-80.200
-80.010
-80.133
-80.006
-80.080
-79.864
-79.941
-79.803
-79.892
-79.814
-80.001
-79.926
-79.991
-79.842
-80.124
-79.974
-80.054
-79.918
-80.060
-80.023
-80.118
-80.020
-80.116
-79.942
-79.979
-79.808
-79.822
-79.657
-79.701
-79.761
-79.758
-79.607
-79.735
-79.813
-79.801
-79.715
-79.847
-79.728
-79.757
-79.706
-79.840
-79.747
-79.822
-79.608
-79.786
-79.704
-79.688
-79.625
-79.825
-79.685
-79.673
-79.489
-79.566
-79.428
-79.467
-79.274
-79.369
-79.145
-79.266
-79.188
-79.275
-79.195
-79.306
-79.370
-79.471
-79.302
-79.291
-79.233
-79.336
-79.269
-79.315
-79.227
-79.282
-79.050
-79.215
-79.347
-79.328
-79.362
-79.465
-79.497
-79.422
-79.613
-79.715
-79.797
-79.663
-79.730
-79.709
-79.767
-79.664
-79.831
-79.815
-79.952
-79.886
-79.934
-79.747
-79.798
-79.738
-79.991
-79.917
-79.934
-79.847
-80.078
-80.012
-79.985
-79.838
-79.870
-79.721
-79.727
-79.706
-79.865
-79.842
-79.949
-79.909
-79.952
-79.787
-79.854
-79.933
-79.922
-79.812
-79.900
-79.870
-79.996
-79.847
-79.902
-79.747
-79.747
-79.698
-79.783
-79.752
-79.901
-79.771
-80.017
-79.838
-79.871
-79.797
-80.012
-79.910
-79.853
-79.732
-79.886
-79.784
-79.827
-79.686
-79.724
-79.629
-79.778
-79.698
-79.808
-79.621
-79.747
-79.798
-79.763
-79.611
-79.738
-79.741
-79.693
-79.529
-79.598
-79.529
-79.548
-79.463
-79.571
-79.531
-79.625
-79.525
-79.745
-79.721
-79.752
-79.626
-79.951
-79.761
-79.734
-79.637
-79.710
-79.518
-79.639
-79.536
-79.629
-79.553
-79.718
-79.774
-79.869
-79.670
-79.711
-79.644
-79.715
-79.522
-79.618
-79.519
-79.565
-79.452
-79.512
-79.359
-79.362
-79.340
-79.372
-79.323
-79.408
-79.251
-79.476
-79.381
-79.505
-79.429
-79.743
-79.544
-79.610
-79.388
-79.461
-79.268
-79.315
-79.252
-79.326
-79.186
-79.224
-79.429
-79.543
-79.660
-79.628
-79.952
-79.987
-80.114
-80.041
-80.158
-80.126
-80.126
-80.001
-80.076
-79.911
-80.028
-80.223
-80.328
-80.238
-80.340
-80.372
-80.423
-80.263
-80.335
-80.393
-80.615
-80.467
-80.523
-80.344
-80.350
-80.205
-80.314
-80.276
-80.346
-80.252
-80.351
-80.106
-80.135
-79.958
-80.241
-80.168
-80.109
-80.063
-80.300
-80.090
-80.147
-79.943
-80.079
-79.913
-79.956
-79.789
-79.856
-79.685
-79.798
-79.813
-79.976
-79.831
-79.939
-79.977
-80.031
-79.850
-79.955
-79.739
-79.766
-79.638
-79.785
-79.578
-79.688
-79.525
-79.695
-79.456
-79.440
-79.402
-79.621
-79.522
-79.643
-79.514
-79.686
-79.574
-79.659
-79.477
-79.432
-79.295
-79.411
-79.329
-79.438
-79.301
-79.390
-79.437
-79.500
-79.400
-79.495
-79.496
-79.497
-79.272
-79.318
-79.079
-79.113
-79.016
-79.088
-79.320
-79.281
-79.350
-79.455
-79.564
-79.526
-79.646
-79.817
-79.878
-79.703
-79.712
-79.645
-79.691
-79.578
-79.562
-79.400
-79.520
-79.391
-79.563
-79.475
-79.655
-79.549
-79.739
-79.566
-79.603
-79.432
-79.771
-79.617
-79.793
-79.710
-79.868
-79.894
-79.990
-79.892
-79.939
-79.801
-79.966
-79.848
-79.903
-79.697
-79.833
-79.766
-79.963
-79.820
-79.956
-80.015
-80.087
-80.070
-80.156
-79.999
-80.100
-80.030
-80.074
-79.859
-79.937
-79.800
-80.065
-79.927
-79.916
-79.808
-80.021
-79.867
-79.894
-79.815
-79.802
-79.767
-79.763
-79.611
-79.663
-79.531
-79.625
-79.650
-79.845
-79.701
-79.886
-79.908
-80.027
-79.896
-79.892
-79.889
-79.811
-79.799
-79.939
-79.826
-79.986
-79.839
-79.871
-79.722
-79.827
-79.662
-79.829
-79.814
-79.876
-79.651
-79.945
-79.731
-79.785
-79.703
-79.687
-79.500
-79.625
-79.550
-79.640
-79.437
-79.625
-79.725
-79.855
-79.634
-79.707
-79.791
-79.807
-79.721
-79.752
-79.951
-79.986
-80.164
-80.131
-80.055
-79.969
-80.075
-80.010
-80.183
-80.046
-80.112
-80.215
-80.247
-80.122
-80.198
-80.508
-80.582
-80.415
-80.457
-80.466
-80.523
-80.418
-80.584
-80.443
-80.529
-80.498
-80.624
-80.599
-80.579
-80.413
-80.681
-80.394
-80.515
-80.337
-80.370
-80.171
-80.312
-80.199
-80.334
-80.093
-80.099
-80.029
-80.223
-80.029
-80.173
-80.338
-80.571
-80.431
-80.520
-80.566
-80.653
-80.472
-80.553
-80.392
-80.339
-80.121
-80.072
-79.932
-79.996
-79.847
-79.952
-79.737
-79.739
-79.742
-79.943
-79.830
-79.989
-79.841
-80.048
-79.913
-79.880
-79.829
-79.938
-79.801
-79.891
-79.837
-80.020
-79.791
-79.983
-79.986
-80.039
-79.856
-79.935
-80.048
-80.063
-79.826
-79.810
-79.648
-79.769
-79.765
-79.812
-79.624
-79.775
-79.620
-79.771
-79.617
-79.818
-79.755
-79.929
-79.768
-79.814
-79.701
-79.836
-79.844
-79.850
-79.730
-79.909
-79.802
-79.842
-79.823
-79.984
-79.837
-79.869
-79.871
-79.921
-79.637
-79.660
-79.703
-79.762
-79.585
-79.718
-79.674
-79.814
-79.751
-79.701
-79.511
-79.534
-79.652
-79.672
-79.787
-79.680
-79.694
-79.805
-79.844
-79.825
-79.985
-79.988
-79.915
-79.882
-80.081
-79.890
-80.012
-79.984
-80.137
-80.035
-80.128
-80.102
-80.332
-80.265
-80.237
-80.115
-80.317
-80.128
-80.153
-79.972
-79.978
-79.857
-79.961
-79.819
-79.905
-79.899
-79.969
-80.025
-79.995
-79.771
-79.867
-79.693
-79.680
-79.469
-79.500
-79.450
-79.485
-79.288
-79.380
-79.254
-79.378
-79.228
-79.382
-79.231
-79.235
-79.163
-79.380
-79.279
-79.273
-79.194
-79.505
-79.379
-79.403
-79.372
-79.523
-79.318
-79.330
-79.214
-79.096
-78.902
-78.971
-78.927
-79.017
-78.913
-79.031
-79.249
-79.300
-79.040
-79.082
-78.990
-79.042
-78.859
-79.087
-78.870
-78.946
-78.882
-78.980
-78.859
-78.937
-78.725
-78.955
-79.114
-79.166
-79.333
-79.416
-79.383
-79.256
-79.330
-79.339
-79.446
-79.382
-79.406
-79.349
-79.380
-79.304
-79.518
-79.389
-79.361
-79.289
-79.631
-79.605
-79.559
-79.522
-79.718
-79.624
-79.774
-79.644
-79.791
-79.707
-79.791
-79.658
-79.676
-79.516
-79.538
-79.555
-79.669
-79.460
-79.568
-79.605
-79.684
-79.597
-79.727
-79.607
