507.000
526.000
544.000
562.000
580.000
599.000
617.000
635.000
654.000
672.000
691.000
709.000
728.000
746.000
763.000
782.000
800.000
819.000
837.000
856.000
874.000
892.000
911.000
929.000
948.000
966.000
984.000
1002.000
1020.000
1039.000
1057.000
1076.000
1094.000
1113.000
1131.000
1149.000
1168.000
1186.000
1205.000
1223.000
1242.000
1260.000
1278.000
1297.000
1315.000
1334.000
1352.000
1371.000
1389.000
1408.000
1426.000
1444.000
1463.000
1480.000
1499.000
1517.000
1536.000
1554.000
1572.000
1591.000
1609.000
1628.000
1646.000
1665.000
1683.000
1701.000
1720.000
1738.000
1757.000
1775.000
1794.000
1812.000
1830.000
1849.000
1867.000
1886.000
1904.000
1923.000
1941.000
1959.000
1978.000
1996.000
2015.000
2033.000
2052.000
2069.000
2087.000
2106.000
2124.000
2143.000
2161.000
2180.000
2198.000
2216.000
2235.000
2253.000
2272.000
2290.000
2309.000
2327.000
2345.000
2364.000
2382.000
2401.000
2419.000
2438.000
2456.000
2475.000
2493.000
2510.000
2529.000
2547.000
2566.000
2584.000
2603.000
2621.000
2639.000
2658.000
2676.000
2695.000
2713.000
2732.000
2750.000
2768.000
2787.000
2805.000
2824.000
2842.000
2861.000
2879.000
2897.000
2916.000
2934.000
2953.000
2971.000
2990.000
3008.000
3026.000
3045.000
3063.000
3082.000
3100.000
3119.000
3136.000
3154.000
3173.000
3191.000
3210.000
3228.000
3247.000
3265.000
3283.000
3302.000
3320.000
3339.000
3357.000
3376.000
3394.000
3412.000
3431.000
3449.000
3468.000
3486.000
3505.000
3523.000
3542.000
3560.000
3578.000
3597.000
3615.000
3634.000
3652.000
3671.000
3688.000
3706.000
3725.000
3743.000
3762.000
3780.000
3799.000
3817.000
3835.000
3854.000
3872.000
3891.000
3909.000
3928.000
3946.000
3964.000
3983.000
4001.000
4020.000
4038.000
4057.000
4075.000
4093.000
4112.000
4130.000
4149.000
4167.000
4186.000
4204.000
4222.000
4241.000
4259.000
4278.000
4295.000
4314.000
4332.000
4350.000
4369.000
4387.000
4406.000
4424.000
4443.000
4461.000
4480.000
4498.000
4516.000
4535.000
4553.000
4572.000
4590.000
4609.000
4627.000
4645.000
4664.000
4682.000
4701.000
4719.000
4738.000
4756.000
4774.000
4793.000
4811.000
4829.000
4847.000
4866.000
4884.000
4902.000
4921.000
4939.000
4958.000
4976.000
4995.000
5013.000
5031.000
5050.000
5068.000
5087.000
5105.000
5124.000
5142.000
5160.000
5179.000
5197.000
5216.000
5234.000
5253.000
5271.000
5289.000
5308.000
5326.000
5345.000
5363.000
5382.000
5400.000
5417.000
5436.000
5454.000
5473.000
5491.000
5510.000
5528.000
5547.000
5565.000
5583.000
5602.000
5620.000
5639.000
5657.000
5676.000
5694.000
5712.000
5731.000
5749.000
5768.000
5786.000
5805.000
5823.000
5841.000
5860.000
5878.000
5897.000
5915.000
5934.000
5952.000
5970.000
5989.000
6007.000
6026.000
6044.000
6063.000
6081.000
6099.000
6118.000
6135.000
6154.000
6172.000
6191.000
6209.000
6227.000
6246.000
6264.000
6283.000
6301.000
6320.000
6338.000
6356.000
6375.000
6393.000
6412.000
6430.000
6449.000
6467.000
6486.000
6504.000
6522.000
6541.000
6559.000
6578.000
6596.000
6615.000
6633.000
6651.000
6670.000
6688.000
6706.000
6724.000
6743.000
6761.000
6779.000
6798.000
6816.000
6835.000
6853.000
6872.000
6890.000
6908.000
6927.000
6945.000
6964.000
6982.000
7001.000
7019.000
7037.000
7056.000
7074.000
7093.000
7111.000
7130.000
7148.000
7166.000
7185.000
7203.000
7222.000
7240.000
7259.000
7277.000
7296.000
7314.000
7332.000
7351.000
7369.000
7387.000
7405.000
7424.000
7442.000
7460.000
7479.000
7497.000
7516.000
7534.000
7553.000
7571.000
7589.000
7608.000
7626.000
7645.000
7663.000
7682.000
7700.000
7718.000
7737.000
7755.000
7774.000
7792.000
7811.000
7829.000
7847.000
7866.000
7884.000
7903.000
7921.000
7940.000
7958.000
7976.000
7995.000
8013.000
8032.000
8049.000
8068.000
8086.000
8104.000
8123.000
8141.000
8160.000
8178.000
8197.000
8215.000
8233.000
8252.000
8270.000
8289.000
8307.000
8326.000
8344.000
8363.000
8381.000
8399.000
8418.000
8436.000
8455.000
8473.000
8492.000
8510.000
8528.000
8547.000
8565.000
8584.000
8602.000
8621.000
8639.000
8657.000
8676.000
8694.000
8712.000
8730.000
8749.000
8767.000
8785.000
8804.000
8822.000
8841.000
8859.000
8878.000
8896.000
8914.000
8933.000
8951.000
8970.000
8988.000
9007.000
9025.000
9043.000
9062.000
9080.000
9099.000
9117.000
9136.000
9154.000
9172.000
9191.000
9209.000
9227.000
9245.000
9264.000
9282.000
9300.000
9319.000
9337.000
9356.000
9374.000
9393.000
9411.000
9430.000
9448.000
9466.000
9485.000
9503.000
9522.000
9540.000
9559.000
9577.000
9595.000
9614.000
9632.000
9651.000
9669.000
9688.000
9706.000
9724.000
9742.000
9760.000
9779.000
9797.000
9816.000
9834.000
9852.000
9871.000
9889.000
9908.000
9926.000
9945.000
9963.000
9981.000
10000.000
10018.000
10037.000
10055.000
10074.000
10092.000
10110.000
10129.000
10147.000
10166.000
10184.000
10203.000
10221.000
10240.000
10258.000
10276.000
10295.000
10313.000
10332.000
10350.000
10369.000
10387.000
10405.000
10424.000
10442.000
10461.000
10479.000
10498.000
10516.000
10534.000
10553.000
10571.000
10590.000
10608.000
10627.000
10645.000
10663.000
10682.000
10700.000
10719.000
10737.000
10756.000
10774.000
10792.000
10811.000
10829.000
10848.000
10866.000
10885.000
10903.000
10921.000
10940.000
10959.000
10978.000
10996.000
11015.000
11033.000
11052.000
11070.000
11088.000
11107.000
11125.000
11144.000
11162.000
11181.000
11199.000
11217.000
11236.000
11254.000
11273.000
11291.000
11310.000
11328.000
11346.000
11365.000
11383.000
11402.000
11420.000
11439.000
11457.000
11475.000
11494.000
11512.000
11531.000
11549.000
11568.000
11586.000
11604.000
11623.000
11641.000
11660.000
11678.000
11697.000
11715.000
11734.000
11752.000
11770.000
11789.000
11807.000
11826.000
11844.000
11863.000
11881.000
11899.000
11918.000
11936.000
11955.000
11973.000
11992.000
12010.000
12028.000
12047.000
12065.000
12084.000
12102.000
12121.000
12139.000
12158.000
12177.000
12195.000
12214.000
12232.000
12251.000
12269.000
12288.000
12306.000
12324.000
12343.000
12361.000
12380.000
12398.000
12417.000
12435.000
12453.000
12472.000
12490.000
12509.000
12527.000
12546.000
12564.000
12582.000
12601.000
12619.000
12638.000
12656.000
12675.000
12693.000
12711.000
12730.000
12748.000
12767.000
12785.000
12804.000
12822.000
12840.000
12859.000
12877.000
12896.000
12914.000
12933.000
12951.000
12969.000
12988.000
13006.000
13025.000
13043.000
13062.000
13080.000
13099.000
13117.000
13135.000
13154.000
13172.000
13191.000
13209.000
13228.000
13246.000
13264.000
13283.000
13301.000
13320.000
13338.000
13357.000
13375.000
13393.000
13412.000
13430.000
13449.000
13467.000
13486.000
13504.000
13522.000
13541.000
13560.000
13579.000
13597.000
13616.000
13634.000
13652.000
13671.000
13689.000
13708.000
13726.000
13745.000
13763.000
13782.000
13800.000
13818.000
13837.000
13855.000
13874.000
13892.000
13911.000
13929.000
13947.000
13966.000
13984.000
14003.000
14021.000
14040.000
14058.000
14076.000
14095.000
14113.000
14132.000
14150.000
14169.000
14187.000
14205.000
14224.000
14242.000
14261.000
14279.000
14298.000
14316.000
14334.000
14353.000
14371.000
14390.000
14408.000
14427.000
14445.000
14464.000
14482.000
14500.000
14519.000
14537.000
14556.000
14574.000
14593.000
14611.000
14629.000
14648.000
14666.000
14685.000
14703.000
14722.000
14740.000
14758.000
14777.000
14795.000
14814.000
14832.000
14851.000
14869.000
14887.000
14906.000
14924.000
14943.000
14961.000
14980.000
14999.000
15017.000
15036.000
15054.000
15073.000
15091.000
15110.000
15128.000
15147.000
15165.000
15183.000
15202.000
15220.000
15239.000
15257.000
15276.000
15294.000
15312.000
15331.000
15349.000
15368.000
15386.000
15405.000
15423.000
15441.000
15460.000
15478.000
15497.000
15515.000
15534.000
15552.000
15570.000
15589.000
15607.000
15626.000
15644.000
15663.000
15681.000
15699.000
15718.000
15736.000
15755.000
15773.000
15792.000
15810.000
15828.000
15847.000
15865.000
15884.000
15902.000
15921.000
15939.000
15958.000
15976.000
15994.000
16013.000
16031.000
16050.000
16068.000
16087.000
16105.000
16123.000
16142.000
16160.000
16179.000
16197.000
16216.000
16234.000
16252.000
16271.000
16289.000
16308.000
16326.000
16345.000
16363.000
16381.000
16400.000
16418.000
16437.000
16455.000
16474.000
16492.000
16510.000
16529.000
16547.000
16566.000
16584.000
16603.000
16621.000
16640.000
16658.000
16676.000
16695.000
16713.000
16733.000
16751.000
16770.000
16788.000
16806.000
16825.000
16843.000
16862.000
16880.000
16899.000
16917.000
16935.000
16954.000
16972.000
16991.000
17009.000
17028.000
17046.000
17064.000
17083.000
17101.000
17120.000
17138.000
17157.000
17175.000
17193.000
17212.000
17230.000
17249.000
17267.000
17286.000
17304.000
17323.000
17341.000
17359.000
17378.000
17396.000
17415.000
17433.000
17452.000
17470.000
17488.000
17507.000
17525.000
17544.000
17562.000
17581.000
17599.000
17617.000
17636.000
17654.000
17673.000
17691.000
17710.000
17728.000
17746.000
17765.000
17783.000
17802.000
17820.000
17839.000
17857.000
17875.000
17894.000
17912.000
17931.000
17949.000
17968.000
17986.000
18004.000
18023.000
18041.000
18061.000
18079.000
18098.000
18116.000
18135.000
18153.000
18171.000
18190.000
18208.000
18227.000
18245.000
18264.000
18282.000
18300.000
18319.000
18337.000
18356.000
18374.000
18393.000
18411.000
18429.000
18448.000
18466.000
18485.000
18503.000
18522.000
18540.000
18558.000
18577.000
18595.000
18614.000
18632.000
18651.000
18669.000
18688.000
18706.000
18724.000
18743.000
18761.000
18780.000
18798.000
18817.000
18835.000
18853.000
18872.000
18890.000
18909.000
18927.000
18946.000
18964.000
18982.000
19001.000
19019.000
19038.000
19056.000
19075.000
19093.000
19111.000
19130.000
19148.000
19167.000
19185.000
19204.000
19222.000
19240.000
19259.000
19277.000
19296.000
19314.000
19333.000
19351.000
19369.000
19388.000
19406.000
19425.000
19444.000
19463.000
19481.000
19500.000
19518.000
19536.000
19555.000
19573.000
19592.000
19610.000
19629.000
19647.000
19665.000
19684.000
19702.000
19721.000
19739.000
19758.000
19776.000
19794.000
19813.000
19831.000
19850.000
19868.000
19887.000
19905.000
19923.000
19942.000
19960.000
19979.000
19997.000
20016.000
20034.000
20052.000
20071.000
20089.000
20108.000
20126.000
20145.000
20163.000
20182.000
20200.000
20218.000
20237.000
20255.000
20274.000
20292.000
20311.000
20329.000
20347.000
20366.000
20384.000
20403.000
20421.000
20440.000
20458.000
20476.000
20495.000
20513.000
20532.000
20550.000
20569.000
20587.000
20605.000
20624.000
20642.000
20661.000
20679.000
20698.000
20716.000
20734.000
20753.000
20771.000
20790.000
20808.000
20827.000
20845.000
20864.000
20883.000
20901.000
20920.000
20938.000
20957.000
20975.000
20994.000
21012.000
21030.000
21049.000
21067.000
21086.000
21104.000
21123.000
21141.000
21159.000
21178.000
21196.000
21215.000
21233.000
21252.000
21270.000
21288.000
21307.000
21325.000
21344.000
21362.000
21381.000
21399.000
21417.000
21436.000
21454.000
21473.000
21491.000
21510.000
21528.000
21547.000
21565.000
21583.000
21602.000
21620.000
21639.000
21657.000
21676.000
21694.000
21712.000
21731.000
21749.000
21768.000
21786.000
21805.000
21823.000
21841.000
21860.000
21878.000
21897.000
21915.000
21934.000
21952.000
21970.000
21989.000
22007.000
22026.000
22044.000
22063.000
22081.000
22100.000
22119.000
22137.000
22156.000
22174.000
22193.000
22211.000
22230.000
22248.000
22266.000
22285.000
22303.000
22322.000
22340.000
22359.000
22377.000
22395.000
22414.000
22432.000
22451.000
22469.000
22488.000
22506.000
22524.000
22543.000
22561.000
22580.000
22598.000
22617.000
22635.000
22653.000
22672.000
22690.000
22709.000
22727.000
22746.000
22764.000
22782.000
22801.000
22819.000
22838.000
22856.000
22875.000
22893.000
22912.000
22930.000
22948.000
22967.000
22985.000
23004.000
23022.000
23041.000
23059.000
23077.000
23096.000
23114.000
23133.000
23151.000
23170.000
23188.000
23206.000
23225.000
23243.000
23262.000
23280.000
23299.000
23317.000
23335.000
23354.000
23372.000
23391.000
23409.000
23428.000
23446.000
23464.000
23483.000
23501.000
23520.000
23538.000
23557.000
23575.000
23593.000
23612.000
23630.000
23649.000
23667.000
23686.000
23704.000
23723.000
23741.000
23759.000
23778.000
23796.000
23815.000
23833.000
23852.000
23870.000
23889.000
23908.000
23926.000
23945.000
23963.000
23982.000
24000.000
24018.000
24037.000
24055.000
24074.000
24092.000
24111.000
24129.000
24147.000
24166.000
24184.000
24203.000
24221.000
24240.000
24258.000
24276.000
24295.000
24313.000
24332.000
24350.000
24369.000
24387.000
24406.000
24424.000
24442.000
24461.000
24479.000
24498.000
24516.000
24535.000
24553.000
24571.000
24590.000
24608.000
24627.000
24645.000
24664.000
24682.000
24700.000
24719.000
24737.000
24756.000
24774.000
24793.000
24811.000
24829.000
24848.000
24866.000
24885.000
24903.000
24922.000
24940.000
24958.000
24977.000
24995.000
25014.000
25032.000
25051.000
25069.000
25088.000
25106.000
25124.000
25143.000
25161.000
25180.000
25198.000
25217.000
25235.000
25253.000
25272.000
25290.000
25309.000
25327.000
25346.000
25364.000
25382.000
25401.000
25419.000
25438.000
25456.000
25475.000
25493.000
25511.000
25530.000
25548.000
25567.000
25585.000
25604.000
25622.000
25640.000
25659.000
25677.000
25696.000
25714.000
25733.000
25751.000
25769.000
25788.000
25806.000
25825.000
25843.000
25862.000
25881.000
25900.000
25918.000
25936.000
25955.000
25973.000
25992.000
26010.000
26029.000
26047.000
26065.000
26084.000
26102.000
26121.000
26139.000
26158.000
26176.000
26194.000
26213.000
26231.000
26250.000
26268.000
26287.000
26305.000
26323.000
26342.000
26360.000
26379.000
26397.000
26416.000
26434.000
26452.000
26471.000
26489.000
26508.000
26526.000
26545.000
26563.000
26582.000
26600.000
26618.000
26637.000
26655.000
26674.000
26692.000
26711.000
26729.000
26747.000
26766.000
26784.000
26803.000
26821.000
26840.000
26858.000
26876.000
26895.000
26913.000
26932.000
26950.000
26969.000
26987.000
27005.000
27024.000
27042.000
27061.000
27079.000
27098.000
27116.000
27134.000
27153.000
27171.000
27190.000
27208.000
27227.000
27245.000
27264.000
27282.000
27300.000
27319.000
27337.000
27356.000
27374.000
27393.000
27411.000
27429.000
27448.000
27466.000
27485.000
27503.000
27522.000
27540.000
27558.000
27577.000
27595.000
27614.000
27632.000
27651.000
27669.000
27687.000
27706.000
27724.000
27743.000
27761.000
27780.000
27798.000
27816.000
27835.000
27853.000
27872.000
27890.000
27909.000
27927.000
27945.000
27964.000
27982.000
28001.000
28019.000
28038.000
28056.000
28075.000
28093.000
28111.000
28130.000
28148.000
28167.000
28185.000
28204.000
28222.000
28240.000
28259.000
28277.000
28296.000
28314.000
28333.000
28351.000
28369.000
28388.000
28406.000
28425.000
28444.000
28463.000
28481.000
28499.000
28518.000
28536.000
28555.000
28573.000
28592.000
28610.000
28628.000
28647.000
28665.000
28684.000
28702.000
28721.000
28739.000
28758.000
28776.000
28794.000
28813.000
28831.000
28850.000
28868.000
28887.000
28905.000
28923.000
28942.000
28960.000
28979.000
28997.000
29016.000
29034.000
29052.000
29071.000
29089.000
29108.000
29126.000
29145.000
29163.000
29181.000
29200.000
29218.000
29237.000
29255.000
29274.000
29292.000
29310.000
29329.000
29347.000
29366.000
29384.000
29403.000
29421.000
29440.000
29458.000
29476.000
29495.000
29513.000
29532.000
29550.000
29569.000
29587.000
29605.000
29624.000
29642.000
29661.000
29679.000
29698.000
29716.000
29734.000
29753.000
29771.000
29790.000
29808.000
29827.000
29846.000
29864.000
29883.000
29901.000
29920.000
29938.000
29957.000
29975.000
29993.000
30012.000
30030.000
30049.000
30067.000
30086.000
30104.000
30123.000
30141.000
30159.000
30178.000
30196.000
30215.000
30233.000
30252.000
30270.000
30288.000
30307.000
30325.000
30344.000
30362.000
30381.000
30399.000
30417.000
30436.000
30454.000
30473.000
30491.000
30510.000
30528.000
30546.000
30565.000
30583.000
30602.000
30620.000
30639.000
30657.000
30675.000
30694.000
30712.000
30731.000
30749.000
30768.000
30786.000
30804.000
30823.000
30841.000
30860.000
30878.000
30897.000
30915.000
30934.000
30952.000
30971.000
30990.000
31008.000
31027.000
31045.000
31064.000
31082.000
31100.000
31119.000
31137.000
31156.000
31174.000
31193.000
31211.000
31229.000
31248.000
31266.000
31285.000
31303.000
31322.000
31340.000
31358.000
31377.000
31395.000
31414.000
31432.000
31451.000
31469.000
31488.000
31506.000
31524.000
31543.000
31561.000
31580.000
31598.000
31617.000
31635.000
31653.000
31672.000
31690.000
31709.000
31727.000
31746.000
31764.000
31782.000
31801.000
31819.000
31838.000
31856.000
31875.000
31893.000
31911.000
31930.000
31948.000
31967.000
31985.000
32004.000
32022.000
32040.000
32059.000
32077.000
32096.000
32114.000
32133.000
32151.000
32169.000
32188.000
32206.000
32225.000
32243.000
32262.000
32280.000
32299.000
32317.000
32335.000
32354.000
32372.000
32391.000
32409.000
32428.000
32446.000
32464.000
32483.000
32501.000
32520.000
32538.000
32557.000
32575.000
32593.000
32612.000
32630.000
32649.000
32667.000
32686.000
32704.000
32722.000
32741.000
32759.000
32778.000
32796.000
32815.000
32833.000
32851.000
32870.000
32888.000
32907.000
32925.000
32944.000
32962.000
32980.000
32999.000
33017.000
33036.000
33054.000
33073.000
33091.000
33110.000
33128.000
33146.000
33165.000
33183.000
33202.000
33220.000
33239.000
33257.000
33275.000
33294.000
33312.000
33331.000
33349.000
33368.000
33386.000
33404.000
33423.000
33441.000
33460.000
33478.000
33497.000
33516.000
33534.000
33553.000
33571.000
33590.000
33608.000
33627.000
33645.000
33664.000
33682.000
33700.000
33719.000
33737.000
33756.000
33774.000
33793.000
33811.000
33829.000
33848.000
33866.000
33885.000
33903.000
33922.000
33940.000
33958.000
33977.000
33995.000
34014.000
34032.000
34051.000
34069.000
34087.000
34106.000
34124.000
34143.000
34161.000
34180.000
34198.000
34216.000
34235.000
34253.000
34272.000
34290.000
34309.000
34327.000
34345.000
34364.000
34382.000
34401.000
34419.000
34438.000
34456.000
34475.000
34493.000
34511.000
34530.000
34548.000
34567.000
34585.000
34604.000
34622.000
34640.000
34659.000
34677.000
34696.000
34714.000
34733.000
34751.000
34769.000
34788.000
34806.000
34825.000
34843.000
34862.000
34880.000
34898.000
34917.000
34935.000
34954.000
34972.000
34991.000
35009.000
35027.000
35046.000
35064.000
35083.000
35101.000
35120.000
35138.000
35156.000
35175.000
35193.000
35212.000
35230.000
35249.000
35267.000
35286.000
35304.000
35322.000
35341.000
35359.000
35379.000
35397.000
35416.000
35434.000
35452.000
35471.000
35489.000
35508.000
35526.000
35545.000
35563.000
35581.000
35600.000
35618.000
35637.000
35655.000
35674.000
35692.000
35710.000
35729.000
35747.000
35766.000
35784.000
35803.000
35821.000
35840.000
35858.000
35876.000
35895.000
35913.000
35932.000
35950.000
35969.000
35987.000
36005.000
36024.000
36042.000
36061.000
36079.000
36098.000
36116.000
36134.000
36153.000
36171.000
36190.000
36208.000
36227.000
36245.000
36263.000
36282.000
36300.000
36319.000
36337.000
36356.000
36374.000
36392.000
36411.000
36429.000
36448.000
36466.000
36485.000
36503.000
36521.000
36540.000
36558.000
36578.000
36596.000
36615.000
36633.000
36652.000
36670.000
36688.000
36707.000
36725.000
36744.000
36762.000
36781.000
36799.000
36817.000
36836.000
36854.000
36873.000
36891.000
36910.000
36928.000
36946.000
36965.000
36983.000
37002.000
37020.000
37039.000
37057.000
37075.000
37094.000
37112.000
37131.000
37149.000
37168.000
37186.000
37204.000
37223.000
37241.000
37260.000
37278.000
37297.000
37315.000
37334.000
37352.000
