8.116
9.252
9.953
10.427
10.732
10.923
11.078
11.162
11.238
11.282
11.329
11.349
11.389
11.391
11.419
11.408
11.409
11.402
11.435
11.425
11.456
11.448
11.470
11.463
11.477
11.466
11.482
11.472
11.486
11.482
11.472
11.454
11.457
11.460
11.470
11.452
11.467
11.469
11.466
11.452
11.470
11.450
11.425
11.437
11.405
11.410
11.402
11.421
11.427
11.430
11.411
11.425
11.426
11.433
11.416
11.425
11.410
11.419
11.417
11.423
11.412
11.433
11.419
11.430
11.422
11.440
11.429
11.456
11.432
11.442
11.430
11.457
11.438
11.444
11.429
11.437
11.427
11.436
11.423
11.441
11.427
11.439
11.436
11.448
11.429
11.445
11.451
11.453
11.424
11.423
11.433
11.438
11.433
11.456
11.456
11.470
11.455
11.482
11.475
11.475
11.445
11.475
11.459
11.461
11.457
11.478
11.472
11.459
11.448
11.475
11.461
11.465
11.455
11.426
11.424
11.404
11.409
11.394
11.399
11.384
11.409
11.388
11.395
11.381
11.401
11.388
11.395
11.376
11.392
11.374
11.399
11.386
11.394
11.386
11.410
11.402
11.413
11.399
11.417
11.423
11.431
11.420
11.423
11.419
11.425
11.408
11.412
11.412
11.425
11.410
11.427
11.412
11.420
11.401
11.418
11.408
11.412
11.404
11.436
11.426
11.432
11.421
11.442
11.422
11.441
11.435
11.441
11.424
11.445
11.438
11.443
11.434
11.454
11.439
11.436
11.415
11.430
11.449
11.462
11.444
11.445
11.441
11.440
11.432
11.453
11.443
11.447
11.437
11.451
11.444
11.451
11.439
11.479
11.478
11.437
11.440
11.426
11.422
11.405
11.415
11.398
11.410
11.397
11.418
11.397
11.410
11.410
11.435
11.404
11.417
11.405
11.431
11.417
11.426
11.414
11.438
11.414
11.418
11.400
11.420
11.412
11.436
11.434
11.438
11.425
11.432
11.426
11.435
11.407
11.416
11.423
11.433
11.408
11.433
11.430
11.446
11.430
11.444
11.429
11.418
11.406
11.432
11.426
11.438
11.411
11.438
11.425
11.426
11.422
11.443
11.436
11.434
11.425
11.421
11.402
11.416
11.409
11.415
11.393
11.407
11.403
11.416
11.404
11.412
11.428
11.431
11.412
11.428
11.418
11.421
11.408
11.420
11.415
11.427
11.415
11.425
11.418
11.392
11.398
11.399
11.406
11.378
11.377
11.371
11.381
11.377
11.371
11.372
11.382
11.374
11.386
11.369
11.382
11.367
11.391
11.376
11.389
11.380
11.411
11.398
11.397
11.369
11.390
11.375
11.389
11.369
11.392
11.377
11.390
11.391
11.408
11.393
11.399
11.395
11.392
11.365
11.385
11.393
11.415
11.400
11.428
11.434
11.438
11.433
11.451
11.439
11.444
11.429
11.429
11.416
11.420
11.401
11.415
11.398
11.405
11.396
11.431
11.411
11.417
11.410
11.424
11.410
11.416
11.401
11.412
11.399
11.422
11.405
11.429
11.416
11.431
11.441
11.443
11.426
11.432
11.448
11.450
11.441
11.454
11.447
11.444
11.435
11.444
11.429
11.445
11.441
11.448
11.435
11.439
11.431
11.454
11.439
11.431
11.420
11.450
11.436
11.404
11.404
11.379
11.381
11.366
11.369
11.363
11.380
11.382
11.401
11.388
11.395
11.379
11.405
11.391
11.394
11.389
11.420
11.396
11.406
11.389
11.407
11.395
11.405
11.396
11.412
11.404
11.417
11.410
11.411
11.392
11.425
11.432
11.439
11.428
11.423
11.404
11.417
11.402
11.418
11.400
11.423
11.414
11.424
11.428
11.442
11.422
11.462
11.447
11.450
11.439
11.463
11.450
11.458
11.449
11.465
11.454
11.471
11.461
11.463
11.445
11.462
11.468
11.478
11.461
11.462
11.455
11.466
11.439
11.447
11.453
11.462
11.452
11.464
11.457
11.467
11.451
11.463
11.445
11.462
11.460
11.475
11.448
11.459
11.456
11.472
11.454
11.455
11.455
11.429
11.432
11.410
11.416
11.401
11.418
11.402
11.413
11.410
11.416
11.401
11.423
11.409
11.413
11.402
11.434
11.411
11.425
11.408
11.425
11.424
11.431
11.417
11.418
11.414
11.443
11.420
11.434
11.416
11.434
11.449
11.440
11.418
11.435
11.434
11.449
11.440
11.448
11.421
11.424
11.425
11.446
11.433
11.440
11.437
11.464
11.441
11.443
11.431
11.465
11.449
11.446
11.430
11.446
11.436
11.456
11.440
11.461
11.449
11.454
11.455
11.463
11.453
11.462
11.461
11.462
11.439
11.450
11.454
11.463
11.453
11.446
11.441
11.451
11.437
11.443
11.423
11.436
11.420
11.439
11.415
11.417
11.399
11.433
11.426
11.435
11.434
11.449
11.424
11.429
11.418
11.422
11.405
11.421
11.413
11.429
11.407
11.419
11.423
11.430
11.411
11.419
11.439
11.447
11.420
11.436
11.413
11.423
11.401
11.410
11.389
11.409
11.399
11.422
11.413
11.413
11.431
11.447
11.458
11.441
11.443
11.442
11.441
11.424
11.439
11.434
11.459
11.448
11.448
11.440
11.442
11.436
11.466
11.447
11.447
11.431
11.444
11.426
11.422
11.403
11.427
11.406
11.413
11.408
11.417
11.410
11.421
11.427
11.444
11.431
11.452
11.440
11.445
11.427
11.444
11.437
11.443
11.423
11.425
11.416
11.431
11.420
11.428
11.410
11.424
11.409
11.437
11.416
11.415
11.387
11.421
11.400
11.409
11.402
11.413
11.404
11.412
11.396
11.398
11.386
11.388
11.393
11.404
11.385
11.393
11.409
11.415
11.393
11.404
11.404
11.414
11.411
11.408
11.385
11.401
11.383
11.389
11.380
11.381
11.369
11.403
11.376
11.376
11.373
11.404
11.382
11.380
11.368
11.381
11.363
11.375
11.362
11.377
11.393
11.385
11.401
11.399
11.400
11.396
11.422
11.408
11.409
11.402
11.432
11.412
11.428
11.415
11.412
11.401
11.410
11.397
11.409
11.407
11.414
11.432
11.432
11.409
11.426
11.438
11.457
11.449
11.454
11.441
11.441
11.427
11.436
11.423
11.433
11.416
11.428
11.418
11.424
11.410
11.435
11.409
11.410
11.391
11.411
11.392
11.401
11.385
11.393
11.388
11.406
11.402
11.416
11.404
11.414
11.427
11.431
11.403
11.422
11.419
11.428
11.415
11.419
11.412
11.420
11.412
11.417
11.397
11.401
11.394
11.407
11.398
11.407
11.387
11.419
11.409
11.420
11.396
11.409
11.391
11.408
11.398
11.408
11.396
11.408
11.399
11.419
11.409
11.423
11.417
11.418
11.397
11.399
11.406
11.405
11.380
11.381
11.374
11.394
11.377
11.391
11.370
11.377
11.404
11.409
11.421
11.418
11.424
11.429
11.426
11.411
11.425
11.424
11.431
11.420
11.436
11.426
11.433
11.421
11.426
11.422
11.424
11.415
11.441
11.424
11.439
11.423
11.465
11.447
11.452
11.435
11.444
11.434
11.433
11.416
11.425
11.405
11.426
11.424
11.437
11.421
11.432
11.423
11.420
11.404
11.409
11.407
11.409
11.401
11.410
11.392
11.403
11.403
11.411
11.392
11.404
11.411
11.436
11.434
11.427
11.420
11.450
11.452
11.459
11.461
11.478
11.453
11.454
11.431
11.428
11.404
11.414
11.408
11.409
11.391
11.405
11.413
11.418
11.392
11.403
11.384
11.384
11.376
11.379
11.370
11.382
11.367
11.378
11.374
11.391
11.386
11.416
11.393
11.396
11.384
11.403
11.382
11.383
11.378
11.396
11.374
11.388
11.382
11.396
11.387
11.392
11.379
11.383
11.395
11.386
11.418
11.411
11.406
11.397
11.423
11.406
11.424
11.415
11.419
11.406
11.411
11.389
11.393
11.380
11.403
11.406
11.424
11.404
11.409
11.421
11.442
11.433
11.437
11.435
11.442
11.427
11.436
11.434
11.446
11.425
11.435
11.414
11.416
11.407
11.449
11.424
11.431
11.423
11.444
11.423
11.433
11.411
11.416
11.404
11.412
11.398
11.416
11.399
11.408
11.404
11.417
11.402
11.424
11.431
11.439
11.425
11.440
11.429
11.435
11.414
11.416
11.404
11.415
11.403
11.411
11.390
11.402
11.397
11.425
11.405
11.413
11.391
11.413
11.394
11.402
11.389
11.388
11.373
11.385
11.374
11.385
11.366
11.375
11.375
11.375
11.354
11.368
11.417
11.407
11.422
11.419
11.438
11.430
11.441
11.448
11.472
11.452
11.458
11.455
11.456
11.448
11.456
11.461
11.452
11.435
11.441
11.443
11.455
11.442
11.457
11.430
11.441
11.427
11.444
11.437
11.435
11.414
11.443
11.445
11.451
11.426
11.448
11.446
11.446
11.428
11.436
11.416
11.420
11.409
11.421
11.410
11.424
11.420
11.439
11.434
11.435
11.444
11.453
11.430
11.449
11.438
11.438
11.425
11.434
11.414
11.430
11.422
11.435
11.420
11.428
11.410
11.435
11.409
11.426
11.403
11.438
11.422
11.435
11.412
11.423
11.406
11.408
11.395
11.406
11.397
11.423
11.409
11.415
11.398
11.405
11.404
11.415
11.403
11.408
11.401
11.407
11.384
11.395
11.379
11.375
11.362
11.374
11.361
11.374
11.363
11.394
11.381
11.390
11.418
11.432
11.445
11.430
11.438
11.435
11.444
11.443
11.439
11.431
11.447
11.442
11.454
11.444
11.453
11.435
11.458
11.441
11.438
11.427
11.452
11.437
11.446
11.433
11.451
11.434
11.441
11.427
11.444
11.415
11.422
11.443
11.463
11.448
11.456
11.462
11.455
11.431
11.439
11.415
11.419
11.412
11.420
11.404
11.420
11.415
11.435
11.426
11.432
11.426
11.462
11.434
11.432
11.429
11.445
11.430
11.441
11.435
11.441
11.416
11.431
11.423
11.433
11.424
11.436
11.440
11.437
11.427
11.438
11.441
11.443
11.426
11.435
11.428
11.437
11.421
11.421
11.397
11.409
11.394
11.426
11.414
11.416
11.407
11.430
11.411
11.419
11.412
11.431
11.414
11.419
11.401
11.401
11.415
11.417
11.432
11.426
11.435
11.441
11.470
11.453
11.446
11.436
11.455
11.450
11.460
11.440
11.440
11.434
11.444
11.431
11.439
11.434
11.440
11.443
11.455
11.437
11.451
11.455
11.461
11.444
11.450
11.444
11.456
11.443
11.444
11.429
11.440
11.424
11.442
11.419
11.425
11.416
11.450
11.438
11.454
11.436
11.461
11.454
11.455
11.439
11.437
11.421
11.437
11.419
11.433
11.418
11.433
11.421
11.418
11.392
11.417
11.423
11.428
11.393
11.412
11.407
11.427
11.409
11.421
11.410
11.432
11.413
11.439
11.423
11.420
11.390
11.418
11.400
11.406
11.395
11.419
11.398
11.397
11.382
11.388
11.382
11.396
11.385
11.390
11.389
11.398
11.397
11.409
11.391
11.414
11.421
11.424
11.412
11.425
11.416
11.426
11.405
11.415
11.398
11.402
11.375
11.389
11.434
11.427
11.457
11.460
11.464
11.451
11.453
11.470
11.474
11.461
11.473
11.449
11.452
11.440
11.455
11.442
11.460
11.451
11.461
11.449
11.454
11.447
11.476
11.460
11.462
11.447
11.463
11.445
11.459
11.450
11.466
11.458
11.492
11.471
11.485
11.474
11.480
11.483
11.481
11.457
11.473
11.479
11.470
11.450
11.465
11.452
11.461
11.438
11.449
11.435
11.447
11.439
11.461
11.451
11.458
11.442
11.473
11.455
11.463
11.448
11.464
11.459
11.469
11.457
11.468
11.448
11.454
11.436
11.439
11.423
11.430
11.438
11.438
11.422
11.438
11.446
11.444
11.434
11.449
11.435
11.439
11.434
11.449
11.438
11.446
11.422
11.443
11.434
11.433
11.426
11.449
11.432
11.432
11.412
11.423
11.409
11.415
11.395
11.408
11.385
11.401
11.394
11.404
11.396
11.409
11.415
11.425
11.405
11.404
11.398
11.411
11.403
11.408
11.399
11.405
11.380
11.400
11.415
11.411
11.414
11.424
11.426
11.416
11.436
11.445
11.451
11.434
11.441
11.438
11.443
11.431
11.450
11.446
11.460
11.451
11.455
11.434
11.441
11.435
11.463
11.453
11.454
11.444
11.469
11.460
11.456
11.440
11.445
11.430
11.433
11.432
11.450
11.447
11.458
11.452
11.456
11.437
11.446
11.454
11.452
11.440
11.451
11.447
11.461
11.443
11.450
11.433
11.435
11.431
11.441
11.438
11.454
11.439
11.466
11.444
11.448
11.440
11.464
11.451
11.445
11.432
11.450
11.439
11.444
11.429
11.435
11.425
11.443
11.433
11.446
11.425
11.440
11.445
11.440
11.424
11.439
11.439
11.433
11.416
11.426
11.419
11.422
11.414
11.427
11.422
11.433
11.421
11.445
11.440
11.443
11.428
11.463
11.440
11.437
11.427
11.436
11.415
11.430
11.419
11.431
11.422
11.441
11.445
11.454
11.431
11.436
11.429
11.437
11.416
11.428
11.418
11.424
11.412
11.420
11.404
11.407
11.405
11.410
11.405
11.415
11.398
11.424
11.412
11.425
11.416
11.450
11.425
11.432
11.407
11.416
11.396
11.404
11.398
11.408
11.393
11.398
11.421
11.432
11.442
11.436
11.469
11.468
11.478
11.466
11.477
11.471
11.469
11.455
11.463
11.445
11.459
11.480
11.489
11.477
11.487
11.488
11.492
11.474
11.482
11.488
11.511
11.492
11.497
11.477
11.479
11.464
11.478
11.474
11.482
11.472
11.484
11.457
11.462
11.444
11.478
11.469
11.462
11.458
11.484
11.460
11.467
11.445
11.462
11.444
11.451
11.434
11.443
11.426
11.440
11.443
11.460
11.443
11.455
11.458
11.463
11.442
11.455
11.431
11.436
11.423
11.441
11.419
11.433
11.416
11.436
11.410
11.411
11.408
11.434
11.422
11.435
11.420
11.439
11.425
11.435
11.414
11.411
11.398
11.413
11.404
11.417
11.402
11.413
11.418
11.424
11.413
11.423
11.422
11.422
11.397
11.404
11.380
11.387
11.378
11.388
11.414
11.408
11.415
11.425
11.434
11.427
11.439
11.455
11.458
11.436
11.437
11.429
11.435
11.423
11.422
11.406
11.421
11.407
11.428
11.417
11.437
11.424
11.445
11.424
11.429
11.410
11.448
11.429
11.448
11.437
11.454
11.455
11.463
11.451
11.455
11.439
11.458
11.444
11.451
11.428
11.445
11.438
11.459
11.442
11.457
11.463
11.469
11.465
11.473
11.455
11.466
11.458
11.463
11.440
11.450
11.436
11.466
11.450
11.449
11.438
11.462
11.445
11.448
11.440
11.440
11.437
11.437
11.422
11.429
11.416
11.428
11.431
11.452
11.435
11.455
11.455
11.467
11.450
11.449
11.449
11.440
11.440
11.456
11.443
11.460
11.443
11.447
11.431
11.444
11.426
11.446
11.444
11.450
11.425
11.459
11.434
11.441
11.432
11.431
11.412
11.428
11.421
11.431
11.409
11.432
11.442
11.454
11.428
11.437
11.445
11.446
11.436
11.439
11.461
11.462
11.479
11.472
11.462
11.453
11.465
11.457
11.476
11.459
11.466
11.477
11.479
11.464
11.473
11.505
11.509
11.488
11.492
11.492
11.498
11.485
11.504
11.487
11.497
11.493
11.506
11.502
11.499
11.481
11.511
11.479
11.494
11.474
11.480
11.459
11.477
11.466
11.482
11.456
11.459
11.453
11.475
11.454
11.471
11.488
11.511
11.492
11.500
11.503
11.511
11.489
11.498
11.480
11.476
11.454
11.452
11.440
11.450
11.436
11.450
11.428
11.431
11.434
11.457
11.443
11.461
11.443
11.466
11.450
11.447
11.441
11.454
11.439
11.449
11.444
11.464
11.437
11.459
11.458
11.463
11.443
11.452
11.464
11.465
11.438
11.438
11.422
11.438
11.438
11.444
11.423
11.441
11.425
11.442
11.425
11.448
11.440
11.458
11.439
11.444
11.432
11.447
11.447
11.448
11.434
11.454
11.442
11.446
11.444
11.461
11.444
11.448
11.448
11.453
11.422
11.427
11.433
11.440
11.421
11.437
11.432
11.448
11.440
11.434
11.414
11.419
11.433
11.435
11.447
11.433
11.435
11.447
11.450
11.447
11.463
11.461
11.452
11.448
11.469
11.447
11.460
11.457
11.473
11.460
11.470
11.466
11.490
11.480
11.476
11.462
11.484
11.463
11.466
11.447
11.450
11.439
11.452
11.437
11.449
11.448
11.456
11.462
11.457
11.433
11.446
11.427
11.428
11.407
11.414
11.411
11.416
11.396
11.409
11.396
11.412
11.396
11.414
11.397
11.399
11.392
11.417
11.404
11.404
11.396
11.430
11.414
11.416
11.412
11.428
11.404
11.407
11.395
11.384
11.365
11.376
11.374
11.385
11.374
11.388
11.411
11.414
11.384
11.390
11.380
11.387
11.367
11.394
11.370
11.380
11.373
11.385
11.371
11.381
11.358
11.385
11.401
11.404
11.420
11.426
11.419
11.403
11.411
11.411
11.422
11.414
11.416
11.409
11.413
11.404
11.428
11.412
11.410
11.402
11.440
11.434
11.428
11.423
11.444
11.431
11.447
11.431
11.447
11.436
11.445
11.430
11.432
11.415
11.420
11.423
11.436
11.412
11.426
11.430
11.438
11.427
11.441
11.427
