2529.000
1264.625
1264.625
842.958
842.958
632.844
632.844
506.275
506.275
421.021
421.021
362.750
362.750
316.656
316.656
281.097
281.097
253.237
253.237
230.841
230.841
210.854
210.854
194.260
180.634
180.634
168.842
157.289
148.412
140.417
140.417
133.026
125.750
125.750
0.544
0.544
0.544
0.319
0.319
0.200
0.119
0.119
0.119
0.119
0.100
0.100
0.100
0.069
0.069
0.069
0.069
0.069
0.069
0.194
0.194
0.194
0.194
0.194
0.194
0.194
0.194
0.194
0.194
0.319
0.194
0.194
0.319
0.319
0.569
0.569
0.569
0.569
0.569
0.569
0.569
0.569
