657.565
694.644
682.284
647.082
601.870
554.046
506.568
461.474
419.826
382.029
347.794
317.087
289.797
265.606
243.942
224.836
207.952
192.967
179.524
143.607
114.994
91.920
73.560
58.847
47.027
37.642
29.994
24.035
19.292
15.197
12.172
9.726
7.670
6.125
4.788
3.795
3.149
2.483
2.000
1.414
1.120
0.860
0.577
0.325
0.174
0.153
0.136
0.023
0.032
0.064
0.115
0.006
-0.131
-0.066
0.036
-0.033
-0.137
-0.171
-0.098
0.035
0.342
0.388
0.149
0.608
0.375
0.164
0.245
0.160
0.292
0.372
0.186
0.363
0.354
0.522
0.207
-0.096
