41.716
41.762
41.785
41.764
41.764
41.765
41.743
41.766
41.766
41.722
41.756
41.789
41.767
41.767
41.790
41.779
41.756
41.756
41.756
41.801
41.790
41.790
41.779
41.757
41.802
41.769
41.769
41.801
41.802
41.768
41.768
41.802
41.812
41.779
41.769
41.769
41.802
41.790
41.790
41.790
41.757
41.824
41.802
41.802
41.757
41.812
41.802
41.802
41.812
41.835
41.802
41.802
41.802
41.778
41.801
41.801
41.801
41.801
41.845
41.790
41.790
41.834
41.790
41.811
41.811
41.790
41.824
41.802
41.824
41.824
41.802
41.802
41.790
41.790
41.823
41.856
41.824
41.824
41.846
41.857
41.812
41.812
41.857
41.812
41.835
41.824
41.824
41.835
41.879
41.846
41.846
41.802
41.812
41.846
41.846
41.846
41.846
41.846
41.846
41.846
41.824
41.891
41.857
41.857
41.846
41.868
41.846
41.846
41.891
41.935
41.891
41.891
41.924
41.879
41.857
41.891
41.891
41.891
41.891
41.891
41.891
41.924
41.924
41.924
41.924
41.857
41.901
41.924
41.924
41.924
41.879
41.924
41.924
41.924
41.936
41.946
41.924
41.924
41.912
41.957
41.924
41.924
41.935
41.912
41.935
41.935
41.912
41.912
41.924
41.924
41.924
41.924
41.946
41.912
41.912
41.935
41.936
41.935
41.935
41.891
41.925
41.912
41.912
41.891
41.912
41.924
41.912
41.912
41.924
41.924
41.912
41.912
41.924
41.902
41.901
41.901
41.891
41.924
41.901
41.901
41.901
41.891
41.912
41.901
41.901
41.935
41.892
41.924
41.924
41.935
41.857
41.891
41.891
41.924
41.946
41.912
41.901
41.901
41.901
41.901
41.891
41.891
41.901
41.901
41.891
41.891
41.912
41.868
41.901
41.901
41.912
41.946
41.901
41.891
41.891
41.879
41.913
41.891
41.891
41.912
41.880
41.891
41.891
41.901
41.891
41.902
41.913
41.912
41.857
41.913
41.880
41.880
41.902
41.913
41.879
41.879
41.901
41.902
41.925
41.925
41.913
41.902
41.902
41.880
41.880
41.912
41.892
41.902
41.902
41.925
41.935
41.924
41.924
41.901
41.902
41.924
41.924
41.936
41.936
41.936
41.925
41.925
41.902
41.892
41.912
41.912
41.912
41.892
41.936
41.936
41.935
41.968
41.902
41.902
41.902
41.936
41.925
41.913
41.913
41.936
41.936
41.892
41.892
41.936
41.902
41.936
41.936
41.912
41.946
41.913
41.935
41.935
41.924
41.935
41.925
41.925
41.935
41.969
41.969
41.969
41.912
41.958
41.925
41.925
41.968
41.991
41.958
41.936
41.936
41.946
41.958
41.968
41.968
41.946
41.912
41.936
41.936
41.936
41.936
41.946
41.946
41.946
41.946
41.979
41.969
41.969
41.946
42.014
41.979
41.979
42.023
41.990
41.979
41.979
41.990
41.991
42.013
42.023
42.023
42.035
41.991
42.001
42.001
41.979
42.002
42.014
42.014
41.990
42.024
42.014
42.013
42.013
41.990
41.990
42.013
42.013
42.013
42.058
42.023
42.023
42.046
42.035
42.046
42.046
42.034
42.047
42.079
42.034
42.034
42.046
42.023
42.090
42.090
42.102
42.079
42.112
42.112
42.102
42.123
42.112
42.112
42.123
42.135
42.157
42.169
42.169
42.168
42.179
42.180
42.180
42.180
42.190
42.156
42.156
42.189
42.189
42.189
42.201
42.201
42.189
42.201
42.223
42.223
42.212
42.212
42.212
42.212
42.268
42.190
42.223
42.223
42.234
42.279
42.234
42.234
42.234
42.290
42.268
42.257
42.257
42.245
42.268
42.290
42.290
42.268
42.290
42.268
42.290
42.290
42.279
42.257
42.257
42.257
42.212
42.290
42.278
42.278
42.245
42.290
42.257
42.257
42.290
42.257
42.290
42.245
42.245
42.278
42.290
42.245
42.245
42.234
42.223
42.257
42.257
42.257
42.245
42.257
42.234
42.234
42.223
42.212
42.234
42.234
42.212
42.257
42.201
42.201
42.245
42.223
42.212
42.212
42.179
42.168
42.189
42.179
42.179
42.156
42.189
42.156
42.156
42.102
42.123
42.156
42.156
42.135
42.113
42.123
42.112
42.112
42.102
42.102
42.079
42.079
42.089
42.079
42.057
42.057
42.112
42.090
42.034
42.034
42.057
42.046
42.034
42.034
42.034
42.013
42.057
42.013
42.013
42.001
42.001
42.013
42.013
42.013
42.023
41.979
42.013
42.013
42.013
41.990
41.968
41.968
41.990
42.001
41.968
41.968
41.924
41.935
41.968
41.968
41.957
41.957
41.924
41.946
41.946
41.912
41.946
41.912
41.912
41.912
41.879
41.901
41.901
41.924
41.891
41.912
41.879
41.879
41.912
41.924
41.911
41.911
41.891
41.901
41.912
41.912
41.868
41.879
41.857
41.857
41.901
41.901
41.879
41.891
41.891
41.879
41.846
41.891
41.891
41.879
