45.434
45.441
45.426
45.426
45.441
45.418
45.426
45.441
45.411
45.434
45.434
45.441
45.434
45.426
45.426
45.426
45.434
45.434
45.441
45.449
45.426
45.426
45.418
45.418
45.426
45.434
45.418
45.434
45.434
45.441
45.434
45.418
45.449
45.449
45.418
45.441
45.434
45.434
45.434
45.441
45.434
45.441
45.418
45.434
45.426
45.426
45.441
45.426
45.418
45.426
45.434
45.426
45.434
45.418
45.434
45.426
45.426
45.434
45.418
45.418
45.418
45.418
45.434
45.434
45.418
45.434
45.434
45.434
45.411
45.441
45.418
45.434
45.434
45.434
45.426
45.418
