16.417
16.417
16.407
16.417
16.428
16.407
16.428
16.417
16.417
16.417
16.417
16.428
16.417
16.396
16.407
16.407
16.417
16.417
16.428
16.417
16.407
16.417
16.417
16.417
16.396
16.417
16.417
16.417
16.450
16.428
16.417
16.428
16.417
16.428
16.428
16.417
16.417
16.428
16.428
16.417
16.396
16.417
16.417
16.396
16.428
16.407
16.417
16.428
16.428
16.417
16.417
16.417
16.428
16.417
16.417
16.417
16.417
16.439
16.407
16.428
16.417
16.417
16.439
16.428
16.396
16.428
16.417
16.428
16.428
16.417
16.428
16.428
16.428
16.417
16.428
16.417
